CP065317.1_1000            0.168  43  0.320  33  0.782  26  0.656   0.451 Y  0.450      SignalP-TM
CP065317.1_1003            0.142  25  0.299  14  0.920   9  0.887   0.575 Y  0.570      SignalP-noTM
CP065317.1_1010            0.319  30  0.488  30  0.950  21  0.797   0.633 Y  0.570      SignalP-noTM
CP065317.1_1010            0.370  30  0.564  30  0.928  16  0.796   0.654 Y  0.450      SignalP-TM
CP065317.1_1011            0.473  39  0.509  39  0.892   5  0.731   0.596 Y  0.450      SignalP-TM
CP065317.1_1039            0.706  28  0.663  28  0.775  24  0.594   0.636 Y  0.450      SignalP-TM
CP065317.1_1040            0.139  24  0.333  24  0.878  15  0.799   0.515 Y  0.450      SignalP-TM
CP065317.1_1040            0.206  24  0.398  24  0.891  19  0.800   0.587 Y  0.570      SignalP-noTM
CP065317.1_1043            0.237  31  0.370  31  0.694  27  0.610   0.464 Y  0.450      SignalP-TM
CP065317.1_1043            0.706  31  0.593  31  0.852  18  0.683   0.635 Y  0.570      SignalP-noTM
CP065317.1_1044            0.544  25  0.655  25  0.951  18  0.826   0.735 Y  0.570      SignalP-noTM
CP065317.1_1044            0.609  25  0.711  25  0.922  19  0.731   0.719 Y  0.450      SignalP-TM
CP065317.1_1045            0.774  25  0.749  25  0.830  18  0.699   0.729 Y  0.450      SignalP-TM
CP065317.1_1045            0.805  25  0.826  25  0.975  18  0.842   0.834 Y  0.570      SignalP-noTM
CP065317.1_1046            0.725  23  0.739  23  0.868  16  0.725   0.734 Y  0.450      SignalP-TM
CP065317.1_1047            0.240  25  0.414  20  0.908  16  0.807   0.599 Y  0.570      SignalP-noTM
CP065317.1_1047            0.391  25  0.566  25  0.901  18  0.808   0.660 Y  0.450      SignalP-TM
CP065317.1_1062            0.535  34  0.591  34  0.871   3  0.704   0.635 Y  0.450      SignalP-TM
CP065317.1_1063            0.658  27  0.776  27  0.970  19  0.931   0.849 Y  0.570      SignalP-noTM
CP065317.1_1063            0.661  27  0.780  27  0.955  22  0.886   0.822 Y  0.450      SignalP-TM
CP065317.1_1064            0.442  24  0.655  24  0.985  16  0.958   0.797 Y  0.570      SignalP-noTM
CP065317.1_1064            0.606  28  0.761  24  0.977  17  0.924   0.824 Y  0.450      SignalP-TM
CP065317.1_1066            0.169  27  0.346  27  0.917   8  0.791   0.520 Y  0.450      SignalP-TM
CP065317.1_1066            0.352  19  0.541  19  0.917   1  0.857   0.690 Y  0.570      SignalP-noTM
CP065317.1_1095            0.323  22  0.551  22  0.964  17  0.934   0.700 Y  0.450      SignalP-TM
CP065317.1_1095            0.543  22  0.663  22  0.893   1  0.792   0.723 Y  0.570      SignalP-noTM
CP065317.1_112             0.513  48  0.620  48  0.897  40  0.621   0.620 Y  0.450      SignalP-TM
CP065317.1_1122            0.575  26  0.729  23  0.971  18  0.941   0.829 Y  0.570      SignalP-noTM
CP065317.1_1122            0.627  26  0.691  26  0.932   9  0.807   0.736 Y  0.450      SignalP-TM
CP065317.1_1130            0.227  30  0.401  30  0.961  17  0.838   0.572 Y  0.450      SignalP-TM
CP065317.1_1130            0.798  20  0.869  20  0.965   3  0.952   0.908 Y  0.570      SignalP-noTM
CP065317.1_1143            0.178  28  0.356  24  0.947  17  0.862   0.594 Y  0.570      SignalP-noTM
CP065317.1_1143            0.265  30  0.467  30  0.972  15  0.864   0.622 Y  0.450      SignalP-TM
CP065317.1_1149            0.761  28  0.782  28  0.970  10  0.881   0.828 Y  0.570      SignalP-noTM
CP065317.1_1149            0.845  28  0.852  28  0.982  10  0.906   0.873 Y  0.450      SignalP-TM
CP065317.1_1152            0.458  32  0.531  32  0.833  28  0.479   0.511 Y  0.450      SignalP-TM
CP065317.1_1161            0.250  30  0.414  30  0.864  27  0.662   0.511 Y  0.450      SignalP-TM
CP065317.1_1162            0.206  43  0.398  23  0.947  17  0.908   0.638 Y  0.570      SignalP-noTM
CP065317.1_1162            0.240  36  0.396  31  0.856  23  0.769   0.542 Y  0.450      SignalP-TM
CP065317.1_1163            0.208  29  0.416  23  0.968  21  0.910   0.648 Y  0.570      SignalP-noTM
CP065317.1_1163            0.319  45  0.404  31  0.881  23  0.765   0.545 Y  0.450      SignalP-TM
CP065317.1_1164            0.335  25  0.499  25  0.967  19  0.831   0.655 Y  0.570      SignalP-noTM
CP065317.1_1164            0.454  25  0.610  25  0.893  16  0.825   0.694 Y  0.450      SignalP-TM
CP065317.1_1168            0.272  27  0.417  19  0.923  16  0.804   0.599 Y  0.570      SignalP-noTM
CP065317.1_1168            0.528  27  0.641  27  0.926  18  0.778   0.695 Y  0.450      SignalP-TM
CP065317.1_1169            0.160  24  0.391  24  0.988  19  0.962   0.659 Y  0.570      SignalP-noTM
CP065317.1_1169            0.409  32  0.586  32  0.985  16  0.915   0.715 Y  0.450      SignalP-TM
CP065317.1_1171            0.167  57  0.285  11  0.883   6  0.823   0.495 Y  0.450      SignalP-TM
CP065317.1_1183            0.183  22  0.408  22  0.943  19  0.916   0.647 Y  0.570      SignalP-noTM
CP065317.1_1183            0.294  35  0.358  35  0.888  20  0.682   0.484 Y  0.450      SignalP-TM
CP065317.1_122             0.326  27  0.478  27  0.870  11  0.748   0.583 Y  0.450      SignalP-TM
CP065317.1_1220            0.401  32  0.597  32  0.965  18  0.885   0.732 Y  0.570      SignalP-noTM
CP065317.1_1220            0.521  39  0.541  39  0.860  26  0.653   0.585 Y  0.450      SignalP-TM
CP065317.1_1242            0.287  28  0.506  28  0.974  17  0.912   0.664 Y  0.450      SignalP-TM
CP065317.1_1242            0.358  28  0.522  28  0.979  16  0.864   0.683 Y  0.570      SignalP-noTM
CP065317.1_1243            0.699  28  0.807  28  0.977  17  0.936   0.857 Y  0.450      SignalP-TM
CP065317.1_1243            0.721  28  0.770  28  0.986  12  0.894   0.828 Y  0.570      SignalP-noTM
CP065317.1_1269            0.222  28  0.391  21  0.906  16  0.780   0.574 Y  0.570      SignalP-noTM
CP065317.1_1270            0.422  26  0.509  26  0.694  23  0.515   0.512 Y  0.510      SignalP-TM
CP065317.1_1270            0.470  26  0.529  26  0.819  22  0.494   0.515 Y  0.450      SignalP-TM
CP065317.1_1271            0.451  28  0.629  28  0.974  10  0.917   0.741 Y  0.450      SignalP-TM
CP065317.1_1271            0.642  28  0.769  28  0.987  14  0.945   0.852 Y  0.570      SignalP-noTM
CP065317.1_1272            0.705  25  0.780  25  0.936  17  0.863   0.813 Y  0.450      SignalP-TM
CP065317.1_1272            0.825  25  0.852  25  0.970  15  0.897   0.873 Y  0.570      SignalP-noTM
CP065317.1_1273            0.789  26  0.729  26  0.922  19  0.726   0.728 Y  0.570      SignalP-noTM
CP065317.1_1273            0.797  26  0.799  26  0.950  19  0.773   0.789 Y  0.450      SignalP-TM
CP065317.1_1274            0.256  27  0.431  25  0.910  17  0.839   0.590 Y  0.450      SignalP-TM
CP065317.1_1274            0.330  20  0.553  20  0.948  17  0.920   0.725 Y  0.570      SignalP-noTM
CP065317.1_1275            0.386  26  0.593  26  0.965   9  0.922   0.722 Y  0.450      SignalP-TM
CP065317.1_1275            0.579  26  0.709  26  0.967  11  0.908   0.802 Y  0.570      SignalP-noTM
CP065317.1_1282            0.316  19  0.516  19  0.929   3  0.866   0.681 Y  0.570      SignalP-noTM
CP065317.1_1282            0.566  27  0.621  27  0.866  18  0.692   0.649 Y  0.450      SignalP-TM
CP065317.1_1290            0.196  31  0.370  22  0.904  17  0.848   0.556 Y  0.450      SignalP-TM
CP065317.1_1290            0.210  22  0.432  22  0.953   1  0.908   0.656 Y  0.570      SignalP-noTM
CP065317.1_1304            0.271  26  0.479  18  0.930   1  0.909   0.681 Y  0.570      SignalP-noTM
CP065317.1_1304            0.400  30  0.461  30  0.917  12  0.711   0.558 Y  0.450      SignalP-TM
CP065317.1_1313            0.398  30  0.604  21  0.973   9  0.937   0.761 Y  0.570      SignalP-noTM
CP065317.1_1313            0.401  30  0.474  30  0.896   4  0.724   0.571 Y  0.450      SignalP-TM
CP065317.1_1315            0.253  30  0.472  30  0.960  20  0.905   0.675 Y  0.570      SignalP-noTM
CP065317.1_1315            0.322  30  0.529  30  0.949  27  0.813   0.640 Y  0.450      SignalP-TM
CP065317.1_1316            0.219  23  0.446  23  0.946  18  0.891   0.655 Y  0.570      SignalP-noTM
CP065317.1_1316            0.230  31  0.440  31  0.902  24  0.787   0.575 Y  0.450      SignalP-TM
CP065317.1_1317            0.207  31  0.398  31  0.862  23  0.729   0.527 Y  0.450      SignalP-TM
CP065317.1_1317            0.208  29  0.416  23  0.966  21  0.903   0.645 Y  0.570      SignalP-noTM
CP065317.1_1318            0.268  20  0.497  20  0.970  19  0.923   0.697 Y  0.570      SignalP-noTM
CP065317.1_1318            0.482  25  0.638  25  0.915   9  0.867   0.728 Y  0.450      SignalP-TM
CP065317.1_1320            0.272  30  0.453  28  0.981  16  0.876   0.618 Y  0.450      SignalP-TM
CP065317.1_1320            0.346  20  0.579  20  0.978  11  0.964   0.760 Y  0.570      SignalP-noTM
CP065317.1_1321            0.366  22  0.574  22  0.948   5  0.906   0.730 Y  0.570      SignalP-noTM
CP065317.1_1321            0.396  38  0.455  28  0.962  19  0.871   0.617 Y  0.450      SignalP-TM
CP065317.1_1387            0.421  41  0.555  41  0.856  38  0.745   0.629 Y  0.450      SignalP-TM
CP065317.1_1387            0.444  41  0.555  41  0.900  15  0.693   0.619 Y  0.570      SignalP-noTM
CP065317.1_1393            0.312  32  0.409  32  0.951  16  0.725   0.532 Y  0.450      SignalP-TM
CP065317.1_1446            0.265  32  0.446  26  0.848  20  0.719   0.553 Y  0.450      SignalP-TM
CP065317.1_1446            0.299  23  0.532  23  0.961  14  0.939   0.723 Y  0.570      SignalP-noTM
CP065317.1_1451            0.595  33  0.679  33  0.987  18  0.872   0.769 Y  0.570      SignalP-noTM
CP065317.1_1451            0.772  33  0.812  33  0.960  12  0.886   0.841 Y  0.450      SignalP-TM
CP065317.1_1454            0.331  32  0.477  32  0.898  17  0.786   0.598 Y  0.450      SignalP-TM
CP065317.1_1454            0.468  22  0.658  22  0.938  17  0.919   0.780 Y  0.570      SignalP-noTM
CP065317.1_1462            0.487  33  0.599  33  0.887  17  0.778   0.669 Y  0.450      SignalP-TM
CP065317.1_1462            0.546  33  0.578  33  0.934  23  0.757   0.662 Y  0.570      SignalP-noTM
CP065317.1_1466            0.317  31  0.449  31  0.731  18  0.664   0.533 Y  0.450      SignalP-TM
CP065317.1_1476            0.699  33  0.582  33  0.722  29  0.418   0.521 Y  0.510      SignalP-TM
CP065317.1_1480            0.393  25  0.580  25  0.914  16  0.835   0.679 Y  0.450      SignalP-TM
CP065317.1_1480            0.394  25  0.511  25  0.764  15  0.606   0.546 Y  0.510      SignalP-TM
CP065317.1_1482            0.269  29  0.486  29  0.985  15  0.926   0.657 Y  0.450      SignalP-TM
CP065317.1_1482            0.283  21  0.515  21  0.961   2  0.941   0.715 Y  0.570      SignalP-noTM
CP065317.1_1484            0.191  24  0.336  24  0.762   8  0.639   0.454 Y  0.450      SignalP-TM
CP065317.1_1506            0.308  24  0.494  24  0.969  14  0.869   0.670 Y  0.570      SignalP-noTM
CP065317.1_1506            0.454  29  0.601  29  0.978   6  0.888   0.713 Y  0.450      SignalP-TM
CP065317.1_1507            0.373  28  0.543  28  0.932   6  0.838   0.658 Y  0.450      SignalP-TM
CP065317.1_1524            0.409  30  0.504  30  0.800  20  0.638   0.557 Y  0.450      SignalP-TM
CP065317.1_1525            0.213  30  0.388  21  0.935  17  0.818   0.590 Y  0.570      SignalP-noTM
CP065317.1_1525            0.774  30  0.787  30  0.935  16  0.837   0.806 Y  0.450      SignalP-TM
CP065317.1_1530            0.419  34  0.487  34  0.674  24  0.459   0.476 Y  0.450      SignalP-TM
CP065317.1_1549            0.505  26  0.634  26  0.870  12  0.820   0.706 Y  0.450      SignalP-TM
CP065317.1_1552            0.651  48  0.679  48  0.824  46  0.676   0.678 Y  0.450      SignalP-TM
CP065317.1_1568            0.206  30  0.398  30  0.898  24  0.789   0.551 Y  0.450      SignalP-TM
CP065317.1_1568            0.312  30  0.514  26  0.954  14  0.919   0.704 Y  0.570      SignalP-noTM
CP065317.1_1595            0.367  44  0.434  44  0.838  33  0.480   0.452 Y  0.450      SignalP-TM
CP065317.1_1605            0.703  44  0.699  44  0.800  43  0.607   0.663 Y  0.450      SignalP-TM
CP065317.1_1618            0.234  32  0.430  22  0.939  20  0.904   0.653 Y  0.570      SignalP-noTM
CP065317.1_1618            0.390  32  0.511  32  0.940  21  0.745   0.602 Y  0.450      SignalP-TM
CP065317.1_1619            0.228  32  0.449  22  0.916  15  0.883   0.618 Y  0.450      SignalP-TM
CP065317.1_1619            0.511  22  0.685  22  0.949   8  0.925   0.798 Y  0.570      SignalP-noTM
CP065317.1_1627            0.267  34  0.442  26  0.947  20  0.854   0.603 Y  0.450      SignalP-TM
CP065317.1_1627            0.343  23  0.571  23  0.974  21  0.937   0.743 Y  0.570      SignalP-noTM
CP065317.1_166             0.229  29  0.391  29  0.888   1  0.757   0.534 Y  0.450      SignalP-TM
CP065317.1_166             0.286  21  0.481  21  0.939   2  0.842   0.650 Y  0.570      SignalP-noTM
CP065317.1_1681            0.798  28  0.805  28  0.969  11  0.892   0.846 Y  0.570      SignalP-noTM
CP065317.1_1681            0.841  28  0.837  28  0.953  10  0.882   0.854 Y  0.450      SignalP-TM
CP065317.1_1686            0.733  25  0.776  25  0.962  11  0.878   0.824 Y  0.570      SignalP-noTM
CP065317.1_1686            0.804  25  0.849  25  0.947  21  0.910   0.873 Y  0.450      SignalP-TM
CP065317.1_1749            0.154  23  0.330  23  0.850   9  0.726   0.484 Y  0.450      SignalP-TM
CP065317.1_1749            0.221  21  0.431  21  0.915  17  0.836   0.621 Y  0.570      SignalP-noTM
CP065317.1_1785            0.177  63  0.308  28  0.931   9  0.763   0.486 Y  0.450      SignalP-TM
CP065317.1_1805            0.389  28  0.599  28  0.972  22  0.928   0.754 Y  0.570      SignalP-noTM
CP065317.1_1805            0.567  36  0.634  36  0.936  22  0.753   0.680 Y  0.450      SignalP-TM
CP065317.1_1807            0.179  28  0.350  28  0.860  10  0.752   0.507 Y  0.450      SignalP-TM
CP065317.1_1807            0.180  28  0.374  27  0.940   5  0.848   0.597 Y  0.570      SignalP-noTM
CP065317.1_1839            0.343  44  0.425  44  0.686  25  0.493   0.451 Y  0.450      SignalP-TM
CP065317.1_1857            0.549  28  0.688  28  0.956  12  0.883   0.764 Y  0.450      SignalP-TM
CP065317.1_1857            0.811  28  0.651  28  0.758  13  0.588   0.627 Y  0.510      SignalP-TM
CP065317.1_1873            0.169  27  0.374  27  0.881   9  0.821   0.584 Y  0.570      SignalP-noTM
CP065317.1_1873            0.238  30  0.386  30  0.872  25  0.662   0.493 Y  0.450      SignalP-TM
CP065317.1_1920            0.597  30  0.691  30  0.980  11  0.890   0.785 Y  0.570      SignalP-noTM
CP065317.1_1920            0.670  30  0.755  30  0.947  14  0.890   0.808 Y  0.450      SignalP-TM
CP065317.1_1921            0.476  23  0.659  23  0.973  17  0.932   0.788 Y  0.570      SignalP-noTM
CP065317.1_1921            0.496  29  0.584  29  0.953   9  0.807   0.671 Y  0.450      SignalP-TM
CP065317.1_1931            0.294  22  0.534  22  0.978  13  0.963   0.736 Y  0.570      SignalP-noTM
CP065317.1_1931            0.519  37  0.639  27  0.969  16  0.939   0.756 Y  0.450      SignalP-TM
CP065317.1_1934            0.611  29  0.744  29  0.968  19  0.916   0.811 Y  0.450      SignalP-TM
CP065317.1_1934            0.735  29  0.811  29  0.986  17  0.927   0.866 Y  0.570      SignalP-noTM
CP065317.1_1935            0.234  31  0.406  31  0.879  12  0.765   0.546 Y  0.450      SignalP-TM
CP065317.1_1935            0.382  31  0.539  28  0.976  13  0.915   0.716 Y  0.570      SignalP-noTM
CP065317.1_1936            0.470  30  0.628  30  0.980  19  0.895   0.732 Y  0.450      SignalP-TM
CP065317.1_1936            0.496  20  0.676  20  0.966  18  0.918   0.790 Y  0.570      SignalP-noTM
CP065317.1_1949            0.530  26  0.563  26  0.770  15  0.563   0.563 Y  0.510      SignalP-TM
CP065317.1_1949            0.725  26  0.682  26  0.820  17  0.639   0.665 Y  0.450      SignalP-TM
CP065317.1_1951            0.549  31  0.510  31  0.663  29  0.416   0.474 Y  0.450      SignalP-TM
CP065317.1_1952            0.781  28  0.779  28  0.983  11  0.878   0.826 Y  0.570      SignalP-noTM
CP065317.1_1952            0.806  28  0.857  28  0.971  17  0.934   0.887 Y  0.450      SignalP-TM
CP065317.1_1971            0.343  26  0.504  26  0.840  16  0.717   0.587 Y  0.450      SignalP-TM
CP065317.1_1985            0.466  31  0.542  31  0.949  16  0.777   0.634 Y  0.450      SignalP-TM
CP065317.1_1997            0.352  28  0.467  28  0.901  13  0.746   0.598 Y  0.570      SignalP-noTM
CP065317.1_1997            0.501  28  0.480  28  0.721  10  0.564   0.513 Y  0.450      SignalP-TM
CP065317.1_2018            0.274  25  0.413  25  0.894   7  0.724   0.534 Y  0.450      SignalP-TM
CP065317.1_202             0.187  20  0.405  20  0.954  19  0.880   0.628 Y  0.570      SignalP-noTM
CP065317.1_202             0.249  31  0.439  31  0.941  19  0.826   0.590 Y  0.450      SignalP-TM
CP065317.1_2058            0.305  23  0.519  23  0.971  10  0.895   0.696 Y  0.570      SignalP-noTM
CP065317.1_2058            0.415  23  0.612  23  0.937   9  0.899   0.724 Y  0.450      SignalP-TM
CP065317.1_2091            0.190  30  0.391  26  0.945  14  0.863   0.575 Y  0.450      SignalP-TM
CP065317.1_2091            0.551  20  0.725  20  0.971  18  0.953   0.833 Y  0.570      SignalP-noTM
CP065317.1_2110            0.281  26  0.456  26  0.840   2  0.767   0.577 Y  0.450      SignalP-TM
CP065317.1_2117            0.360  28  0.561  28  0.963  12  0.903   0.694 Y  0.450      SignalP-TM
CP065317.1_2117            0.644  28  0.668  28  0.950  18  0.807   0.734 Y  0.570      SignalP-noTM
CP065317.1_2118            0.408  27  0.585  27  0.940  15  0.860   0.714 Y  0.570      SignalP-noTM
CP065317.1_2118            0.574  29  0.641  29  0.866  25  0.627   0.635 Y  0.450      SignalP-TM
CP065317.1_2136            0.247  26  0.448  26  0.906  22  0.668   0.533 Y  0.450      SignalP-TM
CP065317.1_2147            0.562  24  0.667  24  0.882  19  0.788   0.714 Y  0.450      SignalP-TM
CP065317.1_2147            0.739  24  0.788  24  0.914  15  0.833   0.809 Y  0.570      SignalP-noTM
CP065317.1_2153            0.682  27  0.768  27  0.941  19  0.850   0.800 Y  0.450      SignalP-TM
CP065317.1_2153            0.742  27  0.737  27  0.914   1  0.783   0.759 Y  0.570      SignalP-noTM
CP065317.1_2154            0.721  26  0.785  26  0.951  19  0.812   0.796 Y  0.450      SignalP-TM
CP065317.1_2154            0.755  26  0.795  26  0.940  20  0.861   0.826 Y  0.570      SignalP-noTM
CP065317.1_2155            0.652  26  0.631  26  0.764  21  0.616   0.625 Y  0.450      SignalP-TM
CP065317.1_2155            0.792  26  0.638  26  0.775   3  0.595   0.618 Y  0.570      SignalP-noTM
CP065317.1_2156            0.445  27  0.636  27  0.975  16  0.927   0.773 Y  0.570      SignalP-noTM
CP065317.1_2156            0.540  27  0.701  27  0.942  22  0.905   0.781 Y  0.450      SignalP-TM
CP065317.1_2157            0.772  26  0.801  26  0.934  18  0.835   0.814 Y  0.450      SignalP-TM
CP065317.1_2157            0.846  26  0.808  26  0.898  12  0.823   0.815 Y  0.570      SignalP-noTM
CP065317.1_2158            0.628  28  0.660  28  0.858  13  0.728   0.686 Y  0.450      SignalP-TM
CP065317.1_2158            0.795  28  0.866  28  0.984  15  0.944   0.903 Y  0.570      SignalP-noTM
CP065317.1_2160            0.836  26  0.808  26  0.897  19  0.781   0.796 Y  0.570      SignalP-noTM
CP065317.1_2160            0.861  26  0.803  26  0.896  24  0.659   0.747 Y  0.450      SignalP-TM
CP065317.1_2165            0.641  29  0.702  29  0.956  11  0.866   0.779 Y  0.570      SignalP-noTM
CP065317.1_2165            0.776  29  0.745  29  0.936  12  0.807   0.769 Y  0.450      SignalP-TM
CP065317.1_2168            0.578  33  0.545  33  0.749   1  0.584   0.561 Y  0.450      SignalP-TM
CP065317.1_2175            0.305  23  0.418  23  0.720  20  0.514   0.455 Y  0.450      SignalP-TM
CP065317.1_2177            0.357  31  0.485  31  0.913  10  0.775   0.598 Y  0.450      SignalP-TM
CP065317.1_2177            0.490  31  0.482  31  0.898  15  0.692   0.580 Y  0.570      SignalP-noTM
CP065317.1_2203            0.384  54  0.518  54  0.843  45  0.547   0.530 Y  0.450      SignalP-TM
CP065317.1_2207            0.320  26  0.503  26  0.885  16  0.792   0.616 Y  0.450      SignalP-TM
CP065317.1_2207            0.781  21  0.842  21  0.967   3  0.916   0.877 Y  0.570      SignalP-noTM
CP065317.1_2210            0.208  22  0.439  22  0.959  18  0.926   0.668 Y  0.570      SignalP-noTM
CP065317.1_2210            0.216  25  0.411  25  0.867  18  0.769   0.551 Y  0.450      SignalP-TM
CP065317.1_2254            0.265  29  0.477  29  0.961  11  0.907   0.645 Y  0.450      SignalP-TM
CP065317.1_2254            0.710  29  0.819  29  0.994  13  0.962   0.886 Y  0.570      SignalP-noTM
CP065317.1_2275            0.789  29  0.616  29  0.663  16  0.441   0.548 Y  0.450      SignalP-TM
CP065317.1_2277            0.375  28  0.539  28  0.889  19  0.730   0.614 Y  0.450      SignalP-TM
CP065317.1_2277            0.530  28  0.535  28  0.677  17  0.556   0.543 Y  0.510      SignalP-TM
CP065317.1_228             0.253  23  0.482  23  0.960   2  0.924   0.690 Y  0.570      SignalP-noTM
CP065317.1_228             0.307  25  0.523  23  0.945  19  0.904   0.671 Y  0.450      SignalP-TM
CP065317.1_2282            0.506  30  0.540  30  0.680  18  0.503   0.526 Y  0.510      SignalP-TM
CP065317.1_2282            0.636  30  0.617  30  0.692  17  0.531   0.584 Y  0.450      SignalP-TM
CP065317.1_2294            0.254  41  0.430  22  0.945  16  0.895   0.611 Y  0.450      SignalP-TM
CP065317.1_2294            0.517  22  0.674  22  0.956  20  0.883   0.772 Y  0.570      SignalP-noTM
CP065317.1_2331            0.270  29  0.469  29  0.886  21  0.751   0.601 Y  0.570      SignalP-noTM
CP065317.1_2331            0.470  29  0.607  29  0.894  26  0.694   0.641 Y  0.450      SignalP-TM
CP065317.1_2396            0.508  27  0.586  27  0.907   6  0.770   0.658 Y  0.450      SignalP-TM
CP065317.1_2401            0.508  27  0.586  27  0.907   6  0.770   0.658 Y  0.450      SignalP-TM
CP065317.1_2417            0.254  30  0.415  30  0.880  13  0.739   0.542 Y  0.450      SignalP-TM
CP065317.1_2419            0.241  25  0.419  25  0.793  19  0.696   0.527 Y  0.450      SignalP-TM
CP065317.1_2422            0.141  23  0.346  23  0.940  19  0.808   0.526 Y  0.450      SignalP-TM
CP065317.1_2422            0.198  21  0.404  21  0.895  15  0.807   0.594 Y  0.570      SignalP-noTM
CP065317.1_2451            0.529  31  0.622  31  0.988  18  0.867   0.737 Y  0.570      SignalP-noTM
CP065317.1_2451            0.673  31  0.733  31  0.935  17  0.789   0.755 Y  0.450      SignalP-TM
CP065317.1_2465            0.320  30  0.443  30  0.785  23  0.576   0.495 Y  0.450      SignalP-TM
CP065317.1_2474            0.148  33  0.279  12  0.843   8  0.785   0.476 Y  0.450      SignalP-TM
CP065317.1_2475            0.348  20  0.580  20  0.985  18  0.960   0.759 Y  0.570      SignalP-noTM
CP065317.1_2475            0.357  30  0.553  30  0.987  16  0.910   0.692 Y  0.450      SignalP-TM
CP065317.1_2485            0.240  25  0.398  25  0.751  22  0.560   0.461 Y  0.450      SignalP-TM
CP065317.1_2487            0.612  31  0.620  31  0.768  30  0.509   0.576 Y  0.450      SignalP-TM
CP065317.1_2488            0.712  26  0.793  26  0.947   9  0.896   0.833 Y  0.450      SignalP-TM
CP065317.1_2488            0.807  26  0.823  26  0.962  13  0.890   0.854 Y  0.570      SignalP-noTM
CP065317.1_2509            0.507  22  0.694  22  0.970  11  0.947   0.813 Y  0.570      SignalP-noTM
CP065317.1_2509            0.531  28  0.664  28  0.970  17  0.891   0.753 Y  0.450      SignalP-TM
CP065317.1_2532            0.267  31  0.436  31  0.895  12  0.756   0.561 Y  0.450      SignalP-TM
CP065317.1_2532            0.518  29  0.661  29  0.942  11  0.876   0.762 Y  0.570      SignalP-noTM
CP065317.1_2538            0.468  26  0.631  26  0.916  21  0.788   0.692 Y  0.450      SignalP-TM
CP065317.1_2538            0.766  26  0.838  26  0.984  20  0.928   0.880 Y  0.570      SignalP-noTM
CP065317.1_2539            0.768  33  0.722  33  0.978  21  0.842   0.779 Y  0.570      SignalP-noTM
CP065317.1_2539            0.813  33  0.771  33  0.868  22  0.689   0.739 Y  0.450      SignalP-TM
CP065317.1_2543            0.302  35  0.504  29  0.970  25  0.900   0.690 Y  0.570      SignalP-noTM
CP065317.1_2543            0.406  35  0.547  35  0.870  27  0.715   0.612 Y  0.450      SignalP-TM
CP065317.1_2549            0.396  31  0.409  31  0.789   2  0.560   0.468 Y  0.450      SignalP-TM
CP065317.1_2567            0.171  29  0.350  18  0.937  17  0.906   0.611 Y  0.570      SignalP-noTM
CP065317.1_2567            0.353  35  0.461  35  0.827  23  0.666   0.541 Y  0.450      SignalP-TM
CP065317.1_2622            0.448  27  0.545  27  0.803  13  0.679   0.598 Y  0.450      SignalP-TM
CP065317.1_266             0.333  30  0.414  21  0.871  17  0.840   0.614 Y  0.570      SignalP-noTM
CP065317.1_266             0.679  30  0.690  30  0.883  17  0.757   0.716 Y  0.450      SignalP-TM
CP065317.1_2660            0.482  32  0.551  32  0.961  12  0.810   0.673 Y  0.570      SignalP-noTM
CP065317.1_2660            0.596  32  0.595  32  0.701  30  0.594   0.594 Y  0.450      SignalP-TM
CP065317.1_2661            0.215  26  0.387  26  0.907  19  0.696   0.508 Y  0.450      SignalP-TM
CP065317.1_2665            0.551  26  0.646  26  0.951  17  0.846   0.740 Y  0.570      SignalP-noTM
CP065317.1_2665            0.581  26  0.698  26  0.942  17  0.869   0.765 Y  0.450      SignalP-TM
CP065317.1_2678            0.333  19  0.516  19  0.891   3  0.822   0.660 Y  0.570      SignalP-noTM
CP065317.1_2678            0.377  28  0.513  28  0.916  17  0.766   0.612 Y  0.450      SignalP-TM
CP065317.1_2685            0.383  20  0.612  20  0.988  14  0.970   0.780 Y  0.570      SignalP-noTM
CP065317.1_2685            0.433  29  0.635  29  0.986  17  0.932   0.751 Y  0.450      SignalP-TM
CP065317.1_271             0.554  26  0.480  26  0.631  12  0.485   0.482 Y  0.450      SignalP-TM
CP065317.1_2710            0.262  32  0.384  32  0.720  25  0.555   0.451 Y  0.450      SignalP-TM
CP065317.1_2735            0.634  26  0.678  26  0.909   9  0.768   0.713 Y  0.450      SignalP-TM
CP065317.1_2735            0.704  26  0.803  26  0.965  14  0.916   0.856 Y  0.570      SignalP-noTM
CP065317.1_2774            0.161  31  0.299  26  0.814   3  0.707   0.458 Y  0.450      SignalP-TM
CP065317.1_2774            0.423  21  0.628  21  0.955   8  0.932   0.771 Y  0.570      SignalP-noTM
CP065317.1_2779            0.164  34  0.369  25  0.956  21  0.908   0.622 Y  0.570      SignalP-noTM
CP065317.1_2779            0.385  34  0.511  34  0.928  23  0.749   0.604 Y  0.450      SignalP-TM
CP065317.1_2794            0.258  26  0.490  26  0.976  17  0.911   0.654 Y  0.450      SignalP-TM
CP065317.1_2794            0.757  21  0.842  21  0.966  18  0.924   0.880 Y  0.570      SignalP-noTM
CP065317.1_2829            0.200  59  0.330  28  0.956  17  0.856   0.535 Y  0.450      SignalP-TM
CP065317.1_2829            0.224  22  0.463  22  0.973  20  0.949   0.692 Y  0.570      SignalP-noTM
CP065317.1_284             0.237  46  0.334  24  0.846   7  0.666   0.463 Y  0.450      SignalP-TM
CP065317.1_293             0.460  27  0.602  27  0.920  13  0.844   0.696 Y  0.450      SignalP-TM
CP065317.1_299             0.343  23  0.570  23  0.987  12  0.946   0.747 Y  0.570      SignalP-noTM
CP065317.1_299             0.495  25  0.655  25  0.957   8  0.886   0.745 Y  0.450      SignalP-TM
CP065317.1_314             0.162  30  0.326  29  0.927  17  0.766   0.498 Y  0.450      SignalP-TM
CP065317.1_314             0.184  25  0.374  25  0.942   2  0.821   0.584 Y  0.570      SignalP-noTM
CP065317.1_319             0.162  25  0.373  25  0.966   6  0.899   0.620 Y  0.570      SignalP-noTM
CP065317.1_319             0.234  25  0.469  25  0.972   7  0.949   0.657 Y  0.450      SignalP-TM
CP065317.1_322             0.278  29  0.507  29  0.953  17  0.907   0.663 Y  0.450      SignalP-TM
CP065317.1_322             0.526  29  0.671  29  0.931  15  0.878   0.768 Y  0.570      SignalP-noTM
CP065317.1_335             0.137  35  0.301  29  0.865  21  0.723   0.466 Y  0.450      SignalP-TM
CP065317.1_338             0.498  32  0.561  32  0.811  16  0.694   0.613 Y  0.450      SignalP-TM
CP065317.1_339             0.293  29  0.433  29  0.759  28  0.515   0.465 Y  0.450      SignalP-TM
CP065317.1_343             0.382  32  0.518  32  0.915  17  0.790   0.624 Y  0.450      SignalP-TM
CP065317.1_346             0.244  22  0.449  22  0.914  13  0.841   0.633 Y  0.570      SignalP-noTM
CP065317.1_346             0.320  66  0.492  27  0.957  15  0.874   0.641 Y  0.450      SignalP-TM
CP065317.1_348             0.268  42  0.405  42  0.766   4  0.572   0.470 Y  0.450      SignalP-TM
CP065317.1_41              0.188  19  0.409  19  0.939  18  0.895   0.638 Y  0.570      SignalP-noTM
CP065317.1_41              0.223  25  0.442  25  0.965   9  0.904   0.623 Y  0.450      SignalP-TM
CP065317.1_412             0.254  29  0.384  29  0.744  15  0.620   0.476 Y  0.450      SignalP-TM
CP065317.1_459             0.661  25  0.706  25  0.908   8  0.811   0.747 Y  0.450      SignalP-TM
CP065317.1_459             0.729  25  0.758  25  0.949   8  0.865   0.808 Y  0.570      SignalP-noTM
CP065317.1_463             0.216  22  0.439  22  0.928  17  0.884   0.648 Y  0.570      SignalP-noTM
CP065317.1_463             0.324  25  0.523  25  0.908  17  0.798   0.630 Y  0.450      SignalP-TM
CP065317.1_476             0.207  29  0.401  29  0.851  25  0.745   0.535 Y  0.450      SignalP-TM
CP065317.1_476             0.791  29  0.870  29  0.983  15  0.951   0.908 Y  0.570      SignalP-noTM
CP065317.1_494             0.390  25  0.578  25  0.932  20  0.864   0.690 Y  0.450      SignalP-TM
CP065317.1_494             0.692  23  0.780  23  0.930  19  0.876   0.825 Y  0.570      SignalP-noTM
CP065317.1_525             0.263  26  0.410  26  0.708   9  0.628   0.495 Y  0.450      SignalP-TM
CP065317.1_537             0.198  31  0.401  23  0.902   7  0.839   0.606 Y  0.570      SignalP-noTM
CP065317.1_537             0.436  31  0.547  31  0.849  22  0.671   0.595 Y  0.450      SignalP-TM
CP065317.1_541             0.659  31  0.696  31  0.824  27  0.563   0.647 Y  0.510      SignalP-TM
CP065317.1_541             0.766  31  0.783  31  0.928  27  0.665   0.737 Y  0.450      SignalP-TM
CP065317.1_546             0.289  33  0.361  33  0.851   2  0.630   0.466 Y  0.450      SignalP-TM
CP065317.1_547             0.188  31  0.328  31  0.818  11  0.661   0.458 Y  0.450      SignalP-TM
CP065317.1_551             0.286  24  0.509  24  0.973  10  0.922   0.703 Y  0.570      SignalP-noTM
CP065317.1_551             0.506  33  0.609  33  0.907  22  0.802   0.684 Y  0.450      SignalP-TM
CP065317.1_588             0.137  28  0.324  20  0.911  17  0.777   0.500 Y  0.450      SignalP-TM
CP065317.1_589             0.599  45  0.552  45  0.687  42  0.298   0.453 Y  0.450      SignalP-TM
CP065317.1_612             0.295  31  0.400  31  0.685  24  0.532   0.451 Y  0.450      SignalP-TM
CP065317.1_63              0.195  33  0.387  30  0.970   9  0.886   0.582 Y  0.450      SignalP-TM
CP065317.1_63              0.260  21  0.496  21  0.962  12  0.945   0.707 Y  0.570      SignalP-noTM
CP065317.1_648             0.324  30  0.427  21  0.687  14  0.594   0.492 Y  0.450      SignalP-TM
CP065317.1_672             0.409  30  0.457  30  0.715   8  0.565   0.499 Y  0.450      SignalP-TM
CP065317.1_681             0.157  41  0.283  13  0.861   6  0.788   0.480 Y  0.450      SignalP-TM
CP065317.1_684             0.589  25  0.716  25  0.950  10  0.881   0.780 Y  0.450      SignalP-TM
CP065317.1_684             0.736  25  0.838  25  0.986  16  0.959   0.895 Y  0.570      SignalP-noTM
CP065317.1_707             0.703  26  0.621  26  0.614  19  0.539   0.589 Y  0.450      SignalP-TM
CP065317.1_708             0.172  31  0.361  31  0.918  17  0.787   0.527 Y  0.450      SignalP-TM
CP065317.1_720             0.240  31  0.421  31  0.915  25  0.772   0.558 Y  0.450      SignalP-TM
CP065317.1_720             0.275  31  0.416  31  0.951   6  0.810   0.601 Y  0.570      SignalP-noTM
CP065317.1_737             0.462  35  0.602  35  0.941  23  0.785   0.674 Y  0.450      SignalP-TM
CP065317.1_737             0.841  29  0.906  29  0.982  25  0.909   0.907 Y  0.570      SignalP-noTM
CP065317.1_753             0.665  35  0.701  35  0.903  26  0.575   0.652 Y  0.450      SignalP-TM
CP065317.1_762             0.326  27  0.434  27  0.858  14  0.689   0.533 Y  0.450      SignalP-TM
CP065317.1_780             0.578  27  0.723  27  0.965   9  0.926   0.802 Y  0.450      SignalP-TM
CP065317.1_780             0.594  27  0.688  27  0.971   9  0.878   0.777 Y  0.570      SignalP-noTM
CP065317.1_782             0.395  25  0.509  25  0.870  17  0.699   0.583 Y  0.450      SignalP-TM
CP065317.1_783             0.617  25  0.713  25  0.879   1  0.844   0.764 Y  0.450      SignalP-TM
CP065317.1_783             0.788  25  0.758  25  0.906   4  0.805   0.781 Y  0.570      SignalP-noTM
CP065317.1_845             0.356  31  0.522  31  0.847  22  0.583   0.546 Y  0.450      SignalP-TM
CP065317.1_898             0.323  29  0.368  21  0.937  16  0.893   0.614 Y  0.570      SignalP-noTM
CP065317.1_898             0.339  29  0.513  29  0.943  17  0.847   0.643 Y  0.450      SignalP-TM
CP065317.1_905             0.148  37  0.271  11  0.779   5  0.734   0.452 Y  0.450      SignalP-TM
CP065317.1_911             0.388  23  0.601  23  0.962  18  0.918   0.725 Y  0.450      SignalP-TM
CP065317.1_911             0.438  23  0.654  23  0.985  14  0.964   0.800 Y  0.570      SignalP-noTM
CP065317.1_912             0.328  31  0.460  31  0.790  23  0.535   0.490 Y  0.450      SignalP-TM
CP065317.1_912             0.557  25  0.689  25  0.915  21  0.793   0.738 Y  0.570      SignalP-noTM
CP065317.1_919             0.194  28  0.334  28  0.787   6  0.661   0.461 Y  0.450      SignalP-TM
CP065317.1_951             0.170  27  0.379  21  0.950  17  0.921   0.634 Y  0.570      SignalP-noTM
CP065317.1_951             0.247  28  0.445  28  0.922  19  0.813   0.589 Y  0.450      SignalP-TM
CP065317.1_964             0.282  21  0.505  21  0.963   8  0.919   0.699 Y  0.570      SignalP-noTM
CP065317.1_964             0.304  29  0.457  29  0.860  18  0.758   0.575 Y  0.450      SignalP-TM
CP065317.1_996             0.172  25  0.360  25  0.906  18  0.750   0.512 Y  0.450      SignalP-TM
CP065317.1_996             0.177  20  0.380  20  0.923   2  0.840   0.596 Y  0.570      SignalP-noTM
CP065317.1_997             0.330  27  0.520  27  0.944  16  0.858   0.652 Y  0.450      SignalP-TM
CP065317.1_997             0.435  22  0.617  22  0.965  18  0.888   0.744 Y  0.570      SignalP-noTM
