NZ_CP028714.1_1017         0.198  52  0.285  14  0.866   2  0.791   0.482 Y  0.450      SignalP-TM
NZ_CP028714.1_1046         0.150  27  0.285  12  0.857   4  0.804   0.487 Y  0.450      SignalP-TM
NZ_CP028714.1_1052         0.550  25  0.719  25  0.960  15  0.930   0.801 Y  0.450      SignalP-TM
NZ_CP028714.1_1052         0.753  25  0.841  25  0.986   7  0.955   0.895 Y  0.570      SignalP-noTM
NZ_CP028714.1_1069         0.429  26  0.635  26  0.956  14  0.936   0.752 Y  0.450      SignalP-TM
NZ_CP028714.1_1069         0.702  26  0.793  26  0.976  15  0.916   0.851 Y  0.570      SignalP-noTM
NZ_CP028714.1_1078         0.260  64  0.461  25  0.964  14  0.894   0.630 Y  0.450      SignalP-TM
NZ_CP028714.1_1078         0.672  25  0.783  25  0.957  17  0.899   0.838 Y  0.570      SignalP-noTM
NZ_CP028714.1_1091         0.375  24  0.553  24  0.918  20  0.823   0.658 Y  0.450      SignalP-TM
NZ_CP028714.1_1091         0.553  24  0.692  24  0.942  19  0.872   0.777 Y  0.570      SignalP-noTM
NZ_CP028714.1_111          0.396  22  0.575  22  0.919  19  0.846   0.681 Y  0.450      SignalP-TM
NZ_CP028714.1_111          0.833  21  0.891  21  0.968  20  0.948   0.918 Y  0.570      SignalP-noTM
NZ_CP028714.1_1143         0.488  25  0.664  25  0.948  17  0.913   0.761 Y  0.450      SignalP-TM
NZ_CP028714.1_1143         0.777  25  0.846  25  0.991  10  0.945   0.893 Y  0.570      SignalP-noTM
NZ_CP028714.1_1144         0.185  21  0.366  21  0.855   1  0.759   0.519 Y  0.450      SignalP-TM
NZ_CP028714.1_1144         0.235  21  0.432  21  0.893   5  0.823   0.576 Y  0.510      SignalP-TM
NZ_CP028714.1_1147         0.192  25  0.364  25  0.813  18  0.694   0.492 Y  0.450      SignalP-TM
NZ_CP028714.1_1147         0.241  23  0.446  23  0.931   3  0.856   0.639 Y  0.570      SignalP-noTM
NZ_CP028714.1_1159         0.430  25  0.528  25  0.899   7  0.737   0.610 Y  0.450      SignalP-TM
NZ_CP028714.1_1159         0.821  25  0.790  25  0.897   4  0.807   0.798 Y  0.570      SignalP-noTM
NZ_CP028714.1_1178         0.150  33  0.278  13  0.826   2  0.773   0.471 Y  0.450      SignalP-TM
NZ_CP028714.1_1181         0.434  23  0.623  23  0.910  14  0.883   0.724 Y  0.450      SignalP-TM
NZ_CP028714.1_1181         0.834  23  0.891  23  0.965  22  0.950   0.919 Y  0.570      SignalP-noTM
NZ_CP028714.1_1184         0.224  28  0.388  28  0.821   8  0.710   0.514 Y  0.450      SignalP-TM
NZ_CP028714.1_1185         0.254  37  0.457  28  0.892  21  0.824   0.600 Y  0.450      SignalP-TM
NZ_CP028714.1_1185         0.555  28  0.689  28  0.965  20  0.898   0.787 Y  0.570      SignalP-noTM
NZ_CP028714.1_121          0.286  38  0.468  36  0.967  21  0.848   0.616 Y  0.450      SignalP-TM
NZ_CP028714.1_121          0.447  30  0.653  30  0.989  19  0.946   0.791 Y  0.570      SignalP-noTM
NZ_CP028714.1_1211         0.640  28  0.756  28  0.964  12  0.893   0.809 Y  0.450      SignalP-TM
NZ_CP028714.1_1211         0.838  28  0.886  28  0.986  13  0.949   0.916 Y  0.570      SignalP-noTM
NZ_CP028714.1_1212         0.318  25  0.503  25  0.923  23  0.749   0.599 Y  0.450      SignalP-TM
NZ_CP028714.1_1219         0.424  22  0.625  22  0.962   8  0.929   0.743 Y  0.450      SignalP-TM
NZ_CP028714.1_1219         0.509  22  0.697  22  0.979  18  0.956   0.818 Y  0.570      SignalP-noTM
NZ_CP028714.1_122          0.380  30  0.435  30  0.784  19  0.532   0.473 Y  0.450      SignalP-TM
NZ_CP028714.1_1229         0.410  24  0.485  24  0.794   6  0.636   0.544 Y  0.450      SignalP-TM
NZ_CP028714.1_1229         0.580  21  0.670  21  0.872   3  0.782   0.723 Y  0.570      SignalP-noTM
NZ_CP028714.1_1259         0.327  23  0.562  23  0.983  15  0.949   0.744 Y  0.570      SignalP-noTM
NZ_CP028714.1_1259         0.389  23  0.594  23  0.945  18  0.845   0.692 Y  0.450      SignalP-TM
NZ_CP028714.1_1262         0.162  26  0.385  26  0.951  20  0.897   0.626 Y  0.570      SignalP-noTM
NZ_CP028714.1_1262         0.421  46  0.399  38  0.957  17  0.737   0.531 Y  0.450      SignalP-TM
NZ_CP028714.1_1302         0.187  26  0.366  21  0.822  18  0.744   0.514 Y  0.450      SignalP-TM
NZ_CP028714.1_1302         0.508  21  0.667  21  0.912  18  0.880   0.767 Y  0.570      SignalP-noTM
NZ_CP028714.1_1306         0.638  33  0.576  33  0.726  29  0.517   0.553 Y  0.450      SignalP-TM
NZ_CP028714.1_1318         0.552  23  0.700  23  0.951   9  0.889   0.773 Y  0.450      SignalP-TM
NZ_CP028714.1_1318         0.906  23  0.930  23  0.987  21  0.950   0.940 Y  0.570      SignalP-noTM
NZ_CP028714.1_1319         0.206  33  0.368  24  0.873  18  0.789   0.532 Y  0.450      SignalP-TM
NZ_CP028714.1_1319         0.339  25  0.537  25  0.950  10  0.887   0.702 Y  0.570      SignalP-noTM
NZ_CP028714.1_1342         0.542  23  0.661  23  0.925  17  0.831   0.741 Y  0.570      SignalP-noTM
NZ_CP028714.1_1342         0.656  23  0.692  23  0.898   5  0.784   0.728 Y  0.450      SignalP-TM
NZ_CP028714.1_1351         0.614  22  0.599  22  0.785   5  0.647   0.618 Y  0.450      SignalP-TM
NZ_CP028714.1_1351         0.830  22  0.881  22  0.968  18  0.943   0.910 Y  0.570      SignalP-noTM
NZ_CP028714.1_1352         0.522  23  0.573  23  0.756  18  0.631   0.596 Y  0.450      SignalP-TM
NZ_CP028714.1_1352         0.710  23  0.724  23  0.957  19  0.740   0.732 Y  0.570      SignalP-noTM
NZ_CP028714.1_1353         0.363  36  0.491  36  0.852  35  0.562   0.519 Y  0.450      SignalP-TM
NZ_CP028714.1_1354         0.561  25  0.690  25  0.943   6  0.876   0.762 Y  0.450      SignalP-TM
NZ_CP028714.1_1354         0.735  25  0.790  25  0.979  10  0.901   0.842 Y  0.570      SignalP-noTM
NZ_CP028714.1_1359         0.287  28  0.462  28  0.936  14  0.808   0.597 Y  0.450      SignalP-TM
NZ_CP028714.1_1359         0.744  28  0.826  28  0.980  16  0.926   0.873 Y  0.570      SignalP-noTM
NZ_CP028714.1_1360         0.691  28  0.733  28  0.893  22  0.671   0.709 Y  0.450      SignalP-TM
NZ_CP028714.1_1360         0.788  28  0.837  28  0.958  19  0.835   0.836 Y  0.570      SignalP-noTM
NZ_CP028714.1_1362         0.247  41  0.356  41  0.890  16  0.710   0.494 Y  0.450      SignalP-TM
NZ_CP028714.1_1363         0.509  23  0.561  23  0.772   8  0.669   0.603 Y  0.450      SignalP-TM
NZ_CP028714.1_1363         0.712  23  0.731  23  0.880  17  0.765   0.747 Y  0.570      SignalP-noTM
NZ_CP028714.1_1369         0.258  29  0.459  29  0.876  15  0.817   0.598 Y  0.450      SignalP-TM
NZ_CP028714.1_1369         0.468  29  0.630  29  0.921  21  0.830   0.724 Y  0.570      SignalP-noTM
NZ_CP028714.1_1373         0.611  18  0.705  18  0.886  14  0.810   0.754 Y  0.570      SignalP-noTM
NZ_CP028714.1_1382         0.339  21  0.555  21  0.951  20  0.901   0.690 Y  0.450      SignalP-TM
NZ_CP028714.1_1382         0.877  21  0.916  21  0.972  11  0.947   0.930 Y  0.570      SignalP-noTM
NZ_CP028714.1_1384         0.197  21  0.381  21  0.802  20  0.685   0.500 Y  0.450      SignalP-TM
NZ_CP028714.1_1384         0.755  21  0.838  21  0.964  19  0.916   0.874 Y  0.570      SignalP-noTM
NZ_CP028714.1_1387         0.494  28  0.571  28  0.867  14  0.688   0.626 Y  0.570      SignalP-noTM
NZ_CP028714.1_1387         0.660  28  0.692  28  0.900  15  0.660   0.679 Y  0.450      SignalP-TM
NZ_CP028714.1_1390         0.361  27  0.536  27  0.934   8  0.848   0.658 Y  0.450      SignalP-TM
NZ_CP028714.1_1390         0.693  27  0.756  27  0.966  18  0.880   0.815 Y  0.570      SignalP-noTM
NZ_CP028714.1_1396         0.180  30  0.327  30  0.798  21  0.664   0.459 Y  0.450      SignalP-TM
NZ_CP028714.1_1397         0.251  19  0.467  19  0.912  18  0.868   0.624 Y  0.450      SignalP-TM
NZ_CP028714.1_1397         0.889  19  0.900  19  0.950   8  0.904   0.902 Y  0.570      SignalP-noTM
NZ_CP028714.1_141          0.229  23  0.439  23  0.875   9  0.814   0.585 Y  0.450      SignalP-TM
NZ_CP028714.1_141          0.801  23  0.885  23  0.988  13  0.970   0.925 Y  0.570      SignalP-noTM
NZ_CP028714.1_1411         0.442  27  0.604  27  0.892  18  0.845   0.717 Y  0.570      SignalP-noTM
NZ_CP028714.1_1411         0.456  27  0.623  27  0.922  11  0.864   0.717 Y  0.450      SignalP-TM
NZ_CP028714.1_1426         0.225  21  0.369  21  0.790  17  0.581   0.452 Y  0.450      SignalP-TM
NZ_CP028714.1_1426         0.533  21  0.709  21  0.959  19  0.924   0.810 Y  0.570      SignalP-noTM
NZ_CP028714.1_1441         0.227  32  0.402  32  0.937   4  0.833   0.570 Y  0.450      SignalP-TM
NZ_CP028714.1_1441         0.283  23  0.517  23  0.964  21  0.942   0.717 Y  0.570      SignalP-noTM
NZ_CP028714.1_1443         0.200  27  0.407  27  0.894  13  0.813   0.565 Y  0.450      SignalP-TM
NZ_CP028714.1_1443         0.253  29  0.439  29  0.913   7  0.823   0.619 Y  0.570      SignalP-noTM
NZ_CP028714.1_1445         0.357  41  0.539  41  0.902  39  0.602   0.564 Y  0.450      SignalP-TM
NZ_CP028714.1_1445         0.836  41  0.877  41  0.978  29  0.712   0.800 Y  0.570      SignalP-noTM
NZ_CP028714.1_1449         0.518  33  0.578  33  0.774  23  0.410   0.512 Y  0.450      SignalP-TM
NZ_CP028714.1_1450         0.282  31  0.398  31  0.748  10  0.613   0.481 Y  0.450      SignalP-TM
NZ_CP028714.1_1451         0.242  34  0.359  34  0.789  14  0.612   0.458 Y  0.450      SignalP-TM
NZ_CP028714.1_1466         0.326  21  0.526  21  0.934  17  0.853   0.654 Y  0.450      SignalP-TM
NZ_CP028714.1_1466         0.716  21  0.818  21  0.977  10  0.926   0.869 Y  0.570      SignalP-noTM
NZ_CP028714.1_148          0.520  20  0.586  20  0.785  18  0.641   0.608 Y  0.450      SignalP-TM
NZ_CP028714.1_148          0.667  20  0.787  20  0.943  16  0.917   0.848 Y  0.570      SignalP-noTM
NZ_CP028714.1_1483         0.584  53  0.648  53  0.862  49  0.453   0.572 Y  0.450      SignalP-TM
NZ_CP028714.1_1507         0.288  25  0.442  25  0.931   2  0.758   0.590 Y  0.570      SignalP-noTM
NZ_CP028714.1_1509         0.593  18  0.671  18  0.853  16  0.775   0.720 Y  0.570      SignalP-noTM
NZ_CP028714.1_1520         0.282  22  0.495  22  0.916  15  0.780   0.606 Y  0.450      SignalP-TM
NZ_CP028714.1_1520         0.452  22  0.662  22  0.991  17  0.957   0.800 Y  0.570      SignalP-noTM
NZ_CP028714.1_1541         0.383  26  0.477  26  0.776   6  0.635   0.539 Y  0.450      SignalP-TM
NZ_CP028714.1_1541         0.727  24  0.816  24  0.949  17  0.918   0.864 Y  0.570      SignalP-noTM
NZ_CP028714.1_155          0.180  20  0.377  20  0.912   6  0.815   0.548 Y  0.450      SignalP-TM
NZ_CP028714.1_155          0.829  20  0.859  20  0.946  18  0.887   0.872 Y  0.570      SignalP-noTM
NZ_CP028714.1_156          0.216  19  0.441  19  0.967   8  0.911   0.662 Y  0.570      SignalP-noTM
NZ_CP028714.1_156          0.247  31  0.372  31  0.935  15  0.742   0.516 Y  0.450      SignalP-TM
NZ_CP028714.1_1575         0.472  26  0.530  26  0.929   2  0.721   0.620 Y  0.570      SignalP-noTM
NZ_CP028714.1_1579         0.173  44  0.356  22  0.953   1  0.883   0.604 Y  0.570      SignalP-noTM
NZ_CP028714.1_1579         0.287  28  0.443  28  0.904  15  0.759   0.566 Y  0.450      SignalP-TM
NZ_CP028714.1_158          0.170  24  0.373  24  0.931   9  0.853   0.560 Y  0.450      SignalP-TM
NZ_CP028714.1_158          0.270  22  0.486  22  0.949   5  0.900   0.681 Y  0.570      SignalP-noTM
NZ_CP028714.1_1581         0.371  25  0.580  25  0.972  14  0.902   0.706 Y  0.450      SignalP-TM
NZ_CP028714.1_1581         0.761  22  0.849  22  0.969  20  0.926   0.885 Y  0.570      SignalP-noTM
NZ_CP028714.1_1582         0.248  23  0.433  23  0.889   7  0.803   0.578 Y  0.450      SignalP-TM
NZ_CP028714.1_1582         0.590  21  0.704  21  0.944  19  0.855   0.775 Y  0.570      SignalP-noTM
NZ_CP028714.1_1583         0.421  33  0.546  33  0.866  31  0.572   0.556 Y  0.450      SignalP-TM
NZ_CP028714.1_1583         0.486  33  0.565  33  0.811  27  0.479   0.533 Y  0.510      SignalP-TM
NZ_CP028714.1_1587         0.629  23  0.748  23  0.930   6  0.894   0.805 Y  0.450      SignalP-TM
NZ_CP028714.1_1587         0.820  23  0.839  23  0.932  18  0.881   0.859 Y  0.570      SignalP-noTM
NZ_CP028714.1_1588         0.383  26  0.549  26  0.947  10  0.843   0.664 Y  0.450      SignalP-TM
NZ_CP028714.1_1588         0.769  26  0.750  26  0.926   3  0.804   0.776 Y  0.570      SignalP-noTM
NZ_CP028714.1_159          0.254  23  0.441  23  0.947   2  0.828   0.623 Y  0.570      SignalP-noTM
NZ_CP028714.1_159          0.265  25  0.366  25  0.908   6  0.664   0.482 Y  0.450      SignalP-TM
NZ_CP028714.1_1590         0.382  33  0.500  33  0.789  26  0.632   0.551 Y  0.450      SignalP-TM
NZ_CP028714.1_1593         0.655  30  0.540  30  0.807  13  0.581   0.556 Y  0.450      SignalP-TM
NZ_CP028714.1_1593         0.686  30  0.585  30  0.843  12  0.631   0.607 Y  0.570      SignalP-noTM
NZ_CP028714.1_1594         0.145  35  0.326  31  0.868  16  0.763   0.496 Y  0.450      SignalP-TM
NZ_CP028714.1_1596         0.239  25  0.475  25  0.988   9  0.959   0.664 Y  0.450      SignalP-TM
NZ_CP028714.1_1596         0.402  27  0.611  27  0.987  15  0.953   0.772 Y  0.570      SignalP-noTM
NZ_CP028714.1_1598         0.401  61  0.384  29  0.860  22  0.724   0.517 Y  0.450      SignalP-TM
NZ_CP028714.1_1598         0.603  24  0.704  24  0.940  20  0.810   0.754 Y  0.570      SignalP-noTM
NZ_CP028714.1_1599         0.633  26  0.775  26  0.986  17  0.951   0.858 Y  0.570      SignalP-noTM
NZ_CP028714.1_1599         0.673  26  0.762  26  0.947  10  0.877   0.807 Y  0.450      SignalP-TM
NZ_CP028714.1_1600         0.267  45  0.432  34  0.982  30  0.839   0.623 Y  0.570      SignalP-noTM
NZ_CP028714.1_1600         0.451  45  0.468  45  0.925  28  0.692   0.555 Y  0.450      SignalP-TM
NZ_CP028714.1_1601         0.357  29  0.550  29  0.934  15  0.861   0.671 Y  0.450      SignalP-TM
NZ_CP028714.1_1601         0.465  29  0.647  29  0.966  25  0.917   0.773 Y  0.570      SignalP-noTM
NZ_CP028714.1_1606         0.212  31  0.383  31  0.914   9  0.745   0.524 Y  0.450      SignalP-TM
NZ_CP028714.1_1606         0.390  31  0.526  31  0.958  17  0.819   0.663 Y  0.570      SignalP-noTM
NZ_CP028714.1_1624         0.237  23  0.407  21  0.828  11  0.685   0.515 Y  0.450      SignalP-TM
NZ_CP028714.1_1624         0.765  21  0.850  21  0.994  12  0.929   0.887 Y  0.570      SignalP-noTM
NZ_CP028714.1_163          0.199  28  0.367  23  0.775  22  0.627   0.468 Y  0.450      SignalP-TM
NZ_CP028714.1_163          0.443  28  0.503  28  0.868   8  0.701   0.596 Y  0.570      SignalP-noTM
NZ_CP028714.1_1639         0.251  24  0.428  24  0.849  15  0.745   0.552 Y  0.450      SignalP-TM
NZ_CP028714.1_1639         0.300  24  0.452  24  0.913   1  0.737   0.586 Y  0.570      SignalP-noTM
NZ_CP028714.1_1644         0.512  21  0.653  21  0.954   2  0.863   0.735 Y  0.450      SignalP-TM
NZ_CP028714.1_1644         0.797  21  0.848  21  0.956   8  0.915   0.880 Y  0.570      SignalP-noTM
NZ_CP028714.1_1645         0.225  30  0.370  30  0.776  10  0.653   0.480 Y  0.450      SignalP-TM
NZ_CP028714.1_1645         0.819  23  0.873  23  0.984  19  0.907   0.889 Y  0.570      SignalP-noTM
NZ_CP028714.1_1646         0.787  22  0.725  22  0.852  19  0.655   0.692 Y  0.570      SignalP-noTM
NZ_CP028714.1_1657         0.490  23  0.599  23  0.791  20  0.725   0.648 Y  0.450      SignalP-TM
NZ_CP028714.1_1657         0.883  23  0.870  23  0.948  11  0.889   0.879 Y  0.570      SignalP-noTM
NZ_CP028714.1_1663         0.516  31  0.620  31  0.938  18  0.833   0.703 Y  0.450      SignalP-TM
NZ_CP028714.1_1663         0.670  25  0.799  25  0.981  16  0.956   0.873 Y  0.570      SignalP-noTM
NZ_CP028714.1_1665         0.191  22  0.386  22  0.916   1  0.823   0.556 Y  0.450      SignalP-TM
NZ_CP028714.1_1684         0.290  22  0.471  22  0.916  18  0.781   0.592 Y  0.450      SignalP-TM
NZ_CP028714.1_1684         0.409  22  0.597  22  0.959  18  0.889   0.734 Y  0.570      SignalP-noTM
NZ_CP028714.1_1708         0.273  21  0.436  21  0.814  19  0.703   0.540 Y  0.450      SignalP-TM
NZ_CP028714.1_1708         0.735  21  0.803  21  0.944  11  0.882   0.840 Y  0.570      SignalP-noTM
NZ_CP028714.1_171          0.286  39  0.365  20  0.761   8  0.718   0.503 Y  0.450      SignalP-TM
NZ_CP028714.1_171          0.853  20  0.890  20  0.969  18  0.923   0.905 Y  0.570      SignalP-noTM
NZ_CP028714.1_1736         0.291  32  0.450  32  0.802  22  0.707   0.551 Y  0.450      SignalP-TM
NZ_CP028714.1_176          0.483  34  0.520  34  0.648  27  0.440   0.489 Y  0.450      SignalP-TM
NZ_CP028714.1_176          0.790  34  0.670  34  0.867  25  0.563   0.620 Y  0.570      SignalP-noTM
NZ_CP028714.1_1781         0.340  24  0.450  24  0.698   2  0.619   0.516 Y  0.450      SignalP-TM
NZ_CP028714.1_1781         0.817  24  0.856  24  0.945  17  0.905   0.879 Y  0.570      SignalP-noTM
NZ_CP028714.1_1785         0.304  32  0.451  32  0.734  26  0.542   0.487 Y  0.450      SignalP-TM
NZ_CP028714.1_1793         0.153  23  0.370  23  0.947  21  0.908   0.623 Y  0.570      SignalP-noTM
NZ_CP028714.1_1793         0.155  41  0.292  17  0.922   6  0.861   0.514 Y  0.450      SignalP-TM
NZ_CP028714.1_1812         0.166  34  0.301  19  0.876   9  0.808   0.499 Y  0.450      SignalP-TM
NZ_CP028714.1_1812         0.191  20  0.409  20  0.937   3  0.889   0.634 Y  0.570      SignalP-noTM
NZ_CP028714.1_1816         0.194  29  0.353  29  0.935  16  0.783   0.521 Y  0.450      SignalP-TM
NZ_CP028714.1_1816         0.339  22  0.566  22  0.969  18  0.944   0.743 Y  0.570      SignalP-noTM
NZ_CP028714.1_1847         0.187  18  0.386  18  0.873  13  0.778   0.539 Y  0.450      SignalP-TM
NZ_CP028714.1_1847         0.231  18  0.454  18  0.946  16  0.879   0.654 Y  0.570      SignalP-noTM
NZ_CP028714.1_1853         0.653  23  0.679  23  0.852   4  0.755   0.709 Y  0.450      SignalP-TM
NZ_CP028714.1_1853         0.867  23  0.852  23  0.917   2  0.849   0.851 Y  0.570      SignalP-noTM
NZ_CP028714.1_1871         0.358  25  0.557  25  0.913  18  0.816   0.658 Y  0.450      SignalP-TM
NZ_CP028714.1_1871         0.707  25  0.749  25  0.911  24  0.812   0.779 Y  0.570      SignalP-noTM
NZ_CP028714.1_1882         0.134  25  0.347  25  0.960  22  0.871   0.593 Y  0.570      SignalP-noTM
NZ_CP028714.1_1882         0.173  46  0.382  30  0.957  24  0.847   0.563 Y  0.450      SignalP-TM
NZ_CP028714.1_1885         0.491  29  0.589  29  0.873  19  0.614   0.599 Y  0.450      SignalP-TM
NZ_CP028714.1_1885         0.843  22  0.788  22  0.872  20  0.700   0.747 Y  0.570      SignalP-noTM
NZ_CP028714.1_1926         0.151  56  0.354  24  0.981  16  0.900   0.567 Y  0.450      SignalP-TM
NZ_CP028714.1_1926         0.230  24  0.440  24  0.968   1  0.873   0.644 Y  0.570      SignalP-noTM
NZ_CP028714.1_1946         0.521  22  0.601  22  0.824  19  0.694   0.637 Y  0.450      SignalP-TM
NZ_CP028714.1_1946         0.863  22  0.807  22  0.862  21  0.764   0.787 Y  0.570      SignalP-noTM
NZ_CP028714.1_1972         0.145  59  0.306  21  0.932   4  0.824   0.508 Y  0.450      SignalP-TM
NZ_CP028714.1_1972         0.189  24  0.404  24  0.962   3  0.897   0.636 Y  0.570      SignalP-noTM
NZ_CP028714.1_1983         0.296  25  0.426  25  0.734   8  0.644   0.511 Y  0.450      SignalP-TM
NZ_CP028714.1_1985         0.265  29  0.411  23  0.818   6  0.723   0.533 Y  0.450      SignalP-TM
NZ_CP028714.1_1985         0.685  23  0.802  23  0.953  21  0.932   0.863 Y  0.570      SignalP-noTM
NZ_CP028714.1_1991         0.171  24  0.377  24  0.952   3  0.865   0.606 Y  0.570      SignalP-noTM
NZ_CP028714.1_1991         0.202  26  0.391  26  0.897  16  0.787   0.545 Y  0.450      SignalP-TM
NZ_CP028714.1_2018         0.404  29  0.536  29  0.897  14  0.768   0.627 Y  0.450      SignalP-TM
NZ_CP028714.1_2018         0.610  24  0.737  24  0.976  17  0.906   0.816 Y  0.570      SignalP-noTM
NZ_CP028714.1_2034         0.197  32  0.386  32  0.957  21  0.811   0.586 Y  0.570      SignalP-noTM
NZ_CP028714.1_204          0.301  26  0.512  21  0.967  17  0.920   0.704 Y  0.570      SignalP-noTM
NZ_CP028714.1_204          0.380  26  0.578  26  0.971   9  0.917   0.710 Y  0.450      SignalP-TM
NZ_CP028714.1_2041         0.420  27  0.532  27  0.885  11  0.761   0.621 Y  0.450      SignalP-TM
NZ_CP028714.1_2041         0.713  27  0.819  27  0.976  23  0.945   0.878 Y  0.570      SignalP-noTM
NZ_CP028714.1_2063         0.180  25  0.353  22  0.950  16  0.870   0.596 Y  0.570      SignalP-noTM
NZ_CP028714.1_2063         0.263  25  0.458  25  0.942   2  0.843   0.608 Y  0.450      SignalP-TM
NZ_CP028714.1_2071         0.152  27  0.352  24  0.923   5  0.857   0.589 Y  0.570      SignalP-noTM
NZ_CP028714.1_2071         0.247  69  0.294  26  0.889   7  0.730   0.464 Y  0.450      SignalP-TM
NZ_CP028714.1_2074         0.257  20  0.446  20  0.866  16  0.765   0.571 Y  0.450      SignalP-TM
NZ_CP028714.1_2074         0.772  20  0.819  20  0.926  15  0.868   0.842 Y  0.570      SignalP-noTM
NZ_CP028714.1_2075         0.568  30  0.664  30  0.816  21  0.698   0.677 Y  0.450      SignalP-TM
NZ_CP028714.1_2075         0.757  30  0.818  30  0.968  17  0.889   0.851 Y  0.570      SignalP-noTM
NZ_CP028714.1_2076         0.562  27  0.716  27  0.969  14  0.929   0.816 Y  0.570      SignalP-noTM
NZ_CP028714.1_2076         0.653  27  0.749  27  0.925  24  0.850   0.789 Y  0.450      SignalP-TM
NZ_CP028714.1_208          0.582  26  0.675  26  0.908  10  0.776   0.714 Y  0.450      SignalP-TM
NZ_CP028714.1_208          0.755  26  0.828  26  0.966  22  0.905   0.864 Y  0.570      SignalP-noTM
NZ_CP028714.1_2080         0.162  33  0.365  20  0.924  18  0.866   0.561 Y  0.450      SignalP-TM
NZ_CP028714.1_2080         0.625  20  0.754  20  0.935  16  0.890   0.818 Y  0.570      SignalP-noTM
NZ_CP028714.1_2081         0.353  26  0.543  26  0.973  10  0.897   0.709 Y  0.570      SignalP-noTM
NZ_CP028714.1_2081         0.410  26  0.604  26  0.965   8  0.920   0.727 Y  0.450      SignalP-TM
NZ_CP028714.1_209          0.302  26  0.467  26  0.802  13  0.688   0.553 Y  0.450      SignalP-TM
NZ_CP028714.1_209          0.354  26  0.567  26  0.975  22  0.885   0.716 Y  0.570      SignalP-noTM
NZ_CP028714.1_2093         0.636  28  0.717  28  0.956  22  0.848   0.778 Y  0.570      SignalP-noTM
NZ_CP028714.1_2093         0.674  28  0.746  28  0.905  21  0.810   0.771 Y  0.450      SignalP-TM
NZ_CP028714.1_2098         0.137  30  0.290  27  0.842  10  0.718   0.457 Y  0.450      SignalP-TM
NZ_CP028714.1_210          0.154  24  0.364  19  0.949  16  0.881   0.607 Y  0.570      SignalP-noTM
NZ_CP028714.1_2133         0.565  35  0.609  35  0.877  31  0.697   0.643 Y  0.450      SignalP-TM
NZ_CP028714.1_2133         0.660  35  0.663  35  0.828  15  0.684   0.673 Y  0.570      SignalP-noTM
NZ_CP028714.1_2136         0.248  29  0.420  29  0.988  12  0.853   0.624 Y  0.570      SignalP-noTM
NZ_CP028714.1_2136         0.422  29  0.591  29  0.983  14  0.901   0.712 Y  0.450      SignalP-TM
NZ_CP028714.1_2141         0.301  26  0.487  26  0.899   9  0.812   0.613 Y  0.450      SignalP-TM
NZ_CP028714.1_2141         0.781  26  0.798  26  0.881   6  0.837   0.816 Y  0.570      SignalP-noTM
NZ_CP028714.1_2146         0.141  20  0.337  20  0.899   9  0.800   0.518 Y  0.450      SignalP-TM
NZ_CP028714.1_2146         0.805  20  0.847  20  0.958  17  0.872   0.859 Y  0.570      SignalP-noTM
NZ_CP028714.1_215          0.222  28  0.401  28  0.814  17  0.716   0.524 Y  0.450      SignalP-TM
NZ_CP028714.1_2158         0.486  23  0.580  23  0.879   5  0.748   0.645 Y  0.450      SignalP-TM
NZ_CP028714.1_2158         0.508  23  0.571  23  0.861   2  0.713   0.638 Y  0.570      SignalP-noTM
NZ_CP028714.1_216          0.408  35  0.477  35  0.768  24  0.584   0.518 Y  0.450      SignalP-TM
NZ_CP028714.1_2168         0.180  22  0.339  22  0.875   4  0.709   0.483 Y  0.450      SignalP-TM
NZ_CP028714.1_2168         0.729  22  0.799  22  0.970   8  0.908   0.850 Y  0.570      SignalP-noTM
NZ_CP028714.1_2171         0.182  25  0.375  25  0.902   8  0.801   0.541 Y  0.450      SignalP-TM
NZ_CP028714.1_2171         0.406  25  0.576  25  0.959  12  0.855   0.707 Y  0.570      SignalP-noTM
NZ_CP028714.1_2172         0.258  20  0.391  20  0.759  17  0.612   0.477 Y  0.450      SignalP-TM
NZ_CP028714.1_2182         0.410  34  0.531  24  0.908   7  0.855   0.657 Y  0.450      SignalP-TM
NZ_CP028714.1_2182         0.526  24  0.697  24  0.991  11  0.945   0.814 Y  0.570      SignalP-noTM
NZ_CP028714.1_2183         0.722  22  0.812  22  0.949   5  0.915   0.852 Y  0.450      SignalP-TM
NZ_CP028714.1_2183         0.881  22  0.922  22  0.980  12  0.951   0.936 Y  0.570      SignalP-noTM
NZ_CP028714.1_2188         0.851  22  0.772  22  0.853   1  0.736   0.755 Y  0.570      SignalP-noTM
NZ_CP028714.1_2196         0.146  22  0.335  22  0.891  18  0.803   0.517 Y  0.450      SignalP-TM
NZ_CP028714.1_2196         0.160  22  0.355  22  0.913   2  0.824   0.575 Y  0.570      SignalP-noTM
NZ_CP028714.1_2197         0.164  50  0.350  26  0.866   2  0.804   0.527 Y  0.450      SignalP-TM
NZ_CP028714.1_2197         0.796  26  0.838  26  0.938  22  0.891   0.862 Y  0.570      SignalP-noTM
NZ_CP028714.1_220          0.539  43  0.481  43  0.777   1  0.465   0.475 Y  0.450      SignalP-TM
NZ_CP028714.1_2202         0.617  26  0.734  26  0.954  16  0.866   0.785 Y  0.450      SignalP-TM
NZ_CP028714.1_2202         0.873  26  0.907  26  0.981  10  0.947   0.926 Y  0.570      SignalP-noTM
NZ_CP028714.1_2203         0.752  30  0.564  30  0.519  10  0.407   0.502 Y  0.450      SignalP-TM
NZ_CP028714.1_2203         0.826  30  0.733  30  0.854  26  0.621   0.681 Y  0.570      SignalP-noTM
NZ_CP028714.1_2204         0.544  29  0.694  29  0.979  16  0.915   0.780 Y  0.450      SignalP-TM
NZ_CP028714.1_2204         0.801  29  0.837  29  0.988  13  0.925   0.879 Y  0.570      SignalP-noTM
NZ_CP028714.1_2205         0.278  26  0.367  26  0.824   9  0.622   0.466 Y  0.450      SignalP-TM
NZ_CP028714.1_2205         0.654  26  0.541  26  0.827   6  0.627   0.573 Y  0.510      SignalP-TM
NZ_CP028714.1_2206         0.737  19  0.809  19  0.953  18  0.862   0.834 Y  0.570      SignalP-noTM
NZ_CP028714.1_2207         0.609  25  0.717  25  0.933   8  0.873   0.778 Y  0.450      SignalP-TM
NZ_CP028714.1_2207         0.843  25  0.861  25  0.936  22  0.884   0.872 Y  0.570      SignalP-noTM
NZ_CP028714.1_2212         0.311  49  0.510  20  0.929  18  0.892   0.659 Y  0.450      SignalP-TM
NZ_CP028714.1_2212         0.847  20  0.902  20  0.978  18  0.954   0.927 Y  0.570      SignalP-noTM
NZ_CP028714.1_222          0.683  33  0.718  33  0.812  31  0.727   0.722 Y  0.450      SignalP-TM
NZ_CP028714.1_222          0.845  33  0.837  33  0.949  15  0.843   0.840 Y  0.570      SignalP-noTM
NZ_CP028714.1_2230         0.201  47  0.372  23  0.920   2  0.846   0.557 Y  0.450      SignalP-TM
NZ_CP028714.1_2230         0.566  23  0.727  23  0.981  17  0.939   0.826 Y  0.570      SignalP-noTM
NZ_CP028714.1_2231         0.691  23  0.783  23  0.962   9  0.912   0.833 Y  0.450      SignalP-TM
NZ_CP028714.1_2231         0.792  23  0.857  23  0.987  10  0.945   0.898 Y  0.570      SignalP-noTM
NZ_CP028714.1_2268         0.233  25  0.391  25  0.777   7  0.693   0.509 Y  0.450      SignalP-TM
NZ_CP028714.1_227          0.362  22  0.553  22  0.926  18  0.846   0.691 Y  0.570      SignalP-noTM
NZ_CP028714.1_228          0.570  21  0.636  21  0.858  18  0.710   0.665 Y  0.450      SignalP-TM
NZ_CP028714.1_228          0.785  21  0.821  21  0.947  17  0.851   0.835 Y  0.570      SignalP-noTM
NZ_CP028714.1_2286         0.242  33  0.385  33  0.858  19  0.708   0.511 Y  0.450      SignalP-TM
NZ_CP028714.1_2288         0.250  24  0.455  24  0.890  11  0.832   0.602 Y  0.450      SignalP-TM
NZ_CP028714.1_2288         0.712  22  0.816  22  0.962   9  0.932   0.870 Y  0.570      SignalP-noTM
NZ_CP028714.1_229          0.294  19  0.516  19  0.970  16  0.905   0.668 Y  0.450      SignalP-TM
NZ_CP028714.1_229          0.814  19  0.874  19  0.961  18  0.928   0.899 Y  0.570      SignalP-noTM
NZ_CP028714.1_23           0.224  20  0.432  20  0.903  14  0.821   0.584 Y  0.450      SignalP-TM
NZ_CP028714.1_23           0.539  20  0.724  20  0.984  18  0.956   0.833 Y  0.570      SignalP-noTM
NZ_CP028714.1_2300         0.596  26  0.716  26  0.947  12  0.867   0.775 Y  0.450      SignalP-TM
NZ_CP028714.1_2300         0.712  26  0.800  26  0.956  10  0.906   0.850 Y  0.570      SignalP-noTM
NZ_CP028714.1_2305         0.173  44  0.318  32  0.850  15  0.673   0.456 Y  0.450      SignalP-TM
NZ_CP028714.1_2311         0.661  20  0.688  20  0.897  18  0.746   0.715 Y  0.570      SignalP-noTM
NZ_CP028714.1_2312         0.157  43  0.335  20  0.907   2  0.795   0.514 Y  0.450      SignalP-TM
NZ_CP028714.1_2312         0.598  20  0.679  20  0.859   1  0.783   0.728 Y  0.570      SignalP-noTM
NZ_CP028714.1_2313         0.473  23  0.546  23  0.696  10  0.599   0.567 Y  0.450      SignalP-TM
NZ_CP028714.1_2322         0.687  22  0.755  22  0.936   5  0.860   0.796 Y  0.450      SignalP-TM
NZ_CP028714.1_2322         0.884  22  0.897  22  0.951  14  0.922   0.909 Y  0.570      SignalP-noTM
NZ_CP028714.1_2327         0.278  27  0.429  22  0.939  12  0.883   0.642 Y  0.570      SignalP-noTM
NZ_CP028714.1_2327         0.498  27  0.606  27  0.925  17  0.779   0.673 Y  0.450      SignalP-TM
NZ_CP028714.1_2328         0.636  21  0.645  21  0.822  18  0.677   0.658 Y  0.450      SignalP-TM
NZ_CP028714.1_2328         0.894  21  0.876  21  0.909  20  0.868   0.872 Y  0.570      SignalP-noTM
NZ_CP028714.1_2332         0.617  32  0.613  32  0.985  15  0.818   0.709 Y  0.570      SignalP-noTM
NZ_CP028714.1_2332         0.654  32  0.660  32  0.965  15  0.814   0.720 Y  0.450      SignalP-TM
NZ_CP028714.1_2335         0.407  28  0.563  28  0.853  23  0.718   0.624 Y  0.450      SignalP-TM
NZ_CP028714.1_2335         0.825  28  0.869  28  0.970  26  0.850   0.860 Y  0.570      SignalP-noTM
NZ_CP028714.1_2343         0.267  31  0.390  28  0.756  12  0.696   0.509 Y  0.450      SignalP-TM
NZ_CP028714.1_2344         0.192  26  0.340  26  0.815   2  0.653   0.462 Y  0.450      SignalP-TM
NZ_CP028714.1_2344         0.795  19  0.834  19  0.916  17  0.871   0.852 Y  0.570      SignalP-noTM
NZ_CP028714.1_2346         0.316  30  0.477  30  0.817  23  0.685   0.558 Y  0.450      SignalP-TM
NZ_CP028714.1_2346         0.752  30  0.750  30  0.864  26  0.732   0.742 Y  0.570      SignalP-noTM
NZ_CP028714.1_2360         0.636  22  0.623  22  0.762  17  0.637   0.629 Y  0.450      SignalP-TM
NZ_CP028714.1_2360         0.790  20  0.856  20  0.953  13  0.915   0.884 Y  0.570      SignalP-noTM
NZ_CP028714.1_2362         0.288  34  0.456  34  0.949  16  0.793   0.614 Y  0.570      SignalP-noTM
NZ_CP028714.1_2362         0.301  36  0.452  36  0.910  16  0.694   0.546 Y  0.450      SignalP-TM
NZ_CP028714.1_238          0.656  23  0.681  23  0.864   3  0.750   0.708 Y  0.450      SignalP-TM
NZ_CP028714.1_238          0.811  23  0.865  23  0.976  12  0.926   0.894 Y  0.570      SignalP-noTM
NZ_CP028714.1_2382         0.476  26  0.605  26  0.896  10  0.789   0.677 Y  0.450      SignalP-TM
NZ_CP028714.1_2382         0.695  26  0.733  26  0.901  19  0.800   0.765 Y  0.570      SignalP-noTM
NZ_CP028714.1_2386         0.539  31  0.469  31  0.640  28  0.425   0.452 Y  0.450      SignalP-TM
NZ_CP028714.1_2387         0.546  24  0.678  24  0.937   8  0.867   0.752 Y  0.450      SignalP-TM
NZ_CP028714.1_2387         0.861  24  0.892  24  0.961  17  0.934   0.912 Y  0.570      SignalP-noTM
NZ_CP028714.1_2398         0.251  24  0.465  24  0.941  22  0.844   0.643 Y  0.570      SignalP-noTM
NZ_CP028714.1_2398         0.276  32  0.390  32  0.688  19  0.576   0.463 Y  0.450      SignalP-TM
NZ_CP028714.1_24           0.223  24  0.439  24  0.922  18  0.850   0.599 Y  0.450      SignalP-TM
NZ_CP028714.1_24           0.805  24  0.886  24  0.989  14  0.970   0.926 Y  0.570      SignalP-noTM
NZ_CP028714.1_2402         0.431  26  0.647  26  0.986  15  0.952   0.766 Y  0.450      SignalP-TM
NZ_CP028714.1_2402         0.580  26  0.736  26  0.990  14  0.946   0.835 Y  0.570      SignalP-noTM
NZ_CP028714.1_2405         0.244  24  0.443  24  0.906  22  0.758   0.566 Y  0.450      SignalP-TM
NZ_CP028714.1_2405         0.773  24  0.837  24  0.947  21  0.901   0.867 Y  0.570      SignalP-noTM
NZ_CP028714.1_2414         0.170  28  0.374  22  0.923   8  0.866   0.566 Y  0.450      SignalP-TM
NZ_CP028714.1_2414         0.219  22  0.422  22  0.939   5  0.858   0.627 Y  0.570      SignalP-noTM
NZ_CP028714.1_2425         0.414  23  0.458  23  0.576  19  0.459   0.458 Y  0.450      SignalP-TM
NZ_CP028714.1_2425         0.531  23  0.688  23  0.939  12  0.865   0.771 Y  0.570      SignalP-noTM
NZ_CP028714.1_2426         0.356  23  0.547  23  0.885  17  0.827   0.656 Y  0.450      SignalP-TM
NZ_CP028714.1_2426         0.854  23  0.894  23  0.973  17  0.942   0.917 Y  0.570      SignalP-noTM
NZ_CP028714.1_2427         0.759  19  0.584  19  0.745   1  0.488   0.548 Y  0.510      SignalP-TM
NZ_CP028714.1_2428         0.499  23  0.476  23  0.642   2  0.474   0.475 Y  0.450      SignalP-TM
NZ_CP028714.1_2428         0.705  23  0.767  23  0.894  20  0.804   0.785 Y  0.570      SignalP-noTM
NZ_CP028714.1_2429         0.518  21  0.597  21  0.775  19  0.687   0.632 Y  0.450      SignalP-TM
NZ_CP028714.1_2430         0.327  22  0.561  22  0.978  16  0.942   0.710 Y  0.450      SignalP-TM
NZ_CP028714.1_2430         0.810  22  0.893  22  0.991  12  0.968   0.929 Y  0.570      SignalP-noTM
NZ_CP028714.1_2435         0.169  35  0.273  11  0.831   8  0.770   0.466 Y  0.450      SignalP-TM
NZ_CP028714.1_2449         0.279  23  0.443  23  0.844  10  0.732   0.556 Y  0.450      SignalP-TM
NZ_CP028714.1_2449         0.373  22  0.530  22  0.894   2  0.788   0.651 Y  0.570      SignalP-noTM
NZ_CP028714.1_2468         0.130  26  0.332  20  0.965  13  0.924   0.610 Y  0.570      SignalP-noTM
NZ_CP028714.1_2468         0.173  30  0.337  30  0.968  13  0.813   0.523 Y  0.450      SignalP-TM
NZ_CP028714.1_2488         0.226  29  0.441  29  0.929  17  0.861   0.605 Y  0.450      SignalP-TM
NZ_CP028714.1_2488         0.403  29  0.573  29  0.944  18  0.851   0.704 Y  0.570      SignalP-noTM
NZ_CP028714.1_25           0.437  23  0.564  23  0.848   7  0.764   0.642 Y  0.450      SignalP-TM
NZ_CP028714.1_25           0.871  23  0.918  23  0.983  20  0.959   0.937 Y  0.570      SignalP-noTM
NZ_CP028714.1_2521         0.479  22  0.639  22  0.921  19  0.830   0.714 Y  0.450      SignalP-TM
NZ_CP028714.1_2521         0.485  22  0.676  22  0.963  20  0.932   0.797 Y  0.570      SignalP-noTM
NZ_CP028714.1_2535         0.328  23  0.486  23  0.863  16  0.685   0.579 Y  0.570      SignalP-noTM
NZ_CP028714.1_2535         0.600  27  0.612  27  0.775  22  0.565   0.593 Y  0.450      SignalP-TM
NZ_CP028714.1_2550         0.395  23  0.563  23  0.916  16  0.829   0.667 Y  0.450      SignalP-TM
NZ_CP028714.1_2550         0.685  23  0.778  23  0.956  12  0.904   0.837 Y  0.570      SignalP-noTM
NZ_CP028714.1_2570         0.523  28  0.616  28  0.852  25  0.567   0.597 Y  0.450      SignalP-TM
NZ_CP028714.1_2570         0.799  28  0.857  28  0.961  24  0.854   0.855 Y  0.570      SignalP-noTM
NZ_CP028714.1_2584         0.446  28  0.553  28  0.882   5  0.752   0.631 Y  0.450      SignalP-TM
NZ_CP028714.1_2584         0.674  23  0.772  23  0.954  20  0.902   0.833 Y  0.570      SignalP-noTM
NZ_CP028714.1_261          0.144  39  0.282  13  0.834   8  0.795   0.482 Y  0.450      SignalP-TM
NZ_CP028714.1_2610         0.232  22  0.407  22  0.832  15  0.695   0.519 Y  0.450      SignalP-TM
NZ_CP028714.1_2619         0.509  49  0.477  49  0.775   5  0.474   0.475 Y  0.450      SignalP-TM
NZ_CP028714.1_2623         0.266  31  0.394  31  0.864  20  0.702   0.514 Y  0.450      SignalP-TM
NZ_CP028714.1_2623         0.642  24  0.699  24  0.882   5  0.802   0.747 Y  0.570      SignalP-noTM
NZ_CP028714.1_2625         0.612  45  0.614  45  0.788  33  0.395   0.529 Y  0.450      SignalP-TM
NZ_CP028714.1_2626         0.691  24  0.733  24  0.922   9  0.822   0.767 Y  0.450      SignalP-TM
NZ_CP028714.1_2626         0.809  24  0.848  24  0.957  11  0.907   0.876 Y  0.570      SignalP-noTM
NZ_CP028714.1_2630         0.692  22  0.766  22  0.949   5  0.876   0.809 Y  0.450      SignalP-TM
NZ_CP028714.1_2630         0.854  22  0.894  22  0.961  14  0.938   0.914 Y  0.570      SignalP-noTM
NZ_CP028714.1_2645         0.295  22  0.431  22  0.728   4  0.653   0.518 Y  0.450      SignalP-TM
NZ_CP028714.1_2645         0.716  22  0.589  22  0.742  18  0.435   0.532 Y  0.510      SignalP-TM
NZ_CP028714.1_2658         0.215  20  0.443  20  0.967  19  0.900   0.621 Y  0.450      SignalP-TM
NZ_CP028714.1_2658         0.813  20  0.882  20  0.974  18  0.951   0.914 Y  0.570      SignalP-noTM
NZ_CP028714.1_2660         0.813  24  0.845  24  0.959  18  0.890   0.863 Y  0.450      SignalP-TM
NZ_CP028714.1_2660         0.879  24  0.907  24  0.970   8  0.940   0.923 Y  0.570      SignalP-noTM
NZ_CP028714.1_2664         0.355  20  0.529  20  0.903  16  0.769   0.642 Y  0.570      SignalP-noTM
NZ_CP028714.1_2685         0.326  25  0.473  25  0.808   8  0.722   0.570 Y  0.450      SignalP-TM
NZ_CP028714.1_2688         0.553  24  0.582  24  0.711   1  0.622   0.598 Y  0.450      SignalP-TM
NZ_CP028714.1_2688         0.816  24  0.816  24  0.903  20  0.813   0.814 Y  0.570      SignalP-noTM
NZ_CP028714.1_2708         0.341  18  0.486  18  0.822   2  0.712   0.574 Y  0.450      SignalP-TM
NZ_CP028714.1_2708         0.634  18  0.769  18  0.964  14  0.922   0.841 Y  0.570      SignalP-noTM
NZ_CP028714.1_2713         0.698  32  0.577  32  0.789  16  0.588   0.581 Y  0.450      SignalP-TM
NZ_CP028714.1_2728         0.316  45  0.427  45  0.775  28  0.525   0.465 Y  0.450      SignalP-TM
NZ_CP028714.1_2728         0.433  45  0.529  42  0.855  31  0.525   0.527 Y  0.510      SignalP-TM
NZ_CP028714.1_2739         0.296  22  0.522  22  0.957  16  0.910   0.673 Y  0.450      SignalP-TM
NZ_CP028714.1_2739         0.777  22  0.863  22  0.978  17  0.951   0.904 Y  0.570      SignalP-noTM
NZ_CP028714.1_2745         0.504  29  0.645  29  0.927  25  0.824   0.715 Y  0.450      SignalP-TM
NZ_CP028714.1_2745         0.511  27  0.650  27  0.905  25  0.833   0.736 Y  0.570      SignalP-noTM
NZ_CP028714.1_2747         0.192  21  0.419  21  0.954  11  0.921   0.615 Y  0.450      SignalP-TM
NZ_CP028714.1_2747         0.862  21  0.913  21  0.987  12  0.963   0.937 Y  0.570      SignalP-noTM
NZ_CP028714.1_2756         0.786  23  0.800  23  0.892   1  0.842   0.820 Y  0.570      SignalP-noTM
NZ_CP028714.1_2764         0.716  20  0.602  20  0.625  18  0.465   0.548 Y  0.450      SignalP-TM
NZ_CP028714.1_2764         0.786  20  0.647  20  0.659   2  0.549   0.611 Y  0.510      SignalP-TM
NZ_CP028714.1_2779         0.230  30  0.388  30  0.762  23  0.620   0.478 Y  0.450      SignalP-TM
NZ_CP028714.1_2787         0.237  26  0.420  26  0.940  13  0.824   0.578 Y  0.450      SignalP-TM
NZ_CP028714.1_2787         0.245  24  0.425  24  0.932   1  0.809   0.606 Y  0.570      SignalP-noTM
NZ_CP028714.1_2793         0.183  37  0.274  13  0.825   8  0.759   0.463 Y  0.450      SignalP-TM
NZ_CP028714.1_2797         0.600  23  0.653  23  0.805   6  0.733   0.684 Y  0.450      SignalP-TM
NZ_CP028714.1_2797         0.835  23  0.825  23  0.908  16  0.841   0.833 Y  0.570      SignalP-noTM
NZ_CP028714.1_281          0.457  27  0.530  27  0.913   6  0.742   0.630 Y  0.570      SignalP-noTM
NZ_CP028714.1_281          0.775  27  0.735  27  0.860  10  0.735   0.735 Y  0.450      SignalP-TM
NZ_CP028714.1_2818         0.160  29  0.301  21  0.881  18  0.697   0.455 Y  0.450      SignalP-TM
NZ_CP028714.1_2818         0.323  19  0.503  19  0.906   1  0.794   0.640 Y  0.570      SignalP-noTM
NZ_CP028714.1_2821         0.217  24  0.440  24  0.938  17  0.894   0.617 Y  0.450      SignalP-TM
NZ_CP028714.1_2821         0.699  24  0.820  24  0.980  17  0.955   0.883 Y  0.570      SignalP-noTM
NZ_CP028714.1_2824         0.688  21  0.753  21  0.904   1  0.824   0.786 Y  0.570      SignalP-noTM
NZ_CP028714.1_2827         0.388  34  0.540  34  0.849  27  0.707   0.605 Y  0.450      SignalP-TM
NZ_CP028714.1_2835         0.717  24  0.815  24  0.955  17  0.915   0.854 Y  0.450      SignalP-TM
NZ_CP028714.1_2835         0.817  24  0.874  24  0.979  12  0.939   0.905 Y  0.570      SignalP-noTM
NZ_CP028714.1_2839         0.207  24  0.407  24  0.921   3  0.834   0.608 Y  0.570      SignalP-noTM
NZ_CP028714.1_2855         0.285  40  0.489  26  0.939   8  0.870   0.638 Y  0.450      SignalP-TM
NZ_CP028714.1_2855         0.481  26  0.647  26  0.973  18  0.910   0.771 Y  0.570      SignalP-noTM
NZ_CP028714.1_2868         0.240  22  0.436  22  0.936  12  0.783   0.571 Y  0.450      SignalP-TM
NZ_CP028714.1_2868         0.295  21  0.497  21  0.922  12  0.826   0.651 Y  0.570      SignalP-noTM
NZ_CP028714.1_2899         0.480  24  0.635  24  0.951  19  0.873   0.747 Y  0.570      SignalP-noTM
NZ_CP028714.1_2899         0.492  24  0.561  24  0.827  16  0.677   0.607 Y  0.450      SignalP-TM
NZ_CP028714.1_29           0.468  24  0.661  24  0.971  18  0.937   0.769 Y  0.450      SignalP-TM
NZ_CP028714.1_29           0.723  24  0.815  24  0.989  10  0.942   0.875 Y  0.570      SignalP-noTM
NZ_CP028714.1_2900         0.318  26  0.507  26  0.885   8  0.817   0.628 Y  0.450      SignalP-TM
NZ_CP028714.1_2900         0.325  26  0.478  26  0.940  17  0.781   0.621 Y  0.570      SignalP-noTM
NZ_CP028714.1_2906         0.198  33  0.321  28  0.872  13  0.711   0.473 Y  0.450      SignalP-TM
NZ_CP028714.1_2921         0.314  28  0.535  28  0.968  10  0.921   0.685 Y  0.450      SignalP-TM
NZ_CP028714.1_2921         0.420  28  0.587  28  0.954  11  0.881   0.725 Y  0.570      SignalP-noTM
NZ_CP028714.1_2929         0.695  20  0.742  20  0.906  19  0.802   0.765 Y  0.450      SignalP-TM
NZ_CP028714.1_2929         0.820  20  0.851  20  0.938  19  0.880   0.865 Y  0.570      SignalP-noTM
NZ_CP028714.1_2934         0.196  22  0.388  22  0.842   2  0.789   0.544 Y  0.450      SignalP-TM
NZ_CP028714.1_2936         0.147  27  0.293  27  0.886   6  0.704   0.454 Y  0.450      SignalP-TM
NZ_CP028714.1_2936         0.219  21  0.429  21  0.898  13  0.839   0.621 Y  0.570      SignalP-noTM
NZ_CP028714.1_294          0.510  23  0.633  23  0.914   4  0.825   0.708 Y  0.450      SignalP-TM
NZ_CP028714.1_294          0.721  23  0.793  23  0.920  11  0.879   0.833 Y  0.570      SignalP-noTM
NZ_CP028714.1_2945         0.178  36  0.337  25  0.879   9  0.748   0.498 Y  0.450      SignalP-TM
NZ_CP028714.1_2945         0.427  25  0.594  25  0.934  15  0.835   0.707 Y  0.570      SignalP-noTM
NZ_CP028714.1_2961         0.666  24  0.778  24  0.969  11  0.918   0.844 Y  0.570      SignalP-noTM
NZ_CP028714.1_2961         0.800  24  0.816  24  0.925  10  0.845   0.827 Y  0.450      SignalP-TM
NZ_CP028714.1_297          0.353  24  0.499  24  0.837  21  0.702   0.578 Y  0.450      SignalP-TM
NZ_CP028714.1_297          0.810  24  0.875  24  0.977  20  0.913   0.893 Y  0.570      SignalP-noTM
NZ_CP028714.1_2973         0.430  32  0.615  23  0.938  16  0.902   0.727 Y  0.450      SignalP-TM
NZ_CP028714.1_2973         0.772  23  0.841  23  0.971   8  0.931   0.883 Y  0.570      SignalP-noTM
NZ_CP028714.1_2979         0.332  22  0.515  22  0.897  19  0.758   0.610 Y  0.450      SignalP-TM
NZ_CP028714.1_2979         0.691  22  0.746  22  0.929  17  0.808   0.775 Y  0.570      SignalP-noTM
NZ_CP028714.1_2980         0.606  22  0.769  22  0.989  17  0.970   0.847 Y  0.450      SignalP-TM
NZ_CP028714.1_2980         0.907  22  0.944  22  0.988  18  0.977   0.960 Y  0.570      SignalP-noTM
NZ_CP028714.1_2989         0.367  37  0.454  28  0.959  22  0.842   0.636 Y  0.570      SignalP-noTM
NZ_CP028714.1_2989         0.405  37  0.549  37  0.893  10  0.793   0.644 Y  0.450      SignalP-TM
NZ_CP028714.1_2991         0.379  22  0.593  22  0.960   4  0.938   0.728 Y  0.450      SignalP-TM
NZ_CP028714.1_2991         0.874  22  0.916  22  0.985   8  0.959   0.936 Y  0.570      SignalP-noTM
NZ_CP028714.1_2994         0.527  29  0.641  29  0.959  12  0.840   0.719 Y  0.450      SignalP-TM
NZ_CP028714.1_2994         0.847  29  0.802  29  0.973  15  0.866   0.832 Y  0.570      SignalP-noTM
NZ_CP028714.1_3006         0.166  25  0.278  13  0.831   2  0.753   0.463 Y  0.450      SignalP-TM
NZ_CP028714.1_3012         0.464  27  0.480  27  0.773  11  0.569   0.515 Y  0.450      SignalP-TM
NZ_CP028714.1_3014         0.343  24  0.521  24  0.942  17  0.762   0.615 Y  0.450      SignalP-TM
NZ_CP028714.1_3014         0.499  22  0.663  22  0.960  16  0.878   0.764 Y  0.570      SignalP-noTM
NZ_CP028714.1_302          0.699  30  0.743  30  0.935  17  0.851   0.794 Y  0.570      SignalP-noTM
NZ_CP028714.1_302          0.831  30  0.805  30  0.934  11  0.843   0.820 Y  0.450      SignalP-TM
NZ_CP028714.1_3036         0.251  55  0.457  24  0.942  15  0.884   0.623 Y  0.450      SignalP-TM
NZ_CP028714.1_3036         0.791  24  0.841  24  0.944  13  0.895   0.861 Y  0.510      SignalP-TM
NZ_CP028714.1_304          0.236  45  0.415  36  0.866  32  0.690   0.522 Y  0.450      SignalP-TM
NZ_CP028714.1_3040         0.164  19  0.347  19  0.792   8  0.735   0.498 Y  0.450      SignalP-TM
NZ_CP028714.1_3040         0.845  19  0.868  19  0.932  18  0.893   0.880 Y  0.570      SignalP-noTM
NZ_CP028714.1_3046         0.251  55  0.457  24  0.942  15  0.884   0.623 Y  0.450      SignalP-TM
NZ_CP028714.1_3046         0.791  24  0.841  24  0.944  13  0.895   0.861 Y  0.510      SignalP-TM
NZ_CP028714.1_3050         0.164  19  0.347  19  0.792   8  0.735   0.498 Y  0.450      SignalP-TM
NZ_CP028714.1_3050         0.845  19  0.868  19  0.932  18  0.893   0.880 Y  0.570      SignalP-noTM
NZ_CP028714.1_3057         0.417  27  0.545  27  0.835  11  0.724   0.615 Y  0.450      SignalP-TM
NZ_CP028714.1_3057         0.780  27  0.854  27  0.977  21  0.923   0.887 Y  0.570      SignalP-noTM
NZ_CP028714.1_3058         0.204  25  0.361  25  0.845   3  0.703   0.494 Y  0.450      SignalP-TM
NZ_CP028714.1_3058         0.538  25  0.622  25  0.929  13  0.787   0.699 Y  0.570      SignalP-noTM
NZ_CP028714.1_3061         0.661  22  0.685  22  0.838  11  0.739   0.710 Y  0.570      SignalP-noTM
NZ_CP028714.1_3061         0.728  22  0.669  22  0.889  18  0.590   0.638 Y  0.450      SignalP-TM
NZ_CP028714.1_3062         0.453  24  0.642  24  0.955  17  0.890   0.739 Y  0.450      SignalP-TM
NZ_CP028714.1_3062         0.758  24  0.833  24  0.964  17  0.907   0.868 Y  0.570      SignalP-noTM
NZ_CP028714.1_3063         0.519  32  0.610  32  0.855  17  0.728   0.656 Y  0.450      SignalP-TM
NZ_CP028714.1_3063         0.761  32  0.726  32  0.815  16  0.614   0.685 Y  0.510      SignalP-TM
NZ_CP028714.1_3065         0.427  23  0.571  23  0.925  18  0.778   0.668 Y  0.570      SignalP-noTM
NZ_CP028714.1_3066         0.245  37  0.423  25  0.953   6  0.891   0.606 Y  0.450      SignalP-TM
NZ_CP028714.1_3066         0.639  24  0.777  24  0.963  12  0.943   0.855 Y  0.570      SignalP-noTM
NZ_CP028714.1_3067         0.444  25  0.489  25  0.602  12  0.489   0.489 Y  0.450      SignalP-TM
NZ_CP028714.1_3067         0.747  25  0.616  25  0.587  23  0.413   0.541 Y  0.510      SignalP-TM
NZ_CP028714.1_3071         0.535  27  0.707  27  0.957  19  0.917   0.789 Y  0.450      SignalP-TM
NZ_CP028714.1_3071         0.809  30  0.821  30  0.976  15  0.888   0.852 Y  0.570      SignalP-noTM
NZ_CP028714.1_3075         0.232  23  0.415  23  0.831   8  0.751   0.546 Y  0.450      SignalP-TM
NZ_CP028714.1_3075         0.440  23  0.640  23  0.960  20  0.921   0.772 Y  0.570      SignalP-noTM
NZ_CP028714.1_3078         0.153  36  0.333  36  0.864  27  0.662   0.461 Y  0.450      SignalP-TM
NZ_CP028714.1_310          0.267  45  0.416  22  0.968  11  0.927   0.615 Y  0.450      SignalP-TM
NZ_CP028714.1_310          0.525  21  0.700  21  0.970  10  0.930   0.808 Y  0.570      SignalP-noTM
NZ_CP028714.1_3116         0.310  31  0.462  31  0.924  15  0.784   0.588 Y  0.450      SignalP-TM
NZ_CP028714.1_3116         0.799  31  0.773  31  0.891  22  0.790   0.781 Y  0.570      SignalP-noTM
NZ_CP028714.1_3117         0.450  24  0.583  24  0.871   7  0.765   0.654 Y  0.450      SignalP-TM
NZ_CP028714.1_3117         0.888  24  0.875  24  0.953  22  0.869   0.873 Y  0.570      SignalP-noTM
NZ_CP028714.1_3118         0.361  31  0.488  31  0.758  27  0.527   0.503 Y  0.450      SignalP-TM
NZ_CP028714.1_3127         0.802  23  0.842  23  0.929  19  0.880   0.857 Y  0.450      SignalP-TM
NZ_CP028714.1_3127         0.836  23  0.845  23  0.941  19  0.860   0.852 Y  0.570      SignalP-noTM
NZ_CP028714.1_3133         0.167  25  0.373  25  0.903  12  0.844   0.557 Y  0.450      SignalP-TM
NZ_CP028714.1_3133         0.223  25  0.430  25  0.951   1  0.863   0.634 Y  0.570      SignalP-noTM
NZ_CP028714.1_3139         0.743  21  0.714  21  0.767  17  0.688   0.702 Y  0.570      SignalP-noTM
NZ_CP028714.1_3139         0.848  21  0.674  21  0.793  17  0.516   0.612 Y  0.450      SignalP-TM
NZ_CP028714.1_3143         0.741  21  0.719  21  0.890   1  0.714   0.717 Y  0.570      SignalP-noTM
NZ_CP028714.1_315          0.676  18  0.714  18  0.880  14  0.761   0.736 Y  0.570      SignalP-noTM
NZ_CP028714.1_3151         0.284  22  0.432  22  0.918  21  0.680   0.529 Y  0.450      SignalP-TM
NZ_CP028714.1_3151         0.750  22  0.806  22  0.933  21  0.841   0.822 Y  0.570      SignalP-noTM
NZ_CP028714.1_3152         0.335  22  0.531  22  0.915   6  0.856   0.658 Y  0.450      SignalP-TM
NZ_CP028714.1_3152         0.835  22  0.881  22  0.954  17  0.924   0.901 Y  0.570      SignalP-noTM
NZ_CP028714.1_3153         0.273  25  0.409  25  0.776  10  0.626   0.493 Y  0.450      SignalP-TM
NZ_CP028714.1_3156         0.205  25  0.421  21  0.919  10  0.871   0.597 Y  0.450      SignalP-TM
NZ_CP028714.1_3156         0.294  21  0.510  21  0.943  15  0.885   0.686 Y  0.570      SignalP-noTM
NZ_CP028714.1_3157         0.374  25  0.503  25  0.933  15  0.780   0.633 Y  0.570      SignalP-noTM
NZ_CP028714.1_3157         0.771  28  0.800  28  0.884  18  0.792   0.797 Y  0.450      SignalP-TM
NZ_CP028714.1_3159         0.766  22  0.789  22  0.913   5  0.837   0.808 Y  0.450      SignalP-TM
NZ_CP028714.1_3159         0.895  22  0.904  22  0.943   2  0.921   0.912 Y  0.570      SignalP-noTM
NZ_CP028714.1_3173         0.138  26  0.308  26  0.799  14  0.710   0.465 Y  0.450      SignalP-TM
NZ_CP028714.1_3175         0.521  23  0.650  23  0.916  20  0.758   0.692 Y  0.450      SignalP-TM
NZ_CP028714.1_3175         0.700  23  0.757  23  0.935  20  0.799   0.777 Y  0.570      SignalP-noTM
NZ_CP028714.1_318          0.186  19  0.384  19  0.907  18  0.766   0.533 Y  0.450      SignalP-TM
NZ_CP028714.1_318          0.692  19  0.781  19  0.930  15  0.867   0.821 Y  0.570      SignalP-noTM
NZ_CP028714.1_3186         0.421  22  0.538  22  0.888   5  0.745   0.619 Y  0.450      SignalP-TM
NZ_CP028714.1_3186         0.469  20  0.616  20  0.919   1  0.827   0.715 Y  0.570      SignalP-noTM
NZ_CP028714.1_3195         0.148  26  0.318  23  0.863  15  0.790   0.502 Y  0.450      SignalP-TM
NZ_CP028714.1_3197         0.401  20  0.535  20  0.827  18  0.733   0.612 Y  0.450      SignalP-TM
NZ_CP028714.1_3197         0.889  20  0.877  20  0.938  19  0.863   0.870 Y  0.570      SignalP-noTM
NZ_CP028714.1_32           0.708  24  0.778  24  0.958  19  0.885   0.828 Y  0.570      SignalP-noTM
NZ_CP028714.1_32           0.742  24  0.808  24  0.939  10  0.884   0.837 Y  0.450      SignalP-TM
NZ_CP028714.1_3204         0.551  22  0.654  22  0.926  19  0.734   0.685 Y  0.450      SignalP-TM
NZ_CP028714.1_3204         0.865  22  0.843  22  0.905  19  0.812   0.828 Y  0.570      SignalP-noTM
NZ_CP028714.1_3210         0.172  44  0.352  20  0.862   3  0.794   0.524 Y  0.450      SignalP-TM
NZ_CP028714.1_3210         0.249  20  0.455  20  0.915  18  0.830   0.631 Y  0.570      SignalP-noTM
NZ_CP028714.1_3212         0.289  28  0.414  28  0.815  18  0.620   0.494 Y  0.450      SignalP-TM
NZ_CP028714.1_322          0.498  33  0.513  33  0.918  12  0.742   0.620 Y  0.570      SignalP-noTM
NZ_CP028714.1_322          0.526  33  0.609  33  0.866  25  0.755   0.666 Y  0.450      SignalP-TM
NZ_CP028714.1_3220         0.260  31  0.382  31  0.940   9  0.750   0.525 Y  0.450      SignalP-TM
NZ_CP028714.1_3220         0.336  24  0.558  24  0.974   8  0.939   0.737 Y  0.570      SignalP-noTM
NZ_CP028714.1_323          0.314  41  0.489  27  0.941  25  0.818   0.618 Y  0.450      SignalP-TM
NZ_CP028714.1_323          0.665  27  0.777  27  0.961  20  0.901   0.835 Y  0.570      SignalP-noTM
NZ_CP028714.1_3248         0.356  22  0.527  22  0.910   5  0.812   0.638 Y  0.450      SignalP-TM
NZ_CP028714.1_3248         0.819  22  0.877  22  0.960  16  0.940   0.907 Y  0.570      SignalP-noTM
NZ_CP028714.1_326          0.354  22  0.480  22  0.866  18  0.684   0.560 Y  0.450      SignalP-TM
NZ_CP028714.1_326          0.598  19  0.701  19  0.863   1  0.828   0.748 Y  0.510      SignalP-TM
NZ_CP028714.1_3261         0.708  42  0.755  42  0.869  38  0.543   0.672 Y  0.450      SignalP-TM
NZ_CP028714.1_3261         0.780  42  0.849  42  0.963  34  0.683   0.771 Y  0.570      SignalP-noTM
NZ_CP028714.1_3284         0.560  25  0.708  25  0.955  16  0.903   0.800 Y  0.570      SignalP-noTM
NZ_CP028714.1_3284         0.617  25  0.683  25  0.835   8  0.738   0.705 Y  0.450      SignalP-TM
NZ_CP028714.1_3296         0.171  33  0.313  33  0.890  13  0.712   0.469 Y  0.450      SignalP-TM
NZ_CP028714.1_33           0.176  22  0.368  22  0.854  11  0.756   0.520 Y  0.450      SignalP-TM
NZ_CP028714.1_33           0.441  20  0.611  20  0.945  18  0.851   0.724 Y  0.570      SignalP-noTM
NZ_CP028714.1_3307         0.208  31  0.416  31  0.917  24  0.729   0.538 Y  0.450      SignalP-TM
NZ_CP028714.1_3307         0.701  31  0.801  31  0.966  24  0.873   0.835 Y  0.570      SignalP-noTM
NZ_CP028714.1_3308         0.496  26  0.545  26  0.730  16  0.623   0.575 Y  0.450      SignalP-TM
NZ_CP028714.1_3308         0.703  26  0.569  26  0.525  19  0.437   0.520 Y  0.510      SignalP-TM
NZ_CP028714.1_3313         0.381  24  0.575  24  0.940  17  0.869   0.690 Y  0.450      SignalP-TM
NZ_CP028714.1_3313         0.577  23  0.718  23  0.934  20  0.884   0.796 Y  0.570      SignalP-noTM
NZ_CP028714.1_3316         0.204  49  0.389  22  0.909  13  0.785   0.575 Y  0.570      SignalP-noTM
NZ_CP028714.1_3330         0.570  23  0.726  23  0.951  12  0.923   0.803 Y  0.450      SignalP-TM
NZ_CP028714.1_3330         0.822  23  0.885  23  0.966  21  0.947   0.914 Y  0.570      SignalP-noTM
NZ_CP028714.1_3331         0.211  25  0.371  23  0.793  17  0.658   0.483 Y  0.450      SignalP-TM
NZ_CP028714.1_3331         0.405  23  0.572  23  0.876   8  0.801   0.680 Y  0.570      SignalP-noTM
NZ_CP028714.1_3337         0.656  20  0.725  20  0.887  16  0.808   0.764 Y  0.570      SignalP-noTM
NZ_CP028714.1_3351         0.331  27  0.481  27  0.879  11  0.757   0.589 Y  0.450      SignalP-TM
NZ_CP028714.1_3351         0.409  27  0.574  27  0.967  20  0.848   0.703 Y  0.570      SignalP-noTM
NZ_CP028714.1_3358         0.588  25  0.714  25  0.945  18  0.863   0.772 Y  0.450      SignalP-TM
NZ_CP028714.1_3358         0.720  25  0.783  25  0.970  15  0.900   0.838 Y  0.570      SignalP-noTM
NZ_CP028714.1_3380         0.383  24  0.531  24  0.884   6  0.789   0.632 Y  0.450      SignalP-TM
NZ_CP028714.1_3380         0.418  24  0.573  24  0.934   1  0.832   0.695 Y  0.570      SignalP-noTM
NZ_CP028714.1_3381         0.213  21  0.440  21  0.962  17  0.919   0.665 Y  0.570      SignalP-noTM
NZ_CP028714.1_3381         0.240  55  0.356  21  0.953  17  0.896   0.566 Y  0.450      SignalP-TM
NZ_CP028714.1_3382         0.200  31  0.362  23  0.770   9  0.685   0.488 Y  0.450      SignalP-TM
NZ_CP028714.1_3383         0.153  32  0.300  24  0.786   7  0.703   0.457 Y  0.450      SignalP-TM
NZ_CP028714.1_3383         0.331  24  0.546  24  0.942  10  0.908   0.716 Y  0.570      SignalP-noTM
NZ_CP028714.1_3387         0.812  24  0.847  24  0.960  18  0.894   0.865 Y  0.450      SignalP-TM
NZ_CP028714.1_3387         0.879  24  0.907  24  0.970   8  0.940   0.923 Y  0.570      SignalP-noTM
NZ_CP028714.1_340          0.264  39  0.471  24  0.977  15  0.926   0.649 Y  0.450      SignalP-TM
NZ_CP028714.1_340          0.639  26  0.767  26  0.993  18  0.940   0.849 Y  0.570      SignalP-noTM
NZ_CP028714.1_3429         0.780  24  0.703  24  0.840  19  0.686   0.696 Y  0.450      SignalP-TM
NZ_CP028714.1_3429         0.865  24  0.883  24  0.955  19  0.906   0.894 Y  0.570      SignalP-noTM
NZ_CP028714.1_3431         0.232  48  0.282  13  0.848   5  0.802   0.485 Y  0.450      SignalP-TM
NZ_CP028714.1_3439         0.324  28  0.517  28  0.989  16  0.888   0.692 Y  0.570      SignalP-noTM
NZ_CP028714.1_3439         0.381  28  0.500  28  0.873  13  0.710   0.582 Y  0.450      SignalP-TM
NZ_CP028714.1_3440         0.320  23  0.539  23  0.938  17  0.868   0.667 Y  0.450      SignalP-TM
NZ_CP028714.1_3440         0.788  23  0.859  23  0.961  18  0.935   0.895 Y  0.570      SignalP-noTM
NZ_CP028714.1_3447         0.219  30  0.365  30  0.811   4  0.682   0.489 Y  0.450      SignalP-TM
NZ_CP028714.1_3447         0.258  24  0.466  24  0.953   3  0.868   0.655 Y  0.570      SignalP-noTM
NZ_CP028714.1_3450         0.439  37  0.622  37  0.953  33  0.611   0.618 Y  0.450      SignalP-TM
NZ_CP028714.1_3450         0.820  37  0.883  37  0.978  33  0.750   0.821 Y  0.570      SignalP-noTM
NZ_CP028714.1_3469         0.381  18  0.474  18  0.699  16  0.558   0.507 Y  0.450      SignalP-TM
NZ_CP028714.1_3471         0.295  20  0.417  20  0.805   1  0.630   0.500 Y  0.450      SignalP-TM
NZ_CP028714.1_3471         0.754  20  0.813  20  0.925  16  0.863   0.837 Y  0.570      SignalP-noTM
NZ_CP028714.1_3472         0.232  34  0.417  34  0.808  31  0.701   0.528 Y  0.450      SignalP-TM
NZ_CP028714.1_3472         0.235  24  0.452  24  0.922  20  0.854   0.641 Y  0.570      SignalP-noTM
NZ_CP028714.1_3479         0.256  24  0.456  24  0.920  12  0.807   0.593 Y  0.450      SignalP-TM
NZ_CP028714.1_3479         0.715  22  0.806  22  0.974  20  0.890   0.846 Y  0.570      SignalP-noTM
NZ_CP028714.1_3495         0.646  23  0.700  23  0.916   6  0.793   0.736 Y  0.450      SignalP-TM
NZ_CP028714.1_3495         0.827  23  0.837  23  0.931   7  0.877   0.856 Y  0.570      SignalP-noTM
NZ_CP028714.1_3506         0.196  23  0.379  23  0.877  12  0.727   0.515 Y  0.450      SignalP-TM
NZ_CP028714.1_3506         0.662  23  0.775  23  0.961  19  0.916   0.841 Y  0.570      SignalP-noTM
NZ_CP028714.1_3508         0.142  21  0.349  21  0.922  18  0.847   0.544 Y  0.450      SignalP-TM
NZ_CP028714.1_3508         0.854  21  0.876  21  0.947  17  0.914   0.893 Y  0.570      SignalP-noTM
NZ_CP028714.1_3509         0.530  22  0.708  22  0.968  19  0.937   0.816 Y  0.570      SignalP-noTM
NZ_CP028714.1_3509         0.544  22  0.669  22  0.911  18  0.838   0.735 Y  0.450      SignalP-TM
NZ_CP028714.1_3511         0.789  23  0.722  23  0.843  16  0.688   0.706 Y  0.570      SignalP-noTM
NZ_CP028714.1_3512         0.170  53  0.357  22  0.935  18  0.872   0.557 Y  0.450      SignalP-TM
NZ_CP028714.1_3512         0.853  20  0.902  20  0.985  18  0.937   0.918 Y  0.570      SignalP-noTM
NZ_CP028714.1_3513         0.522  25  0.642  25  0.933  11  0.843   0.720 Y  0.450      SignalP-TM
NZ_CP028714.1_3513         0.544  20  0.697  20  0.936  17  0.889   0.787 Y  0.570      SignalP-noTM
NZ_CP028714.1_3528         0.612  53  0.691  53  0.899  49  0.482   0.609 Y  0.450      SignalP-TM
NZ_CP028714.1_3528         0.807  53  0.770  53  0.853  46  0.445   0.617 Y  0.570      SignalP-noTM
NZ_CP028714.1_3536         0.258  22  0.398  22  0.784  19  0.619   0.484 Y  0.450      SignalP-TM
NZ_CP028714.1_3536         0.744  22  0.727  22  0.789  19  0.716   0.721 Y  0.570      SignalP-noTM
NZ_CP028714.1_3537         0.537  23  0.690  23  0.933  14  0.833   0.746 Y  0.450      SignalP-TM
NZ_CP028714.1_3537         0.570  23  0.729  23  0.972  20  0.916   0.817 Y  0.570      SignalP-noTM
NZ_CP028714.1_3548         0.693  33  0.673  33  0.871  27  0.701   0.686 Y  0.570      SignalP-noTM
NZ_CP028714.1_3549         0.303  25  0.460  25  0.823  21  0.655   0.536 Y  0.450      SignalP-TM
NZ_CP028714.1_3549         0.614  25  0.689  25  0.880  17  0.766   0.725 Y  0.570      SignalP-noTM
NZ_CP028714.1_3553         0.504  23  0.641  23  0.902  18  0.754   0.685 Y  0.450      SignalP-TM
NZ_CP028714.1_3553         0.681  23  0.789  23  0.975  19  0.895   0.839 Y  0.570      SignalP-noTM
NZ_CP028714.1_3554         0.543  28  0.705  28  0.936  16  0.842   0.759 Y  0.450      SignalP-TM
NZ_CP028714.1_3554         0.618  28  0.727  28  0.908  12  0.828   0.775 Y  0.570      SignalP-noTM
NZ_CP028714.1_3558         0.773  25  0.836  25  0.991  12  0.935   0.883 Y  0.570      SignalP-noTM
NZ_CP028714.1_3558         0.837  25  0.889  25  0.973  18  0.946   0.911 Y  0.450      SignalP-TM
NZ_CP028714.1_3571         0.499  21  0.672  21  0.952   5  0.912   0.765 Y  0.450      SignalP-TM
NZ_CP028714.1_3571         0.860  21  0.910  21  0.981  17  0.951   0.929 Y  0.570      SignalP-noTM
NZ_CP028714.1_3579         0.179  33  0.393  33  0.974  22  0.891   0.587 Y  0.450      SignalP-TM
NZ_CP028714.1_3579         0.332  33  0.542  33  0.993  20  0.890   0.706 Y  0.570      SignalP-noTM
NZ_CP028714.1_3580         0.251  26  0.405  26  0.726  18  0.609   0.485 Y  0.450      SignalP-TM
NZ_CP028714.1_3585         0.371  36  0.508  36  0.876  33  0.419   0.473 Y  0.450      SignalP-TM
NZ_CP028714.1_3586         0.480  27  0.630  27  0.920  10  0.793   0.694 Y  0.450      SignalP-TM
NZ_CP028714.1_3586         0.747  27  0.828  27  0.974  23  0.916   0.870 Y  0.570      SignalP-noTM
NZ_CP028714.1_3601         0.811  23  0.768  23  0.849  19  0.714   0.747 Y  0.450      SignalP-TM
NZ_CP028714.1_3601         0.865  23  0.855  23  0.935  19  0.839   0.847 Y  0.570      SignalP-noTM
NZ_CP028714.1_3605         0.728  43  0.637  43  0.840  36  0.486   0.578 Y  0.450      SignalP-TM
NZ_CP028714.1_3608         0.281  19  0.446  19  0.884   3  0.751   0.565 Y  0.450      SignalP-TM
NZ_CP028714.1_3608         0.753  19  0.850  19  0.967  11  0.957   0.900 Y  0.570      SignalP-noTM
NZ_CP028714.1_3613         0.727  23  0.714  23  0.886   8  0.757   0.734 Y  0.570      SignalP-noTM
NZ_CP028714.1_3613         0.829  23  0.770  23  0.878   8  0.741   0.758 Y  0.450      SignalP-TM
NZ_CP028714.1_3622         0.589  46  0.486  46  0.686  23  0.419   0.460 Y  0.450      SignalP-TM
NZ_CP028714.1_3629         0.435  21  0.493  21  0.720  12  0.567   0.522 Y  0.450      SignalP-TM
NZ_CP028714.1_3629         0.531  21  0.657  21  0.882  18  0.816   0.732 Y  0.570      SignalP-noTM
NZ_CP028714.1_3636         0.815  22  0.826  22  0.927  18  0.833   0.829 Y  0.450      SignalP-TM
NZ_CP028714.1_3636         0.872  22  0.893  22  0.962  18  0.919   0.905 Y  0.570      SignalP-noTM
NZ_CP028714.1_364          0.499  27  0.665  27  0.959  10  0.918   0.764 Y  0.450      SignalP-TM
NZ_CP028714.1_364          0.582  27  0.707  27  0.983  12  0.913   0.804 Y  0.570      SignalP-noTM
NZ_CP028714.1_365          0.195  26  0.377  26  0.953   9  0.818   0.549 Y  0.450      SignalP-TM
NZ_CP028714.1_365          0.795  26  0.813  26  0.976  11  0.890   0.849 Y  0.570      SignalP-noTM
NZ_CP028714.1_3650         0.374  22  0.576  22  0.930   8  0.889   0.698 Y  0.450      SignalP-TM
NZ_CP028714.1_3650         0.852  22  0.895  22  0.968  18  0.936   0.914 Y  0.570      SignalP-noTM
NZ_CP028714.1_3657         0.824  23  0.821  23  0.930   6  0.838   0.828 Y  0.450      SignalP-TM
NZ_CP028714.1_3657         0.883  23  0.888  23  0.945   3  0.906   0.896 Y  0.570      SignalP-noTM
NZ_CP028714.1_3660         0.714  31  0.595  31  0.703  20  0.488   0.553 Y  0.450      SignalP-TM
NZ_CP028714.1_3661         0.457  31  0.595  31  0.977  13  0.873   0.726 Y  0.570      SignalP-noTM
NZ_CP028714.1_3661         0.673  31  0.733  31  0.969  13  0.871   0.787 Y  0.450      SignalP-TM
NZ_CP028714.1_367          0.213  25  0.387  25  0.882  10  0.746   0.527 Y  0.450      SignalP-TM
NZ_CP028714.1_367          0.712  27  0.772  27  0.959  11  0.879   0.822 Y  0.570      SignalP-noTM
NZ_CP028714.1_3677         0.369  26  0.492  26  0.895   1  0.757   0.595 Y  0.450      SignalP-TM
NZ_CP028714.1_3692         0.561  24  0.689  24  0.918   7  0.873   0.761 Y  0.450      SignalP-TM
NZ_CP028714.1_3692         0.602  22  0.742  22  0.957   9  0.921   0.826 Y  0.570      SignalP-noTM
NZ_CP028714.1_372          0.410  21  0.546  21  0.888   1  0.743   0.638 Y  0.570      SignalP-noTM
NZ_CP028714.1_3724         0.385  28  0.525  28  0.960   8  0.822   0.641 Y  0.450      SignalP-TM
NZ_CP028714.1_3724         0.439  28  0.530  28  0.962  13  0.811   0.662 Y  0.570      SignalP-noTM
NZ_CP028714.1_3726         0.388  27  0.492  27  0.888  16  0.715   0.579 Y  0.450      SignalP-TM
NZ_CP028714.1_3726         0.883  20  0.909  20  0.949  16  0.922   0.915 Y  0.570      SignalP-noTM
NZ_CP028714.1_3729         0.468  20  0.624  20  0.901  16  0.840   0.708 Y  0.450      SignalP-TM
NZ_CP028714.1_3729         0.849  20  0.889  20  0.958  16  0.926   0.906 Y  0.570      SignalP-noTM
NZ_CP028714.1_373          0.434  21  0.605  21  0.874  17  0.820   0.688 Y  0.450      SignalP-TM
NZ_CP028714.1_373          0.831  21  0.879  21  0.954  12  0.924   0.900 Y  0.570      SignalP-noTM
NZ_CP028714.1_3735         0.343  27  0.503  27  0.827  10  0.731   0.592 Y  0.450      SignalP-TM
NZ_CP028714.1_3735         0.777  27  0.820  27  0.924  12  0.874   0.845 Y  0.570      SignalP-noTM
NZ_CP028714.1_374          0.139  21  0.315  21  0.864   9  0.736   0.479 Y  0.450      SignalP-TM
NZ_CP028714.1_374          0.427  21  0.597  21  0.960  17  0.829   0.706 Y  0.570      SignalP-noTM
NZ_CP028714.1_375          0.628  22  0.751  22  0.950  18  0.889   0.805 Y  0.450      SignalP-TM
NZ_CP028714.1_375          0.853  22  0.907  22  0.990  15  0.960   0.932 Y  0.570      SignalP-noTM
NZ_CP028714.1_3759         0.362  27  0.499  27  0.878  20  0.695   0.575 Y  0.450      SignalP-TM
NZ_CP028714.1_3759         0.468  21  0.532  21  0.763  19  0.540   0.535 Y  0.510      SignalP-TM
NZ_CP028714.1_3761         0.207  19  0.393  19  0.809   5  0.752   0.533 Y  0.450      SignalP-TM
NZ_CP028714.1_3761         0.219  19  0.428  19  0.894  15  0.841   0.622 Y  0.570      SignalP-noTM
NZ_CP028714.1_3785         0.572  24  0.643  24  0.899   3  0.779   0.696 Y  0.450      SignalP-TM
NZ_CP028714.1_3785         0.688  24  0.666  24  0.895   1  0.734   0.698 Y  0.570      SignalP-noTM
NZ_CP028714.1_3791         0.424  21  0.596  21  0.885  12  0.835   0.689 Y  0.450      SignalP-TM
NZ_CP028714.1_3791         0.876  21  0.911  21  0.968  11  0.942   0.925 Y  0.570      SignalP-noTM
NZ_CP028714.1_3795         0.800  28  0.813  28  0.894  24  0.726   0.779 Y  0.450      SignalP-TM
NZ_CP028714.1_3795         0.887  28  0.902  28  0.957  18  0.911   0.906 Y  0.570      SignalP-noTM
NZ_CP028714.1_3797         0.211  24  0.399  24  0.853  10  0.757   0.539 Y  0.450      SignalP-TM
NZ_CP028714.1_3797         0.629  21  0.766  21  0.966  19  0.919   0.838 Y  0.570      SignalP-noTM
NZ_CP028714.1_3804         0.520  27  0.674  27  0.913  20  0.828   0.734 Y  0.450      SignalP-TM
NZ_CP028714.1_3804         0.582  27  0.736  27  0.969  20  0.911   0.819 Y  0.570      SignalP-noTM
NZ_CP028714.1_3814         0.435  25  0.619  25  0.945   9  0.881   0.721 Y  0.450      SignalP-TM
NZ_CP028714.1_3814         0.584  25  0.734  25  0.984  10  0.937   0.829 Y  0.570      SignalP-noTM
NZ_CP028714.1_3819         0.582  24  0.744  24  0.977  14  0.947   0.823 Y  0.450      SignalP-TM
NZ_CP028714.1_3819         0.630  24  0.775  24  0.993  11  0.961   0.863 Y  0.570      SignalP-noTM
NZ_CP028714.1_3822         0.623  23  0.741  23  0.943  16  0.877   0.794 Y  0.450      SignalP-TM
NZ_CP028714.1_3822         0.851  23  0.872  23  0.955  17  0.901   0.886 Y  0.570      SignalP-noTM
NZ_CP028714.1_3825         0.192  19  0.404  19  0.926  15  0.814   0.564 Y  0.450      SignalP-TM
NZ_CP028714.1_3825         0.624  19  0.778  19  0.980  11  0.940   0.854 Y  0.570      SignalP-noTM
NZ_CP028714.1_3827         0.672  23  0.753  23  0.908   9  0.855   0.792 Y  0.450      SignalP-TM
NZ_CP028714.1_3827         0.869  23  0.905  23  0.979  19  0.937   0.920 Y  0.570      SignalP-noTM
NZ_CP028714.1_3828         0.411  41  0.530  34  0.884  30  0.618   0.564 Y  0.450      SignalP-TM
NZ_CP028714.1_3828         0.519  34  0.589  34  0.873  28  0.651   0.618 Y  0.570      SignalP-noTM
NZ_CP028714.1_3831         0.378  23  0.587  23  0.935  14  0.870   0.697 Y  0.450      SignalP-TM
NZ_CP028714.1_3831         0.811  23  0.876  23  0.964  18  0.940   0.906 Y  0.570      SignalP-noTM
NZ_CP028714.1_3861         0.274  24  0.484  24  0.962  20  0.890   0.675 Y  0.570      SignalP-noTM
NZ_CP028714.1_3861         0.334  24  0.547  24  0.956  11  0.899   0.685 Y  0.450      SignalP-TM
NZ_CP028714.1_3870         0.601  25  0.563  25  0.779   7  0.592   0.574 Y  0.450      SignalP-TM
NZ_CP028714.1_3870         0.729  25  0.711  25  0.942  10  0.802   0.754 Y  0.570      SignalP-noTM
NZ_CP028714.1_3880         0.634  25  0.783  25  0.984  16  0.969   0.855 Y  0.450      SignalP-TM
NZ_CP028714.1_3880         0.845  25  0.901  25  0.992  12  0.967   0.932 Y  0.570      SignalP-noTM
NZ_CP028714.1_3884         0.231  27  0.419  27  0.818  18  0.737   0.543 Y  0.450      SignalP-TM
NZ_CP028714.1_3884         0.495  27  0.654  27  0.953  22  0.868   0.755 Y  0.570      SignalP-noTM
NZ_CP028714.1_3885         0.235  21  0.472  21  0.977  18  0.911   0.644 Y  0.450      SignalP-TM
NZ_CP028714.1_3885         0.500  29  0.534  21  0.965  18  0.907   0.709 Y  0.570      SignalP-noTM
NZ_CP028714.1_3930         0.203  25  0.382  25  0.953   6  0.804   0.547 Y  0.450      SignalP-TM
NZ_CP028714.1_3930         0.441  19  0.631  19  0.928  10  0.904   0.760 Y  0.570      SignalP-noTM
NZ_CP028714.1_3931         0.229  33  0.394  27  0.910  13  0.819   0.593 Y  0.570      SignalP-noTM
NZ_CP028714.1_3931         0.492  33  0.495  33  0.822   2  0.643   0.553 Y  0.450      SignalP-TM
NZ_CP028714.1_3956         0.435  23  0.603  23  0.935  19  0.816   0.686 Y  0.450      SignalP-TM
NZ_CP028714.1_3956         0.775  23  0.848  23  0.950  17  0.919   0.881 Y  0.570      SignalP-noTM
NZ_CP028714.1_3972         0.557  30  0.643  30  0.940  12  0.810   0.708 Y  0.450      SignalP-TM
NZ_CP028714.1_3972         0.737  30  0.806  30  0.963  16  0.896   0.848 Y  0.570      SignalP-noTM
NZ_CP028714.1_3981         0.593  28  0.593  28  0.775  21  0.505   0.559 Y  0.450      SignalP-TM
NZ_CP028714.1_3992         0.224  24  0.437  24  0.900  12  0.824   0.588 Y  0.450      SignalP-TM
NZ_CP028714.1_3992         0.594  24  0.744  24  0.975  11  0.939   0.836 Y  0.570      SignalP-noTM
NZ_CP028714.1_3997         0.292  27  0.429  18  0.841  15  0.747   0.553 Y  0.450      SignalP-TM
NZ_CP028714.1_3997         0.618  18  0.744  18  0.920  13  0.889   0.812 Y  0.570      SignalP-noTM
NZ_CP028714.1_4010         0.539  27  0.601  27  0.771  20  0.658   0.623 Y  0.450      SignalP-TM
NZ_CP028714.1_4010         0.581  27  0.723  27  0.957  22  0.911   0.811 Y  0.570      SignalP-noTM
NZ_CP028714.1_4019         0.625  26  0.660  26  0.779  17  0.601   0.637 Y  0.450      SignalP-TM
NZ_CP028714.1_4019         0.814  26  0.778  26  0.863  17  0.736   0.759 Y  0.570      SignalP-noTM
NZ_CP028714.1_4031         0.445  23  0.573  23  0.863   1  0.766   0.664 Y  0.570      SignalP-noTM
NZ_CP028714.1_4031         0.541  23  0.608  23  0.899  19  0.678   0.635 Y  0.450      SignalP-TM
NZ_CP028714.1_4032         0.310  29  0.401  29  0.914   5  0.674   0.508 Y  0.450      SignalP-TM
NZ_CP028714.1_4032         0.405  22  0.578  22  0.918  20  0.835   0.699 Y  0.570      SignalP-noTM
NZ_CP028714.1_4036         0.836  28  0.794  28  0.905  24  0.697   0.748 Y  0.570      SignalP-noTM
NZ_CP028714.1_4037         0.371  21  0.523  21  0.857   4  0.764   0.617 Y  0.450      SignalP-TM
NZ_CP028714.1_4037         0.600  21  0.547  21  0.700   2  0.517   0.536 Y  0.510      SignalP-TM
NZ_CP028714.1_4038         0.260  35  0.397  21  0.912  16  0.806   0.556 Y  0.450      SignalP-TM
NZ_CP028714.1_4038         0.295  21  0.495  21  0.924  14  0.807   0.642 Y  0.570      SignalP-noTM
NZ_CP028714.1_405          0.586  27  0.711  27  0.975  12  0.904   0.786 Y  0.450      SignalP-TM
NZ_CP028714.1_405          0.740  27  0.817  27  0.990  12  0.936   0.873 Y  0.570      SignalP-noTM
NZ_CP028714.1_4088         0.531  26  0.567  26  0.788   3  0.674   0.609 Y  0.450      SignalP-TM
NZ_CP028714.1_4088         0.748  26  0.758  26  0.918  17  0.794   0.775 Y  0.570      SignalP-noTM
NZ_CP028714.1_4103         0.323  34  0.475  34  0.789  27  0.572   0.511 Y  0.510      SignalP-TM
NZ_CP028714.1_4103         0.339  34  0.531  34  0.881  24  0.760   0.620 Y  0.450      SignalP-TM
NZ_CP028714.1_4105         0.194  22  0.391  22  0.930  21  0.827   0.596 Y  0.570      SignalP-noTM
NZ_CP028714.1_4105         0.332  31  0.428  31  0.814   5  0.655   0.516 Y  0.450      SignalP-TM
NZ_CP028714.1_4114         0.274  33  0.440  21  0.925  17  0.846   0.598 Y  0.450      SignalP-TM
NZ_CP028714.1_4114         0.379  18  0.586  18  0.936  17  0.906   0.737 Y  0.570      SignalP-noTM
NZ_CP028714.1_4116         0.276  23  0.476  23  0.867  10  0.767   0.589 Y  0.450      SignalP-TM
NZ_CP028714.1_4116         0.582  23  0.691  23  0.895  13  0.747   0.712 Y  0.510      SignalP-TM
NZ_CP028714.1_4125         0.330  26  0.566  26  0.979  22  0.930   0.708 Y  0.450      SignalP-TM
NZ_CP028714.1_4125         0.681  26  0.807  26  0.987  13  0.940   0.870 Y  0.570      SignalP-noTM
NZ_CP028714.1_4133         0.216  28  0.357  28  0.947  11  0.755   0.513 Y  0.450      SignalP-TM
NZ_CP028714.1_4133         0.403  20  0.617  20  0.962  15  0.935   0.766 Y  0.570      SignalP-noTM
NZ_CP028714.1_4156         0.621  23  0.719  23  0.909  19  0.848   0.769 Y  0.450      SignalP-TM
NZ_CP028714.1_4156         0.882  23  0.887  23  0.940  19  0.901   0.894 Y  0.570      SignalP-noTM
NZ_CP028714.1_4182         0.376  22  0.482  22  0.707  20  0.604   0.527 Y  0.510      SignalP-TM
NZ_CP028714.1_4182         0.529  22  0.642  22  0.881   6  0.808   0.707 Y  0.450      SignalP-TM
NZ_CP028714.1_4183         0.248  22  0.409  22  0.794  12  0.688   0.518 Y  0.450      SignalP-TM
NZ_CP028714.1_4183         0.408  22  0.517  22  0.848   1  0.681   0.594 Y  0.570      SignalP-noTM
NZ_CP028714.1_4188         0.286  32  0.432  32  0.922  11  0.788   0.571 Y  0.450      SignalP-TM
NZ_CP028714.1_4188         0.354  26  0.527  26  0.929   2  0.844   0.676 Y  0.570      SignalP-noTM
NZ_CP028714.1_4191         0.253  22  0.455  22  0.880   7  0.830   0.601 Y  0.450      SignalP-TM
NZ_CP028714.1_4191         0.602  22  0.735  22  0.940  11  0.894   0.810 Y  0.570      SignalP-noTM
NZ_CP028714.1_4193         0.690  28  0.801  28  0.964  20  0.908   0.843 Y  0.450      SignalP-TM
NZ_CP028714.1_4193         0.833  28  0.866  28  0.979  13  0.919   0.891 Y  0.570      SignalP-noTM
NZ_CP028714.1_4198         0.495  42  0.402  23  0.869  18  0.712   0.523 Y  0.450      SignalP-TM
NZ_CP028714.1_4198         0.808  23  0.848  23  0.955  19  0.898   0.872 Y  0.570      SignalP-noTM
NZ_CP028714.1_4202         0.809  20  0.860  20  0.942  18  0.904   0.881 Y  0.570      SignalP-noTM
NZ_CP028714.1_4218         0.446  22  0.559  22  0.822   2  0.719   0.621 Y  0.450      SignalP-TM
NZ_CP028714.1_4218         0.839  22  0.849  22  0.898  11  0.850   0.849 Y  0.570      SignalP-noTM
NZ_CP028714.1_4221         0.190  34  0.382  34  0.915  30  0.705   0.508 Y  0.450      SignalP-TM
NZ_CP028714.1_4221         0.567  34  0.604  34  0.893  30  0.602   0.603 Y  0.570      SignalP-noTM
NZ_CP028714.1_4223         0.220  35  0.391  26  0.913  17  0.801   0.551 Y  0.450      SignalP-TM
NZ_CP028714.1_4239         0.144  20  0.317  20  0.812  12  0.668   0.454 Y  0.450      SignalP-TM
NZ_CP028714.1_4240         0.551  27  0.724  27  0.968  18  0.917   0.799 Y  0.450      SignalP-TM
NZ_CP028714.1_4240         0.892  27  0.927  27  0.980  21  0.952   0.939 Y  0.570      SignalP-noTM
NZ_CP028714.1_4250         0.270  45  0.387  45  0.834  29  0.576   0.461 Y  0.450      SignalP-TM
NZ_CP028714.1_4261         0.747  23  0.830  23  0.965  19  0.904   0.859 Y  0.450      SignalP-TM
NZ_CP028714.1_4261         0.865  23  0.895  23  0.966  19  0.917   0.905 Y  0.570      SignalP-noTM
NZ_CP028714.1_4262         0.495  21  0.576  21  0.790   2  0.688   0.620 Y  0.450      SignalP-TM
NZ_CP028714.1_4262         0.827  21  0.782  21  0.906  17  0.757   0.770 Y  0.570      SignalP-noTM
NZ_CP028714.1_4263         0.454  30  0.501  30  0.667  16  0.538   0.515 Y  0.450      SignalP-TM
NZ_CP028714.1_4263         0.522  30  0.552  30  0.777  20  0.639   0.593 Y  0.570      SignalP-noTM
NZ_CP028714.1_4264         0.354  24  0.482  24  0.782  17  0.570   0.514 Y  0.510      SignalP-TM
NZ_CP028714.1_4264         0.439  24  0.600  24  0.876  17  0.771   0.667 Y  0.450      SignalP-TM
NZ_CP028714.1_4265         0.208  22  0.437  22  0.958  14  0.911   0.622 Y  0.450      SignalP-TM
NZ_CP028714.1_4265         0.522  28  0.702  28  0.992  19  0.941   0.815 Y  0.570      SignalP-noTM
NZ_CP028714.1_4268         0.427  56  0.565  56  0.853  46  0.488   0.535 Y  0.450      SignalP-TM
NZ_CP028714.1_4277         0.201  16  0.425  16  0.953  14  0.893   0.645 Y  0.570      SignalP-noTM
NZ_CP028714.1_4277         0.219  28  0.362  28  0.876  10  0.708   0.497 Y  0.450      SignalP-TM
NZ_CP028714.1_4290         0.123  30  0.296  18  0.766   6  0.692   0.451 Y  0.450      SignalP-TM
NZ_CP028714.1_4298         0.379  22  0.549  22  0.924  19  0.801   0.647 Y  0.450      SignalP-TM
NZ_CP028714.1_4298         0.847  22  0.844  22  0.894   2  0.829   0.837 Y  0.570      SignalP-noTM
NZ_CP028714.1_4317         0.262  23  0.445  23  0.874   8  0.793   0.580 Y  0.450      SignalP-TM
NZ_CP028714.1_4324         0.218  19  0.386  19  0.847  17  0.663   0.494 Y  0.450      SignalP-TM
NZ_CP028714.1_4328         0.475  23  0.567  23  0.845  22  0.613   0.585 Y  0.450      SignalP-TM
NZ_CP028714.1_4328         0.804  23  0.832  23  0.922  20  0.851   0.841 Y  0.570      SignalP-noTM
NZ_CP028714.1_433          0.195  21  0.390  21  0.887  17  0.806   0.552 Y  0.450      SignalP-TM
NZ_CP028714.1_433          0.828  21  0.832  21  0.903  17  0.849   0.840 Y  0.570      SignalP-noTM
NZ_CP028714.1_4336         0.334  32  0.456  32  0.922  21  0.748   0.570 Y  0.450      SignalP-TM
NZ_CP028714.1_4336         0.552  23  0.719  23  0.974  21  0.928   0.817 Y  0.570      SignalP-noTM
NZ_CP028714.1_4353         0.696  23  0.625  23  0.672   8  0.582   0.609 Y  0.510      SignalP-TM
NZ_CP028714.1_4360         0.400  31  0.470  31  0.798  15  0.582   0.514 Y  0.450      SignalP-TM
NZ_CP028714.1_4361         0.254  34  0.403  27  0.923  14  0.779   0.550 Y  0.450      SignalP-TM
NZ_CP028714.1_4361         0.740  20  0.849  20  0.986  11  0.963   0.903 Y  0.570      SignalP-noTM
NZ_CP028714.1_4365         0.455  20  0.581  20  0.838  17  0.752   0.648 Y  0.450      SignalP-TM
NZ_CP028714.1_4365         0.861  20  0.858  20  0.920  17  0.857   0.857 Y  0.570      SignalP-noTM
NZ_CP028714.1_4368         0.224  21  0.402  21  0.836  15  0.693   0.516 Y  0.450      SignalP-TM
NZ_CP028714.1_4368         0.683  20  0.796  20  0.965  18  0.918   0.853 Y  0.570      SignalP-noTM
NZ_CP028714.1_4372         0.413  32  0.567  32  0.849  30  0.654   0.601 Y  0.450      SignalP-TM
NZ_CP028714.1_4372         0.558  32  0.714  32  0.961  29  0.814   0.761 Y  0.570      SignalP-noTM
NZ_CP028714.1_4373         0.171  33  0.359  33  0.893  22  0.735   0.505 Y  0.450      SignalP-TM
NZ_CP028714.1_4373         0.589  33  0.718  33  0.965  24  0.855   0.782 Y  0.570      SignalP-noTM
NZ_CP028714.1_4385         0.389  25  0.497  25  0.821   1  0.671   0.565 Y  0.450      SignalP-TM
NZ_CP028714.1_4389         0.439  26  0.624  26  0.942  12  0.878   0.743 Y  0.570      SignalP-noTM
NZ_CP028714.1_4389         0.574  26  0.674  26  0.928  17  0.732   0.697 Y  0.450      SignalP-TM
NZ_CP028714.1_4391         0.115  46  0.275  19  0.824  13  0.727   0.451 Y  0.450      SignalP-TM
NZ_CP028714.1_4394         0.217  21  0.436  21  0.945  19  0.881   0.645 Y  0.570      SignalP-noTM
NZ_CP028714.1_4394         0.238  26  0.440  26  0.958   7  0.864   0.605 Y  0.450      SignalP-TM
NZ_CP028714.1_4409         0.173  32  0.377  20  0.937  14  0.888   0.576 Y  0.450      SignalP-TM
NZ_CP028714.1_4409         0.182  23  0.389  23  0.940  17  0.846   0.604 Y  0.570      SignalP-noTM
NZ_CP028714.1_4412         0.248  33  0.428  33  0.916  19  0.761   0.558 Y  0.450      SignalP-TM
NZ_CP028714.1_4412         0.262  26  0.472  26  0.956  18  0.863   0.656 Y  0.570      SignalP-noTM
NZ_CP028714.1_4413         0.226  36  0.390  20  0.901  16  0.863   0.613 Y  0.570      SignalP-noTM
NZ_CP028714.1_4413         0.672  36  0.449  36  0.840  15  0.595   0.506 Y  0.450      SignalP-TM
NZ_CP028714.1_4428         0.573  21  0.616  21  0.813   1  0.685   0.643 Y  0.450      SignalP-TM
NZ_CP028714.1_4428         0.881  21  0.904  21  0.968  17  0.909   0.906 Y  0.570      SignalP-noTM
NZ_CP028714.1_4429         0.233  22  0.376  22  0.833   2  0.664   0.488 Y  0.450      SignalP-TM
NZ_CP028714.1_4429         0.641  21  0.742  21  0.911   1  0.866   0.800 Y  0.570      SignalP-noTM
NZ_CP028714.1_4445         0.677  27  0.805  27  0.975  15  0.951   0.862 Y  0.450      SignalP-TM
NZ_CP028714.1_4445         0.841  27  0.899  27  0.991  12  0.966   0.930 Y  0.570      SignalP-noTM
NZ_CP028714.1_4448         0.432  23  0.602  23  0.912   7  0.859   0.702 Y  0.450      SignalP-TM
NZ_CP028714.1_4448         0.751  23  0.848  23  0.983  18  0.954   0.898 Y  0.570      SignalP-noTM
NZ_CP028714.1_4453         0.579  32  0.528  32  0.905   5  0.671   0.584 Y  0.450      SignalP-TM
NZ_CP028714.1_4454         0.804  31  0.648  31  0.677   4  0.579   0.621 Y  0.450      SignalP-TM
NZ_CP028714.1_4454         0.808  31  0.694  31  0.756  23  0.473   0.612 Y  0.510      SignalP-TM
NZ_CP028714.1_4456         0.518  34  0.646  34  0.901  30  0.787   0.701 Y  0.450      SignalP-TM
NZ_CP028714.1_4456         0.806  34  0.796  34  0.969  30  0.711   0.756 Y  0.570      SignalP-noTM
NZ_CP028714.1_4465         0.740  24  0.742  24  0.864   8  0.770   0.753 Y  0.450      SignalP-TM
NZ_CP028714.1_4465         0.832  24  0.874  24  0.970  13  0.927   0.899 Y  0.570      SignalP-noTM
NZ_CP028714.1_4466         0.256  26  0.447  26  0.917  10  0.809   0.589 Y  0.450      SignalP-TM
NZ_CP028714.1_4466         0.805  26  0.823  26  0.952   8  0.882   0.851 Y  0.570      SignalP-noTM
NZ_CP028714.1_4467         0.741  27  0.701  27  0.804  26  0.652   0.678 Y  0.570      SignalP-noTM
NZ_CP028714.1_4468         0.205  24  0.411  24  0.879  10  0.810   0.566 Y  0.450      SignalP-TM
NZ_CP028714.1_4468         0.876  24  0.906  24  0.981  22  0.907   0.906 Y  0.570      SignalP-noTM
NZ_CP028714.1_4469         0.566  29  0.678  29  0.939  15  0.847   0.744 Y  0.450      SignalP-TM
NZ_CP028714.1_4469         0.722  29  0.796  29  0.980  17  0.910   0.849 Y  0.570      SignalP-noTM
NZ_CP028714.1_4470         0.220  29  0.450  29  0.950  14  0.890   0.621 Y  0.450      SignalP-TM
NZ_CP028714.1_4470         0.676  29  0.786  29  0.978  21  0.919   0.848 Y  0.570      SignalP-noTM
NZ_CP028714.1_4471         0.329  25  0.518  25  0.928   9  0.815   0.634 Y  0.450      SignalP-TM
NZ_CP028714.1_4471         0.607  25  0.731  25  0.980  11  0.921   0.820 Y  0.570      SignalP-noTM
NZ_CP028714.1_4476         0.307  33  0.352  20  0.864  17  0.808   0.530 Y  0.450      SignalP-TM
NZ_CP028714.1_4476         0.839  20  0.907  20  0.991  15  0.970   0.937 Y  0.570      SignalP-noTM
NZ_CP028714.1_4483         0.756  29  0.672  29  0.736   2  0.630   0.656 Y  0.450      SignalP-TM
NZ_CP028714.1_4483         0.821  29  0.767  29  0.885  23  0.755   0.761 Y  0.570      SignalP-noTM
NZ_CP028714.1_4489         0.212  41  0.302  24  0.951   9  0.782   0.490 Y  0.450      SignalP-TM
NZ_CP028714.1_4489         0.224  23  0.445  23  0.953   6  0.909   0.663 Y  0.570      SignalP-noTM
NZ_CP028714.1_4538         0.187  32  0.325  19  0.941   8  0.863   0.535 Y  0.450      SignalP-TM
NZ_CP028714.1_4538         0.685  19  0.791  19  0.938   9  0.899   0.842 Y  0.570      SignalP-noTM
NZ_CP028714.1_4552         0.202  25  0.350  25  0.772   1  0.630   0.459 Y  0.450      SignalP-TM
NZ_CP028714.1_4552         0.626  25  0.729  25  0.949  18  0.843   0.782 Y  0.570      SignalP-noTM
NZ_CP028714.1_4553         0.459  21  0.570  21  0.870  20  0.651   0.602 Y  0.450      SignalP-TM
NZ_CP028714.1_4553         0.795  21  0.843  21  0.945  19  0.882   0.861 Y  0.570      SignalP-noTM
NZ_CP028714.1_458          0.158  41  0.340  21  0.920  12  0.813   0.525 Y  0.450      SignalP-TM
NZ_CP028714.1_458          0.205  19  0.423  19  0.915  14  0.849   0.623 Y  0.570      SignalP-noTM
NZ_CP028714.1_4589         0.483  26  0.606  26  0.893  18  0.738   0.657 Y  0.450      SignalP-TM
NZ_CP028714.1_4589         0.545  26  0.639  26  0.924  11  0.806   0.717 Y  0.570      SignalP-noTM
NZ_CP028714.1_4591         0.154  22  0.321  22  0.793   7  0.671   0.458 Y  0.450      SignalP-TM
NZ_CP028714.1_4594         0.604  24  0.654  24  0.847   7  0.733   0.685 Y  0.450      SignalP-TM
NZ_CP028714.1_4594         0.739  24  0.758  24  0.923   3  0.824   0.789 Y  0.570      SignalP-noTM
NZ_CP028714.1_4601         0.768  24  0.814  24  0.929  19  0.878   0.839 Y  0.450      SignalP-TM
NZ_CP028714.1_4601         0.841  24  0.895  24  0.984  12  0.950   0.921 Y  0.570      SignalP-noTM
NZ_CP028714.1_4610         0.555  22  0.577  22  0.744  19  0.623   0.595 Y  0.450      SignalP-TM
NZ_CP028714.1_4610         0.800  22  0.826  22  0.931  19  0.835   0.830 Y  0.570      SignalP-noTM
NZ_CP028714.1_4615         0.632  28  0.639  28  0.786  25  0.584   0.617 Y  0.450      SignalP-TM
NZ_CP028714.1_4615         0.825  28  0.779  28  0.894  25  0.725   0.753 Y  0.570      SignalP-noTM
NZ_CP028714.1_462          0.400  21  0.512  21  0.723  18  0.653   0.567 Y  0.450      SignalP-TM
NZ_CP028714.1_462          0.757  21  0.799  21  0.968  17  0.835   0.816 Y  0.570      SignalP-noTM
NZ_CP028714.1_4622         0.205  31  0.390  31  0.882  12  0.777   0.541 Y  0.450      SignalP-TM
NZ_CP028714.1_4635         0.469  29  0.656  29  0.981   8  0.943   0.768 Y  0.450      SignalP-TM
NZ_CP028714.1_4635         0.787  29  0.825  29  0.979  20  0.916   0.867 Y  0.570      SignalP-noTM
NZ_CP028714.1_464          0.292  23  0.405  23  0.678  18  0.548   0.461 Y  0.450      SignalP-TM
NZ_CP028714.1_464          0.793  23  0.750  23  0.886  19  0.686   0.720 Y  0.570      SignalP-noTM
NZ_CP028714.1_4649         0.627  26  0.768  26  0.976  10  0.944   0.837 Y  0.450      SignalP-TM
NZ_CP028714.1_4649         0.862  26  0.882  26  0.985  12  0.926   0.902 Y  0.570      SignalP-noTM
NZ_CP028714.1_465          0.429  24  0.536  24  0.822  10  0.712   0.604 Y  0.450      SignalP-TM
NZ_CP028714.1_465          0.868  24  0.887  24  0.957  22  0.898   0.892 Y  0.570      SignalP-noTM
NZ_CP028714.1_4655         0.530  23  0.636  23  0.919  20  0.734   0.674 Y  0.450      SignalP-TM
NZ_CP028714.1_4658         0.136  35  0.286  11  0.855   7  0.829   0.497 Y  0.450      SignalP-TM
NZ_CP028714.1_466          0.667  22  0.642  22  0.822  19  0.636   0.639 Y  0.570      SignalP-noTM
NZ_CP028714.1_470          0.345  19  0.509  19  0.870   2  0.781   0.615 Y  0.450      SignalP-TM
NZ_CP028714.1_470          0.827  19  0.874  19  0.940  17  0.915   0.893 Y  0.570      SignalP-noTM
NZ_CP028714.1_487          0.796  24  0.839  24  0.955  12  0.896   0.866 Y  0.570      SignalP-noTM
NZ_CP028714.1_487          0.812  24  0.860  24  0.957  16  0.917   0.882 Y  0.450      SignalP-TM
NZ_CP028714.1_490          0.258  20  0.381  20  0.731   1  0.579   0.458 Y  0.450      SignalP-TM
NZ_CP028714.1_490          0.820  20  0.815  20  0.877  11  0.789   0.803 Y  0.570      SignalP-noTM
NZ_CP028714.1_493          0.591  22  0.693  22  0.870  17  0.825   0.745 Y  0.450      SignalP-TM
NZ_CP028714.1_493          0.806  22  0.823  22  0.889  20  0.840   0.831 Y  0.570      SignalP-noTM
NZ_CP028714.1_506          0.272  22  0.435  22  0.849  10  0.729   0.550 Y  0.450      SignalP-TM
NZ_CP028714.1_506          0.636  22  0.728  22  0.895   1  0.828   0.775 Y  0.570      SignalP-noTM
NZ_CP028714.1_509          0.559  34  0.463  34  0.911  17  0.624   0.526 Y  0.450      SignalP-TM
NZ_CP028714.1_544          0.750  20  0.830  20  0.955  19  0.915   0.870 Y  0.570      SignalP-noTM
NZ_CP028714.1_570          0.518  30  0.656  30  0.941  11  0.872   0.740 Y  0.450      SignalP-TM
NZ_CP028714.1_570          0.659  30  0.777  30  0.980  11  0.932   0.850 Y  0.570      SignalP-noTM
NZ_CP028714.1_571          0.401  40  0.592  40  0.913  31  0.729   0.645 Y  0.450      SignalP-TM
NZ_CP028714.1_599          0.529  21  0.615  21  0.858  19  0.727   0.668 Y  0.570      SignalP-noTM
NZ_CP028714.1_605          0.258  33  0.453  33  0.892  31  0.584   0.504 Y  0.450      SignalP-TM
NZ_CP028714.1_605          0.577  33  0.738  33  0.974  29  0.772   0.754 Y  0.570      SignalP-noTM
NZ_CP028714.1_606          0.350  22  0.493  22  0.803   3  0.720   0.582 Y  0.450      SignalP-TM
NZ_CP028714.1_606          0.854  22  0.886  22  0.961  18  0.904   0.895 Y  0.570      SignalP-noTM
NZ_CP028714.1_612          0.131  32  0.302  22  0.911   2  0.845   0.514 Y  0.450      SignalP-TM
NZ_CP028714.1_612          0.160  24  0.361  24  0.947   2  0.853   0.592 Y  0.570      SignalP-noTM
NZ_CP028714.1_613          0.180  22  0.337  22  0.792  18  0.650   0.459 Y  0.450      SignalP-TM
NZ_CP028714.1_658          0.388  26  0.591  26  0.963   8  0.920   0.719 Y  0.450      SignalP-TM
NZ_CP028714.1_658          0.839  26  0.838  26  0.971  19  0.893   0.864 Y  0.570      SignalP-noTM
NZ_CP028714.1_681          0.396  28  0.591  28  0.955  18  0.907   0.714 Y  0.450      SignalP-TM
NZ_CP028714.1_681          0.546  26  0.723  26  0.987  19  0.955   0.832 Y  0.570      SignalP-noTM
NZ_CP028714.1_689          0.286  21  0.496  21  0.913  13  0.836   0.629 Y  0.450      SignalP-TM
NZ_CP028714.1_689          0.644  26  0.726  26  0.967  20  0.875   0.796 Y  0.570      SignalP-noTM
NZ_CP028714.1_690          0.648  24  0.721  24  0.899  18  0.734   0.726 Y  0.450      SignalP-TM
NZ_CP028714.1_690          0.660  24  0.770  24  0.962  20  0.902   0.832 Y  0.570      SignalP-noTM
NZ_CP028714.1_70           0.570  23  0.728  23  0.957  19  0.927   0.805 Y  0.450      SignalP-TM
NZ_CP028714.1_70           0.855  23  0.901  23  0.969   9  0.949   0.924 Y  0.570      SignalP-noTM
NZ_CP028714.1_711          0.193  40  0.377  21  0.866   6  0.785   0.528 Y  0.510      SignalP-TM
NZ_CP028714.1_711          0.281  40  0.346  40  0.865   6  0.640   0.461 Y  0.450      SignalP-TM
NZ_CP028714.1_741          0.440  22  0.600  22  0.897  16  0.784   0.672 Y  0.450      SignalP-TM
NZ_CP028714.1_741          0.513  22  0.665  22  0.936  17  0.847   0.751 Y  0.570      SignalP-noTM
NZ_CP028714.1_742          0.361  30  0.428  30  0.755   6  0.570   0.484 Y  0.450      SignalP-TM
NZ_CP028714.1_742          0.392  23  0.551  23  0.906  21  0.812   0.674 Y  0.570      SignalP-noTM
NZ_CP028714.1_764          0.394  21  0.554  21  0.917  18  0.680   0.603 Y  0.450      SignalP-TM
NZ_CP028714.1_764          0.706  21  0.806  21  0.974  15  0.897   0.849 Y  0.570      SignalP-noTM
NZ_CP028714.1_78           0.427  22  0.638  22  0.966  19  0.932   0.753 Y  0.450      SignalP-TM
NZ_CP028714.1_78           0.835  22  0.903  22  0.991  11  0.967   0.933 Y  0.570      SignalP-noTM
NZ_CP028714.1_794          0.161  46  0.337  24  0.905   6  0.768   0.505 Y  0.450      SignalP-TM
NZ_CP028714.1_794          0.695  24  0.803  24  0.953  15  0.926   0.861 Y  0.570      SignalP-noTM
NZ_CP028714.1_795          0.611  35  0.582  35  0.848  17  0.619   0.597 Y  0.450      SignalP-TM
NZ_CP028714.1_795          0.862  35  0.804  35  0.952  16  0.798   0.801 Y  0.570      SignalP-noTM
NZ_CP028714.1_80           0.217  24  0.414  24  0.929   8  0.834   0.578 Y  0.450      SignalP-TM
NZ_CP028714.1_80           0.559  24  0.695  24  0.957   8  0.899   0.791 Y  0.570      SignalP-noTM
NZ_CP028714.1_825          0.305  25  0.476  25  0.869  11  0.764   0.588 Y  0.450      SignalP-TM
NZ_CP028714.1_825          0.805  25  0.827  25  0.924   6  0.872   0.848 Y  0.570      SignalP-noTM
NZ_CP028714.1_83           0.215  22  0.433  22  0.923  11  0.859   0.599 Y  0.450      SignalP-TM
NZ_CP028714.1_83           0.861  22  0.890  22  0.948  18  0.914   0.901 Y  0.570      SignalP-noTM
NZ_CP028714.1_834          0.314  18  0.528  18  0.918  16  0.877   0.664 Y  0.450      SignalP-TM
NZ_CP028714.1_834          0.764  18  0.857  18  0.973  15  0.951   0.901 Y  0.570      SignalP-noTM
NZ_CP028714.1_835          0.420  28  0.593  28  0.930  22  0.747   0.653 Y  0.450      SignalP-TM
NZ_CP028714.1_835          0.533  28  0.569  28  0.771  22  0.481   0.536 Y  0.510      SignalP-TM
NZ_CP028714.1_839          0.516  24  0.607  24  0.910   7  0.774   0.672 Y  0.450      SignalP-TM
NZ_CP028714.1_839          0.780  24  0.784  24  0.903   1  0.820   0.801 Y  0.570      SignalP-noTM
NZ_CP028714.1_845          0.490  27  0.488  27  0.926   4  0.679   0.578 Y  0.570      SignalP-noTM
NZ_CP028714.1_845          0.582  27  0.643  27  0.890  10  0.780   0.696 Y  0.450      SignalP-TM
NZ_CP028714.1_85           0.559  27  0.500  27  0.740  12  0.545   0.517 Y  0.450      SignalP-TM
NZ_CP028714.1_853          0.160  32  0.315  18  0.875   7  0.825   0.514 Y  0.450      SignalP-TM
NZ_CP028714.1_853          0.162  18  0.369  18  0.860   5  0.828   0.539 Y  0.510      SignalP-TM
NZ_CP028714.1_857          0.454  31  0.475  31  0.773  28  0.530   0.496 Y  0.450      SignalP-TM
NZ_CP028714.1_860          0.443  29  0.618  29  0.958  10  0.901   0.728 Y  0.450      SignalP-TM
NZ_CP028714.1_860          0.638  29  0.720  29  0.966  18  0.871   0.791 Y  0.570      SignalP-noTM
NZ_CP028714.1_87           0.438  21  0.591  21  0.887  17  0.813   0.678 Y  0.450      SignalP-TM
NZ_CP028714.1_87           0.704  21  0.811  21  0.966  18  0.922   0.863 Y  0.570      SignalP-noTM
NZ_CP028714.1_875          0.465  22  0.643  22  0.918  20  0.878   0.735 Y  0.450      SignalP-TM
NZ_CP028714.1_875          0.875  22  0.910  22  0.959  20  0.938   0.923 Y  0.570      SignalP-noTM
NZ_CP028714.1_876          0.558  24  0.703  24  0.966  12  0.895   0.793 Y  0.570      SignalP-noTM
NZ_CP028714.1_876          0.741  24  0.775  24  0.917  12  0.802   0.786 Y  0.450      SignalP-TM
NZ_CP028714.1_879          0.722  25  0.784  25  0.929  19  0.812   0.797 Y  0.570      SignalP-noTM
NZ_CP028714.1_89           0.235  20  0.410  20  0.861   4  0.756   0.545 Y  0.450      SignalP-TM
NZ_CP028714.1_89           0.786  20  0.843  20  0.933   4  0.908   0.874 Y  0.570      SignalP-noTM
NZ_CP028714.1_894          0.181  26  0.385  23  0.961  18  0.860   0.608 Y  0.570      SignalP-noTM
NZ_CP028714.1_894          0.291  26  0.471  26  0.916  15  0.799   0.599 Y  0.450      SignalP-TM
NZ_CP028714.1_898          0.560  22  0.716  22  0.978  19  0.884   0.782 Y  0.450      SignalP-TM
NZ_CP028714.1_898          0.698  22  0.805  22  0.955  18  0.903   0.851 Y  0.570      SignalP-noTM
NZ_CP028714.1_899          0.747  34  0.810  34  0.947  20  0.842   0.822 Y  0.450      SignalP-TM
NZ_CP028714.1_899          0.828  34  0.843  34  0.988  18  0.887   0.864 Y  0.570      SignalP-noTM
NZ_CP028714.1_906          0.207  25  0.385  25  0.902  12  0.742   0.525 Y  0.450      SignalP-TM
NZ_CP028714.1_907          0.730  29  0.806  29  0.963  13  0.915   0.848 Y  0.450      SignalP-TM
NZ_CP028714.1_907          0.812  29  0.870  29  0.989  13  0.948   0.907 Y  0.570      SignalP-noTM
NZ_CP028714.1_910          0.153  18  0.377  18  0.950  15  0.928   0.636 Y  0.570      SignalP-noTM
NZ_CP028714.1_910          0.205  29  0.379  29  0.917  17  0.780   0.536 Y  0.450      SignalP-TM
NZ_CP028714.1_940          0.247  25  0.472  25  0.948  21  0.892   0.636 Y  0.450      SignalP-TM
NZ_CP028714.1_940          0.822  23  0.892  23  0.986  21  0.959   0.923 Y  0.570      SignalP-noTM
NZ_CP028714.1_956          0.504  22  0.571  22  0.774  18  0.638   0.597 Y  0.450      SignalP-TM
NZ_CP028714.1_956          0.836  22  0.852  22  0.942  18  0.859   0.855 Y  0.570      SignalP-noTM
NZ_CP028714.1_958          0.392  24  0.492  24  0.701  15  0.605   0.536 Y  0.450      SignalP-TM
NZ_CP028714.1_958          0.817  24  0.827  24  0.933  19  0.820   0.823 Y  0.570      SignalP-noTM
NZ_CP028714.1_963          0.331  24  0.490  24  0.855  18  0.761   0.595 Y  0.450      SignalP-TM
NZ_CP028714.1_963          0.668  24  0.788  24  0.977  18  0.934   0.857 Y  0.570      SignalP-noTM
NZ_CP028714.1_968          0.138  23  0.321  23  0.905  13  0.788   0.503 Y  0.450      SignalP-TM
NZ_CP028714.1_968          0.411  18  0.611  18  0.927  15  0.902   0.748 Y  0.570      SignalP-noTM
NZ_CP028714.1_969          0.196  33  0.399  27  0.944  12  0.852   0.576 Y  0.450      SignalP-TM
NZ_CP028714.1_969          0.625  26  0.756  26  0.964  21  0.925   0.835 Y  0.570      SignalP-noTM
NZ_CP028714.1_986          0.368  26  0.584  26  0.968  16  0.902   0.708 Y  0.450      SignalP-TM
NZ_CP028714.1_986          0.821  26  0.877  26  0.975  11  0.943   0.908 Y  0.570      SignalP-noTM
NZ_CP028714.1_989          0.273  27  0.392  27  0.803  12  0.596   0.472 Y  0.450      SignalP-TM
NZ_CP028714.1_989          0.465  27  0.620  27  0.973  18  0.882   0.743 Y  0.570      SignalP-noTM
NZ_CP028714.1_991          0.210  38  0.358  28  0.905  11  0.736   0.506 Y  0.450      SignalP-TM
NZ_CP028714.1_992          0.499  30  0.505  30  0.745  24  0.401   0.465 Y  0.450      SignalP-TM
NZ_CP028714.1_992          0.807  30  0.626  30  0.601  24  0.413   0.547 Y  0.510      SignalP-TM
