CP065322.1_100             0.243  22  0.449  22  0.940  12  0.860   0.642 Y  0.570      SignalP-noTM
CP065322.1_100             0.250  33  0.342  22  0.840   4  0.718   0.489 Y  0.450      SignalP-TM
CP065322.1_1005            0.428  30  0.535  30  0.812  23  0.541   0.537 Y  0.450      SignalP-TM
CP065322.1_1007            0.628  23  0.656  23  0.827  17  0.702   0.677 Y  0.570      SignalP-noTM
CP065322.1_1025            0.264  30  0.478  30  0.943  11  0.885   0.637 Y  0.450      SignalP-TM
CP065322.1_1025            0.612  24  0.754  24  0.969  10  0.916   0.830 Y  0.570      SignalP-noTM
CP065322.1_1033            0.182  31  0.363  19  0.808  15  0.723   0.503 Y  0.450      SignalP-TM
CP065322.1_1033            0.232  19  0.419  19  0.896   1  0.772   0.585 Y  0.570      SignalP-noTM
CP065322.1_1034            0.267  39  0.423  23  0.848   2  0.743   0.548 Y  0.450      SignalP-TM
CP065322.1_1034            0.510  20  0.643  20  0.879  12  0.815   0.724 Y  0.570      SignalP-noTM
CP065322.1_1045            0.155  27  0.364  27  0.959  14  0.895   0.571 Y  0.450      SignalP-TM
CP065322.1_1045            0.231  23  0.473  23  0.984  12  0.963   0.704 Y  0.570      SignalP-noTM
CP065322.1_1058            0.346  23  0.451  23  0.736  18  0.592   0.506 Y  0.450      SignalP-TM
CP065322.1_1061            0.522  19  0.593  19  0.811  12  0.641   0.616 Y  0.570      SignalP-noTM
CP065322.1_1062            0.421  27  0.569  27  0.924  12  0.807   0.662 Y  0.450      SignalP-TM
CP065322.1_1062            0.523  27  0.638  27  0.959  12  0.861   0.743 Y  0.570      SignalP-noTM
CP065322.1_1063            0.219  34  0.412  34  0.892  32  0.601   0.486 Y  0.450      SignalP-TM
CP065322.1_1067            0.297  21  0.491  21  0.897  20  0.829   0.650 Y  0.570      SignalP-noTM
CP065322.1_1067            0.349  22  0.481  22  0.880  20  0.663   0.552 Y  0.450      SignalP-TM
CP065322.1_1069            0.113  25  0.276  11  0.894   2  0.759   0.465 Y  0.450      SignalP-TM
CP065322.1_1072            0.478  23  0.638  23  0.906  20  0.774   0.691 Y  0.450      SignalP-TM
CP065322.1_1072            0.511  23  0.654  23  0.912   8  0.844   0.744 Y  0.570      SignalP-noTM
CP065322.1_1082            0.165  58  0.274  11  0.844   2  0.758   0.463 Y  0.450      SignalP-TM
CP065322.1_11              0.218  27  0.415  27  0.922   9  0.834   0.578 Y  0.450      SignalP-TM
CP065322.1_11              0.534  27  0.697  27  0.954  26  0.901   0.793 Y  0.570      SignalP-noTM
CP065322.1_1104            0.160  32  0.346  21  0.842   6  0.788   0.519 Y  0.450      SignalP-TM
CP065322.1_1104            0.573  21  0.717  21  0.945  17  0.879   0.793 Y  0.570      SignalP-noTM
CP065322.1_1126            0.288  20  0.455  20  0.903  19  0.708   0.554 Y  0.450      SignalP-TM
CP065322.1_1126            0.378  20  0.542  20  0.860  19  0.772   0.650 Y  0.570      SignalP-noTM
CP065322.1_1131            0.655  30  0.680  30  0.872  10  0.757   0.710 Y  0.450      SignalP-TM
CP065322.1_1131            0.709  30  0.676  30  0.915  22  0.766   0.718 Y  0.570      SignalP-noTM
CP065322.1_1132            0.389  30  0.513  30  0.813  20  0.668   0.573 Y  0.450      SignalP-TM
CP065322.1_1132            0.504  30  0.634  30  0.920  22  0.787   0.706 Y  0.570      SignalP-noTM
CP065322.1_1134            0.164  25  0.375  25  0.905  18  0.852   0.599 Y  0.570      SignalP-noTM
CP065322.1_1134            0.198  36  0.303  24  0.880   2  0.798   0.496 Y  0.450      SignalP-TM
CP065322.1_1137            0.164  20  0.389  20  0.946   9  0.912   0.593 Y  0.450      SignalP-TM
CP065322.1_1137            0.787  20  0.869  20  0.978  10  0.948   0.906 Y  0.570      SignalP-noTM
CP065322.1_114             0.290  26  0.421  26  0.716  13  0.613   0.496 Y  0.450      SignalP-TM
CP065322.1_1142            0.280  20  0.496  20  0.959  19  0.876   0.644 Y  0.450      SignalP-TM
CP065322.1_1142            0.617  20  0.735  20  0.915  19  0.869   0.798 Y  0.570      SignalP-noTM
CP065322.1_1143            0.318  25  0.508  25  0.931  23  0.778   0.614 Y  0.450      SignalP-TM
CP065322.1_1143            0.850  25  0.853  25  0.924  22  0.849   0.851 Y  0.570      SignalP-noTM
CP065322.1_115             0.245  25  0.443  25  0.983  11  0.875   0.646 Y  0.570      SignalP-noTM
CP065322.1_115             0.455  27  0.602  27  0.948  14  0.852   0.700 Y  0.450      SignalP-TM
CP065322.1_1170            0.312  24  0.519  24  0.907  12  0.786   0.623 Y  0.450      SignalP-TM
CP065322.1_1170            0.718  24  0.821  24  0.964  13  0.905   0.860 Y  0.570      SignalP-noTM
CP065322.1_1171            0.215  25  0.385  25  0.828  13  0.707   0.510 Y  0.450      SignalP-TM
CP065322.1_1171            0.667  27  0.783  25  0.977  22  0.950   0.862 Y  0.570      SignalP-noTM
CP065322.1_1178            0.341  22  0.415  22  0.703   1  0.562   0.472 Y  0.450      SignalP-TM
CP065322.1_1178            0.835  22  0.742  22  0.894   1  0.694   0.720 Y  0.570      SignalP-noTM
CP065322.1_1182            0.241  25  0.455  17  0.955  15  0.941   0.644 Y  0.450      SignalP-TM
CP065322.1_1182            0.638  17  0.768  17  0.956  13  0.916   0.838 Y  0.570      SignalP-noTM
CP065322.1_1191            0.160  19  0.360  19  0.874   2  0.829   0.580 Y  0.570      SignalP-noTM
CP065322.1_1200            0.407  26  0.531  26  0.960  17  0.813   0.664 Y  0.570      SignalP-noTM
CP065322.1_1200            0.477  26  0.554  26  0.822  16  0.697   0.610 Y  0.450      SignalP-TM
CP065322.1_1202            0.325  26  0.411  26  0.800   2  0.559   0.469 Y  0.450      SignalP-TM
CP065322.1_122             0.420  56  0.550  26  0.907  13  0.787   0.642 Y  0.450      SignalP-TM
CP065322.1_122             0.795  26  0.847  26  0.952  22  0.894   0.869 Y  0.570      SignalP-noTM
CP065322.1_1236            0.156  29  0.342  24  0.927  13  0.879   0.551 Y  0.450      SignalP-TM
CP065322.1_1238            0.292  23  0.503  23  0.957  15  0.864   0.644 Y  0.450      SignalP-TM
CP065322.1_1238            0.312  23  0.532  23  0.974  13  0.926   0.717 Y  0.570      SignalP-noTM
CP065322.1_124             0.138  31  0.356  21  0.968  16  0.902   0.569 Y  0.450      SignalP-TM
CP065322.1_124             0.299  21  0.532  21  0.980  19  0.945   0.726 Y  0.570      SignalP-noTM
CP065322.1_126             0.215  25  0.379  25  0.784  23  0.632   0.478 Y  0.450      SignalP-TM
CP065322.1_126             0.760  22  0.796  22  0.944  21  0.831   0.812 Y  0.570      SignalP-noTM
CP065322.1_1260            0.179  26  0.329  26  0.857   4  0.703   0.475 Y  0.450      SignalP-TM
CP065322.1_1261            0.763  20  0.765  20  0.897  19  0.781   0.772 Y  0.570      SignalP-noTM
CP065322.1_1264            0.398  35  0.485  35  0.823  25  0.532   0.503 Y  0.450      SignalP-TM
CP065322.1_1288            0.276  22  0.434  22  0.842  18  0.694   0.535 Y  0.450      SignalP-TM
CP065322.1_1288            0.573  20  0.671  20  0.892   1  0.792   0.728 Y  0.570      SignalP-noTM
CP065322.1_1289            0.304  18  0.513  18  0.942   8  0.856   0.674 Y  0.570      SignalP-noTM
CP065322.1_1290            0.310  30  0.452  30  0.877  20  0.721   0.557 Y  0.450      SignalP-TM
CP065322.1_1290            0.396  23  0.593  23  0.928  15  0.878   0.727 Y  0.570      SignalP-noTM
CP065322.1_1297            0.607  20  0.575  20  0.696   2  0.572   0.574 Y  0.450      SignalP-TM
CP065322.1_130             0.228  67  0.287  21  0.866   5  0.722   0.457 Y  0.450      SignalP-TM
CP065322.1_130             0.364  67  0.471  21  0.933   4  0.831   0.640 Y  0.570      SignalP-noTM
CP065322.1_1300            0.462  34  0.588  34  0.927  17  0.796   0.669 Y  0.450      SignalP-TM
CP065322.1_1300            0.573  34  0.604  25  0.987  15  0.911   0.748 Y  0.570      SignalP-noTM
CP065322.1_1301            0.140  21  0.319  21  0.864  13  0.723   0.476 Y  0.450      SignalP-TM
CP065322.1_1302            0.174  32  0.376  23  0.951  16  0.882   0.574 Y  0.450      SignalP-TM
CP065322.1_1302            0.633  23  0.773  23  0.982  18  0.939   0.851 Y  0.570      SignalP-noTM
CP065322.1_1305            0.202  21  0.376  21  0.854   3  0.729   0.514 Y  0.450      SignalP-TM
CP065322.1_1305            0.361  21  0.535  21  0.905   1  0.783   0.652 Y  0.570      SignalP-noTM
CP065322.1_1312            0.358  22  0.468  22  0.717   4  0.613   0.525 Y  0.450      SignalP-TM
CP065322.1_1312            0.820  22  0.875  22  0.969  17  0.932   0.902 Y  0.570      SignalP-noTM
CP065322.1_1327            0.368  35  0.524  21  0.946  11  0.919   0.678 Y  0.450      SignalP-TM
CP065322.1_1327            0.702  21  0.800  21  0.939  18  0.917   0.855 Y  0.570      SignalP-noTM
CP065322.1_133             0.744  25  0.761  25  0.844  23  0.682   0.730 Y  0.450      SignalP-TM
CP065322.1_1338            0.337  25  0.521  25  0.924  21  0.847   0.674 Y  0.570      SignalP-noTM
CP065322.1_1338            0.377  25  0.577  25  0.938  21  0.885   0.697 Y  0.450      SignalP-TM
CP065322.1_134             0.663  47  0.714  47  0.912  44  0.433   0.604 Y  0.450      SignalP-TM
CP065322.1_1347            0.154  29  0.321  15  0.980  13  0.949   0.616 Y  0.570      SignalP-noTM
CP065322.1_1347            0.206  28  0.403  28  0.961  16  0.862   0.582 Y  0.450      SignalP-TM
CP065322.1_1348            0.370  28  0.501  28  0.935   1  0.797   0.640 Y  0.570      SignalP-noTM
CP065322.1_1349            0.146  23  0.328  23  0.838  18  0.709   0.477 Y  0.450      SignalP-TM
CP065322.1_1349            0.339  19  0.575  19  0.989  12  0.955   0.754 Y  0.570      SignalP-noTM
CP065322.1_1353            0.160  34  0.333  18  0.912  10  0.839   0.571 Y  0.570      SignalP-noTM
CP065322.1_1353            0.300  39  0.405  39  0.690   5  0.552   0.462 Y  0.450      SignalP-TM
CP065322.1_1362            0.235  26  0.424  26  0.931  19  0.803   0.602 Y  0.570      SignalP-noTM
CP065322.1_1369            0.159  22  0.329  22  0.775  19  0.685   0.468 Y  0.450      SignalP-TM
CP065322.1_1369            0.629  22  0.725  22  0.926  19  0.849   0.783 Y  0.570      SignalP-noTM
CP065322.1_1371            0.174  22  0.339  22  0.812   5  0.703   0.481 Y  0.450      SignalP-TM
CP065322.1_1371            0.643  22  0.680  22  0.921   1  0.763   0.719 Y  0.570      SignalP-noTM
CP065322.1_1381            0.396  20  0.582  20  0.917  16  0.850   0.708 Y  0.570      SignalP-noTM
CP065322.1_1381            0.501  26  0.665  26  0.929  18  0.848   0.737 Y  0.450      SignalP-TM
CP065322.1_1388            0.117  45  0.277  11  0.830   3  0.770   0.469 Y  0.450      SignalP-TM
CP065322.1_1397            0.249  25  0.454  19  0.969   7  0.883   0.656 Y  0.570      SignalP-noTM
CP065322.1_1397            0.320  25  0.425  25  0.834  18  0.614   0.499 Y  0.450      SignalP-TM
CP065322.1_1405            0.171  20  0.376  20  0.901  12  0.822   0.586 Y  0.570      SignalP-noTM
CP065322.1_1405            0.180  26  0.363  20  0.919  11  0.787   0.528 Y  0.450      SignalP-TM
CP065322.1_1413            0.176  28  0.375  28  0.958  12  0.826   0.551 Y  0.450      SignalP-TM
CP065322.1_1413            0.276  23  0.511  23  0.973  21  0.924   0.705 Y  0.570      SignalP-noTM
CP065322.1_1419            0.157  32  0.279  12  0.866   8  0.760   0.466 Y  0.450      SignalP-TM
CP065322.1_1439            0.288  32  0.438  32  0.950  14  0.803   0.581 Y  0.450      SignalP-TM
CP065322.1_1439            0.367  21  0.596  21  0.981  19  0.952   0.763 Y  0.570      SignalP-noTM
CP065322.1_1449            0.482  32  0.561  32  0.796  28  0.632   0.589 Y  0.450      SignalP-TM
CP065322.1_1449            0.510  32  0.591  32  0.814  28  0.627   0.608 Y  0.570      SignalP-noTM
CP065322.1_1454            0.213  28  0.373  28  0.832   9  0.713   0.506 Y  0.450      SignalP-TM
CP065322.1_1456            0.190  31  0.327  31  0.835  16  0.664   0.458 Y  0.450      SignalP-TM
CP065322.1_1457            0.701  23  0.763  23  0.915  18  0.806   0.780 Y  0.450      SignalP-TM
CP065322.1_1457            0.880  23  0.903  23  0.944  18  0.926   0.914 Y  0.570      SignalP-noTM
CP065322.1_1468            0.238  25  0.445  25  0.924   2  0.864   0.642 Y  0.570      SignalP-noTM
CP065322.1_1468            0.312  32  0.464  32  0.908   5  0.774   0.585 Y  0.450      SignalP-TM
CP065322.1_1477            0.267  27  0.461  27  0.927  18  0.791   0.590 Y  0.450      SignalP-TM
CP065322.1_1477            0.410  27  0.534  27  0.810  17  0.610   0.562 Y  0.510      SignalP-TM
CP065322.1_1481            0.261  29  0.480  29  0.964  13  0.886   0.638 Y  0.450      SignalP-TM
CP065322.1_1481            0.622  29  0.740  29  0.989  15  0.923   0.826 Y  0.570      SignalP-noTM
CP065322.1_1482            0.194  20  0.402  20  0.927   9  0.850   0.613 Y  0.570      SignalP-noTM
CP065322.1_1505            0.453  42  0.505  42  0.741  26  0.391   0.460 Y  0.450      SignalP-TM
CP065322.1_1523            0.158  25  0.357  22  0.973   2  0.890   0.608 Y  0.570      SignalP-noTM
CP065322.1_1523            0.169  29  0.329  25  0.893  14  0.808   0.516 Y  0.450      SignalP-TM
CP065322.1_1525            0.341  34  0.487  34  0.929  16  0.799   0.609 Y  0.450      SignalP-TM
CP065322.1_1525            0.523  26  0.686  26  0.993  10  0.928   0.800 Y  0.570      SignalP-noTM
CP065322.1_153             0.255  21  0.403  21  0.793  17  0.616   0.486 Y  0.450      SignalP-TM
CP065322.1_153             0.341  21  0.523  21  0.884  17  0.803   0.654 Y  0.570      SignalP-noTM
CP065322.1_1531            0.843  25  0.778  19  0.927  17  0.858   0.816 Y  0.570      SignalP-noTM
CP065322.1_1531            0.845  25  0.762  25  0.841  18  0.726   0.748 Y  0.450      SignalP-TM
CP065322.1_1541            0.311  21  0.541  21  0.955  17  0.915   0.687 Y  0.450      SignalP-TM
CP065322.1_1541            0.711  21  0.824  21  0.976  17  0.944   0.881 Y  0.570      SignalP-noTM
CP065322.1_1546            0.226  20  0.450  20  0.948  10  0.904   0.664 Y  0.570      SignalP-noTM
CP065322.1_1546            0.232  27  0.380  27  0.830  12  0.686   0.499 Y  0.450      SignalP-TM
CP065322.1_1548            0.236  23  0.448  23  0.914  16  0.802   0.586 Y  0.450      SignalP-TM
CP065322.1_1548            0.674  23  0.780  23  0.981  19  0.907   0.840 Y  0.570      SignalP-noTM
CP065322.1_1557            0.442  22  0.591  22  0.905   1  0.808   0.693 Y  0.570      SignalP-noTM
CP065322.1_1557            0.471  24  0.531  24  0.893   3  0.699   0.596 Y  0.450      SignalP-TM
CP065322.1_1564            0.193  21  0.416  21  0.945  18  0.899   0.643 Y  0.570      SignalP-noTM
CP065322.1_1564            0.215  23  0.449  23  0.961  10  0.933   0.638 Y  0.450      SignalP-TM
CP065322.1_1567            0.308  23  0.484  21  0.935  16  0.829   0.646 Y  0.570      SignalP-noTM
CP065322.1_1568            0.281  23  0.495  23  0.963  10  0.895   0.683 Y  0.570      SignalP-noTM
CP065322.1_1568            0.544  28  0.652  28  0.932  17  0.800   0.710 Y  0.450      SignalP-TM
CP065322.1_1577            0.122  18  0.307  18  0.910   2  0.798   0.499 Y  0.450      SignalP-TM
CP065322.1_1579            0.739  33  0.820  33  0.963  17  0.890   0.848 Y  0.450      SignalP-TM
CP065322.1_1579            0.813  33  0.861  33  0.978  17  0.912   0.885 Y  0.570      SignalP-noTM
CP065322.1_1586            0.299  34  0.440  25  0.773  18  0.685   0.536 Y  0.450      SignalP-TM
CP065322.1_1586            0.616  25  0.731  25  0.919  18  0.878   0.800 Y  0.570      SignalP-noTM
CP065322.1_1589            0.416  23  0.585  23  0.915   3  0.835   0.702 Y  0.570      SignalP-noTM
CP065322.1_1589            0.528  23  0.664  23  0.892  17  0.805   0.719 Y  0.450      SignalP-TM
CP065322.1_1590            0.225  21  0.465  21  0.985  15  0.959   0.697 Y  0.570      SignalP-noTM
CP065322.1_1590            0.286  30  0.465  30  0.962  10  0.831   0.607 Y  0.450      SignalP-TM
CP065322.1_1593            0.235  25  0.412  25  0.932   4  0.808   0.598 Y  0.570      SignalP-noTM
CP065322.1_1593            0.262  31  0.365  31  0.837   6  0.627   0.467 Y  0.450      SignalP-TM
CP065322.1_16              0.280  25  0.443  25  0.881  16  0.753   0.564 Y  0.450      SignalP-TM
CP065322.1_16              0.647  25  0.705  25  0.963  10  0.851   0.773 Y  0.570      SignalP-noTM
CP065322.1_1604            0.510  24  0.596  24  0.778  20  0.662   0.621 Y  0.450      SignalP-TM
CP065322.1_1604            0.566  24  0.687  24  0.892  20  0.849   0.763 Y  0.570      SignalP-noTM
CP065322.1_1624            0.550  26  0.586  26  0.682  23  0.569   0.579 Y  0.450      SignalP-TM
CP065322.1_1624            0.704  26  0.669  26  0.741  14  0.603   0.645 Y  0.510      SignalP-TM
CP065322.1_1625            0.215  30  0.358  23  0.862  19  0.726   0.502 Y  0.450      SignalP-TM
CP065322.1_1625            0.443  23  0.560  23  0.929   2  0.776   0.662 Y  0.570      SignalP-noTM
CP065322.1_1626            0.231  24  0.435  24  0.942   7  0.863   0.602 Y  0.450      SignalP-TM
CP065322.1_1626            0.405  21  0.623  21  0.974  11  0.952   0.778 Y  0.570      SignalP-noTM
CP065322.1_1630            0.252  23  0.468  23  0.917  20  0.792   0.594 Y  0.450      SignalP-TM
CP065322.1_1630            0.529  26  0.622  26  0.915  18  0.741   0.678 Y  0.570      SignalP-noTM
CP065322.1_1635            0.618  23  0.747  23  0.946   7  0.909   0.810 Y  0.450      SignalP-TM
CP065322.1_1635            0.701  23  0.791  23  0.968  10  0.916   0.850 Y  0.570      SignalP-noTM
CP065322.1_1639            0.464  34  0.402  20  0.764  18  0.569   0.467 Y  0.450      SignalP-TM
CP065322.1_1639            0.469  20  0.565  20  0.812   4  0.709   0.633 Y  0.570      SignalP-noTM
CP065322.1_1640            0.150  27  0.342  20  0.955  11  0.887   0.598 Y  0.570      SignalP-noTM
CP065322.1_1640            0.259  34  0.385  27  0.897   1  0.789   0.542 Y  0.450      SignalP-TM
CP065322.1_1659            0.350  29  0.467  29  0.886   6  0.724   0.588 Y  0.570      SignalP-noTM
CP065322.1_1659            0.457  29  0.511  29  0.689  15  0.558   0.529 Y  0.450      SignalP-TM
CP065322.1_1662            0.467  29  0.633  29  0.934  18  0.847   0.717 Y  0.450      SignalP-TM
CP065322.1_1662            0.788  29  0.833  29  0.943  17  0.833   0.833 Y  0.510      SignalP-TM
CP065322.1_1664            0.274  27  0.471  27  0.971  12  0.859   0.622 Y  0.450      SignalP-TM
CP065322.1_1664            0.304  26  0.493  26  0.968   9  0.873   0.672 Y  0.570      SignalP-noTM
CP065322.1_1675            0.331  23  0.481  23  0.808   8  0.693   0.564 Y  0.450      SignalP-TM
CP065322.1_1675            0.567  23  0.724  23  0.979   9  0.929   0.820 Y  0.570      SignalP-noTM
CP065322.1_1693            0.486  25  0.620  25  0.854  10  0.765   0.676 Y  0.450      SignalP-TM
CP065322.1_1693            0.608  25  0.720  25  0.965  10  0.877   0.794 Y  0.570      SignalP-noTM
CP065322.1_1700            0.196  24  0.370  24  0.932   1  0.802   0.573 Y  0.570      SignalP-noTM
CP065322.1_1700            0.278  32  0.346  32  0.892   3  0.636   0.459 Y  0.450      SignalP-TM
CP065322.1_1701            0.182  32  0.298  20  0.820   8  0.759   0.478 Y  0.450      SignalP-TM
CP065322.1_1703            0.491  28  0.627  28  0.945  17  0.852   0.715 Y  0.450      SignalP-TM
CP065322.1_1705            0.216  39  0.384  24  0.922   5  0.787   0.541 Y  0.450      SignalP-TM
CP065322.1_1705            0.373  24  0.580  24  0.947  17  0.912   0.736 Y  0.570      SignalP-noTM
CP065322.1_1709            0.244  30  0.340  30  0.857   3  0.660   0.465 Y  0.450      SignalP-TM
CP065322.1_1720            0.219  33  0.402  23  0.934  15  0.832   0.570 Y  0.450      SignalP-TM
CP065322.1_1720            0.526  23  0.704  23  0.974  17  0.936   0.813 Y  0.570      SignalP-noTM
CP065322.1_1724            0.255  28  0.383  28  0.744  17  0.601   0.468 Y  0.450      SignalP-TM
CP065322.1_1730            0.244  27  0.425  27  0.963  10  0.845   0.622 Y  0.570      SignalP-noTM
CP065322.1_1730            0.266  26  0.478  26  0.975  16  0.882   0.636 Y  0.450      SignalP-TM
CP065322.1_1734            0.491  21  0.681  21  0.971  16  0.926   0.777 Y  0.450      SignalP-TM
CP065322.1_1734            0.801  21  0.879  21  0.980  17  0.947   0.911 Y  0.570      SignalP-noTM
CP065322.1_174             0.272  22  0.455  22  0.918  20  0.725   0.582 Y  0.570      SignalP-noTM
CP065322.1_174             0.478  25  0.615  25  0.898  20  0.719   0.656 Y  0.450      SignalP-TM
CP065322.1_1741            0.331  23  0.532  23  0.951  16  0.827   0.671 Y  0.570      SignalP-noTM
CP065322.1_1741            0.426  23  0.590  23  0.867  17  0.741   0.649 Y  0.450      SignalP-TM
CP065322.1_1742            0.356  22  0.530  22  0.866  15  0.756   0.618 Y  0.450      SignalP-TM
CP065322.1_1742            0.827  22  0.860  22  0.948  18  0.885   0.872 Y  0.570      SignalP-noTM
CP065322.1_1744            0.336  39  0.508  39  0.953  27  0.645   0.562 Y  0.450      SignalP-TM
CP065322.1_1744            0.422  39  0.566  39  0.958  30  0.702   0.630 Y  0.570      SignalP-noTM
CP065322.1_1745            0.212  21  0.413  21  0.943   6  0.839   0.579 Y  0.450      SignalP-TM
CP065322.1_1745            0.544  21  0.709  21  0.953   8  0.929   0.812 Y  0.570      SignalP-noTM
CP065322.1_1763            0.192  30  0.314  20  0.924  10  0.860   0.527 Y  0.450      SignalP-TM
CP065322.1_1763            0.353  23  0.493  23  0.801   3  0.714   0.575 Y  0.510      SignalP-TM
CP065322.1_1779            0.592  33  0.678  33  0.889  28  0.703   0.688 Y  0.450      SignalP-TM
CP065322.1_1779            0.852  33  0.634  33  0.731  28  0.353   0.530 Y  0.510      SignalP-TM
CP065322.1_1785            0.633  29  0.526  29  0.587  16  0.453   0.498 Y  0.450      SignalP-TM
CP065322.1_1791            0.210  24  0.377  24  0.774   2  0.675   0.493 Y  0.450      SignalP-TM
CP065322.1_1798            0.499  22  0.569  22  0.899  11  0.657   0.610 Y  0.570      SignalP-noTM
CP065322.1_1798            0.613  22  0.586  22  0.683  19  0.571   0.580 Y  0.450      SignalP-TM
CP065322.1_1799            0.218  23  0.416  23  0.903   7  0.825   0.575 Y  0.450      SignalP-TM
CP065322.1_1799            0.331  23  0.510  23  0.926   7  0.844   0.667 Y  0.570      SignalP-noTM
CP065322.1_1808            0.397  19  0.569  19  0.927  18  0.818   0.666 Y  0.450      SignalP-TM
CP065322.1_1808            0.776  19  0.849  19  0.958  16  0.923   0.884 Y  0.570      SignalP-noTM
CP065322.1_1809            0.400  46  0.541  46  0.809  41  0.326   0.457 Y  0.450      SignalP-TM
CP065322.1_1809            0.588  46  0.717  46  0.967  38  0.521   0.625 Y  0.570      SignalP-noTM
CP065322.1_1811            0.200  23  0.405  23  0.935  11  0.817   0.566 Y  0.450      SignalP-TM
CP065322.1_1811            0.281  24  0.495  24  0.960  11  0.898   0.684 Y  0.570      SignalP-noTM
CP065322.1_1815            0.325  24  0.456  24  0.820   6  0.683   0.545 Y  0.450      SignalP-TM
CP065322.1_1815            0.340  24  0.542  24  0.943  13  0.880   0.701 Y  0.570      SignalP-noTM
CP065322.1_1816            0.481  20  0.618  20  0.885  18  0.818   0.712 Y  0.570      SignalP-noTM
CP065322.1_1816            0.639  26  0.655  26  0.886   7  0.741   0.688 Y  0.450      SignalP-TM
CP065322.1_1817            0.200  23  0.362  23  0.854  19  0.662   0.479 Y  0.450      SignalP-TM
CP065322.1_1818            0.231  24  0.426  24  0.911   9  0.812   0.577 Y  0.450      SignalP-TM
CP065322.1_1818            0.463  24  0.629  24  0.959  16  0.888   0.751 Y  0.570      SignalP-noTM
CP065322.1_1819            0.253  22  0.475  22  0.914  19  0.852   0.622 Y  0.450      SignalP-TM
CP065322.1_1819            0.338  22  0.562  22  0.971  19  0.937   0.738 Y  0.570      SignalP-noTM
CP065322.1_1821            0.239  26  0.435  26  0.928  16  0.810   0.611 Y  0.570      SignalP-noTM
CP065322.1_1821            0.310  36  0.419  26  0.805   5  0.673   0.518 Y  0.450      SignalP-TM
CP065322.1_184             0.581  25  0.585  25  0.717  16  0.590   0.587 Y  0.450      SignalP-TM
CP065322.1_1845            0.223  23  0.362  23  0.813   1  0.664   0.480 Y  0.450      SignalP-TM
CP065322.1_1853            0.167  26  0.340  26  0.801  12  0.715   0.486 Y  0.450      SignalP-TM
CP065322.1_1853            0.530  26  0.558  26  0.654  19  0.505   0.538 Y  0.510      SignalP-TM
CP065322.1_1877            0.195  41  0.387  41  0.888  29  0.590   0.466 Y  0.450      SignalP-TM
CP065322.1_1890            0.255  19  0.393  19  0.713   2  0.623   0.483 Y  0.450      SignalP-TM
CP065322.1_1890            0.725  19  0.744  19  0.821   9  0.753   0.748 Y  0.570      SignalP-noTM
CP065322.1_1897            0.587  25  0.712  25  0.952   9  0.886   0.794 Y  0.570      SignalP-noTM
CP065322.1_190             0.427  26  0.540  26  0.811  22  0.693   0.600 Y  0.450      SignalP-TM
CP065322.1_190             0.567  26  0.635  26  0.937  16  0.799   0.712 Y  0.570      SignalP-noTM
CP065322.1_1958            0.578  21  0.730  21  0.966  17  0.882   0.789 Y  0.450      SignalP-TM
CP065322.1_1958            0.832  21  0.890  21  0.969  20  0.939   0.913 Y  0.570      SignalP-noTM
CP065322.1_196             0.390  23  0.564  23  0.906   5  0.837   0.670 Y  0.450      SignalP-TM
CP065322.1_196             0.652  23  0.760  23  0.941  10  0.904   0.828 Y  0.570      SignalP-noTM
CP065322.1_1962            0.328  23  0.483  23  0.815  19  0.700   0.568 Y  0.450      SignalP-TM
CP065322.1_1962            0.593  23  0.624  23  0.803   9  0.706   0.662 Y  0.570      SignalP-noTM
CP065322.1_1963            0.444  21  0.566  21  0.847  18  0.705   0.620 Y  0.450      SignalP-TM
CP065322.1_1963            0.565  21  0.699  21  0.915  10  0.859   0.774 Y  0.570      SignalP-noTM
CP065322.1_197             0.573  30  0.673  30  0.922   2  0.830   0.734 Y  0.450      SignalP-TM
CP065322.1_197             0.625  30  0.716  30  0.910   7  0.835   0.772 Y  0.570      SignalP-noTM
CP065322.1_1971            0.235  23  0.426  23  0.950   8  0.839   0.587 Y  0.450      SignalP-TM
CP065322.1_1971            0.376  23  0.553  23  0.946  11  0.866   0.700 Y  0.570      SignalP-noTM
CP065322.1_1989            0.332  29  0.454  29  0.922  16  0.731   0.562 Y  0.450      SignalP-TM
CP065322.1_1989            0.578  29  0.558  24  0.914   3  0.820   0.681 Y  0.570      SignalP-noTM
CP065322.1_1990            0.167  31  0.366  23  0.984  12  0.940   0.635 Y  0.570      SignalP-noTM
CP065322.1_1990            0.318  30  0.516  30  0.967  12  0.894   0.664 Y  0.450      SignalP-TM
CP065322.1_1992            0.209  28  0.414  21  0.930  18  0.861   0.588 Y  0.450      SignalP-TM
CP065322.1_1992            0.487  21  0.667  21  0.956  17  0.919   0.786 Y  0.570      SignalP-noTM
CP065322.1_1993            0.186  25  0.407  25  0.944  16  0.886   0.594 Y  0.450      SignalP-TM
CP065322.1_1993            0.271  22  0.507  22  0.958  19  0.939   0.710 Y  0.570      SignalP-noTM
CP065322.1_1994            0.423  25  0.522  25  0.859  11  0.736   0.622 Y  0.570      SignalP-noTM
CP065322.1_1994            0.541  25  0.584  25  0.747   7  0.616   0.596 Y  0.450      SignalP-TM
CP065322.1_1995            0.269  29  0.468  29  0.962  14  0.866   0.655 Y  0.570      SignalP-noTM
CP065322.1_1995            0.300  34  0.401  34  0.932  10  0.723   0.526 Y  0.450      SignalP-TM
CP065322.1_1999            0.568  27  0.630  27  0.806  18  0.668   0.645 Y  0.450      SignalP-TM
CP065322.1_1999            0.659  27  0.686  27  0.899   7  0.779   0.730 Y  0.570      SignalP-noTM
CP065322.1_2017            0.256  39  0.410  25  0.787  14  0.670   0.511 Y  0.450      SignalP-TM
CP065322.1_2017            0.673  25  0.700  25  0.903  21  0.749   0.723 Y  0.570      SignalP-noTM
CP065322.1_202             0.278  26  0.415  26  0.811  12  0.640   0.503 Y  0.450      SignalP-TM
CP065322.1_202             0.632  26  0.719  26  0.960  24  0.832   0.772 Y  0.570      SignalP-noTM
CP065322.1_2022            0.268  24  0.470  22  0.927  17  0.884   0.665 Y  0.570      SignalP-noTM
CP065322.1_2022            0.284  22  0.508  22  0.950  14  0.914   0.666 Y  0.450      SignalP-TM
CP065322.1_2023            0.265  27  0.427  27  0.903   4  0.774   0.562 Y  0.450      SignalP-TM
CP065322.1_2023            0.285  25  0.444  25  0.961  10  0.804   0.613 Y  0.570      SignalP-noTM
CP065322.1_203             0.246  30  0.454  27  0.966  17  0.929   0.677 Y  0.570      SignalP-noTM
CP065322.1_203             0.403  30  0.578  30  0.903   5  0.847   0.683 Y  0.450      SignalP-TM
CP065322.1_2034            0.258  35  0.423  35  0.932  21  0.770   0.586 Y  0.570      SignalP-noTM
CP065322.1_2034            0.555  35  0.622  35  0.845  30  0.669   0.640 Y  0.450      SignalP-TM
CP065322.1_2037            0.499  31  0.670  31  0.942  23  0.805   0.723 Y  0.450      SignalP-TM
CP065322.1_2037            0.547  31  0.709  31  0.968  20  0.853   0.777 Y  0.570      SignalP-noTM
CP065322.1_2039            0.313  29  0.489  21  0.936  19  0.877   0.671 Y  0.570      SignalP-noTM
CP065322.1_2039            0.318  24  0.492  24  0.852  15  0.752   0.593 Y  0.450      SignalP-TM
CP065322.1_2041            0.254  22  0.368  22  0.861   7  0.644   0.476 Y  0.450      SignalP-TM
CP065322.1_2041            0.582  22  0.724  22  0.936  19  0.904   0.809 Y  0.570      SignalP-noTM
CP065322.1_2047            0.731  23  0.646  23  0.845  21  0.634   0.640 Y  0.570      SignalP-noTM
CP065322.1_205             0.631  28  0.587  28  0.726  26  0.450   0.533 Y  0.450      SignalP-TM
CP065322.1_2050            0.377  27  0.458  27  0.711  17  0.481   0.467 Y  0.450      SignalP-TM
CP065322.1_2054            0.340  22  0.554  22  0.939  19  0.885   0.683 Y  0.450      SignalP-TM
CP065322.1_2054            0.602  22  0.742  22  0.987  10  0.927   0.829 Y  0.570      SignalP-noTM
CP065322.1_2063            0.447  27  0.659  27  0.981  16  0.956   0.799 Y  0.570      SignalP-noTM
CP065322.1_2063            0.458  30  0.623  30  0.939  26  0.838   0.707 Y  0.450      SignalP-TM
CP065322.1_2064            0.176  32  0.335  22  0.863   3  0.802   0.517 Y  0.450      SignalP-TM
CP065322.1_2064            0.678  22  0.754  22  0.950  20  0.839   0.794 Y  0.570      SignalP-noTM
CP065322.1_2066            0.288  22  0.464  22  0.814  21  0.748   0.574 Y  0.450      SignalP-TM
CP065322.1_2066            0.746  22  0.795  22  0.906  11  0.855   0.823 Y  0.570      SignalP-noTM
CP065322.1_2070            0.390  20  0.430  20  0.728   1  0.520   0.465 Y  0.450      SignalP-TM
CP065322.1_2070            0.403  20  0.545  20  0.879   6  0.780   0.655 Y  0.570      SignalP-noTM
CP065322.1_2071            0.236  24  0.434  24  0.868  10  0.769   0.565 Y  0.450      SignalP-TM
CP065322.1_2071            0.315  24  0.490  24  0.895   4  0.811   0.640 Y  0.570      SignalP-noTM
CP065322.1_2075            0.262  49  0.393  19  0.907   2  0.844   0.605 Y  0.570      SignalP-noTM
CP065322.1_2076            0.255  35  0.398  35  0.760  28  0.553   0.459 Y  0.450      SignalP-TM
CP065322.1_2090            0.218  32  0.334  32  0.896  11  0.696   0.475 Y  0.450      SignalP-TM
CP065322.1_2092            0.556  21  0.640  21  0.876  19  0.731   0.683 Y  0.570      SignalP-noTM
CP065322.1_2093            0.210  25  0.425  25  0.931   5  0.876   0.637 Y  0.570      SignalP-noTM
CP065322.1_2093            0.223  29  0.411  29  0.896  12  0.786   0.557 Y  0.450      SignalP-TM
CP065322.1_2099            0.173  64  0.278  18  0.834   9  0.736   0.456 Y  0.450      SignalP-TM
CP065322.1_2119            0.422  23  0.629  23  0.974  16  0.932   0.747 Y  0.450      SignalP-TM
CP065322.1_2119            0.776  23  0.870  23  0.990  11  0.972   0.918 Y  0.570      SignalP-noTM
CP065322.1_2122            0.273  21  0.503  21  0.951  14  0.921   0.666 Y  0.450      SignalP-TM
CP065322.1_2122            0.560  21  0.741  21  0.989  11  0.968   0.848 Y  0.570      SignalP-noTM
CP065322.1_2123            0.178  38  0.335  21  0.919  17  0.846   0.534 Y  0.450      SignalP-TM
CP065322.1_2123            0.404  21  0.616  21  0.953  15  0.931   0.764 Y  0.570      SignalP-noTM
CP065322.1_2124            0.265  24  0.419  24  0.890   6  0.743   0.545 Y  0.450      SignalP-TM
CP065322.1_2124            0.541  24  0.672  23  0.944   3  0.885   0.772 Y  0.570      SignalP-noTM
CP065322.1_2136            0.208  40  0.341  24  0.946   4  0.876   0.550 Y  0.450      SignalP-TM
CP065322.1_2137            0.189  27  0.396  18  0.990  12  0.945   0.654 Y  0.570      SignalP-noTM
CP065322.1_2137            0.418  32  0.513  32  0.948  16  0.792   0.622 Y  0.450      SignalP-TM
CP065322.1_2138            0.186  23  0.415  23  0.964  18  0.901   0.605 Y  0.450      SignalP-TM
CP065322.1_2138            0.476  21  0.685  21  0.995  11  0.976   0.822 Y  0.570      SignalP-noTM
CP065322.1_214             0.231  26  0.413  26  0.957  11  0.835   0.611 Y  0.570      SignalP-noTM
CP065322.1_214             0.243  26  0.432  26  0.918  14  0.810   0.579 Y  0.450      SignalP-TM
CP065322.1_2142            0.469  30  0.492  21  0.871  17  0.721   0.581 Y  0.450      SignalP-TM
CP065322.1_2142            0.732  21  0.809  21  0.930  17  0.881   0.843 Y  0.570      SignalP-noTM
CP065322.1_215             0.300  23  0.481  23  0.901  19  0.728   0.577 Y  0.450      SignalP-TM
CP065322.1_215             0.696  21  0.791  21  0.925  17  0.887   0.836 Y  0.570      SignalP-noTM
CP065322.1_2150            0.237  29  0.370  29  0.816  15  0.670   0.487 Y  0.450      SignalP-TM
CP065322.1_2161            0.150  26  0.350  21  0.961   5  0.886   0.559 Y  0.450      SignalP-TM
CP065322.1_2161            0.709  21  0.809  21  0.965  17  0.930   0.866 Y  0.570      SignalP-noTM
CP065322.1_2162            0.323  21  0.500  21  0.875   7  0.789   0.613 Y  0.450      SignalP-TM
CP065322.1_2162            0.346  21  0.547  21  0.945  17  0.869   0.698 Y  0.570      SignalP-noTM
CP065322.1_2167            0.515  21  0.701  21  0.977  10  0.947   0.817 Y  0.570      SignalP-noTM
CP065322.1_2167            0.594  35  0.607  35  0.911  15  0.764   0.669 Y  0.450      SignalP-TM
CP065322.1_2169            0.210  28  0.402  28  0.922  20  0.835   0.605 Y  0.570      SignalP-noTM
CP065322.1_2169            0.219  28  0.362  28  0.808  10  0.654   0.476 Y  0.450      SignalP-TM
CP065322.1_2170            0.287  23  0.451  23  0.811  22  0.729   0.559 Y  0.450      SignalP-TM
CP065322.1_2175            0.284  20  0.521  20  0.968   7  0.947   0.687 Y  0.450      SignalP-TM
CP065322.1_2175            0.734  20  0.847  20  0.987  10  0.970   0.905 Y  0.570      SignalP-noTM
CP065322.1_2176            0.407  23  0.555  23  0.836  18  0.689   0.607 Y  0.450      SignalP-TM
CP065322.1_2176            0.507  23  0.611  23  0.923  17  0.705   0.655 Y  0.570      SignalP-noTM
CP065322.1_2180            0.686  23  0.765  23  0.891  19  0.808   0.782 Y  0.450      SignalP-TM
CP065322.1_2180            0.864  23  0.882  23  0.942  19  0.903   0.892 Y  0.570      SignalP-noTM
CP065322.1_2187            0.254  23  0.436  23  0.884   2  0.784   0.600 Y  0.570      SignalP-noTM
CP065322.1_2187            0.336  28  0.390  28  0.883   6  0.634   0.485 Y  0.450      SignalP-TM
CP065322.1_2191            0.396  19  0.613  19  0.962  11  0.940   0.767 Y  0.570      SignalP-noTM
CP065322.1_2191            0.460  26  0.528  26  0.828  17  0.693   0.593 Y  0.450      SignalP-TM
CP065322.1_2195            0.229  56  0.400  20  0.846   2  0.766   0.543 Y  0.450      SignalP-TM
CP065322.1_2195            0.730  20  0.717  20  0.836  10  0.737   0.726 Y  0.570      SignalP-noTM
CP065322.1_2200            0.663  20  0.742  20  0.906  18  0.832   0.777 Y  0.450      SignalP-TM
CP065322.1_2200            0.801  20  0.855  20  0.969  19  0.901   0.877 Y  0.570      SignalP-noTM
CP065322.1_2204            0.368  18  0.549  18  0.920  16  0.809   0.671 Y  0.570      SignalP-noTM
CP065322.1_2205            0.289  25  0.489  25  0.911  10  0.843   0.627 Y  0.450      SignalP-TM
CP065322.1_2205            0.777  25  0.825  25  0.952   8  0.892   0.857 Y  0.570      SignalP-noTM
CP065322.1_2206            0.206  28  0.350  18  0.940   2  0.891   0.604 Y  0.570      SignalP-noTM
CP065322.1_2206            0.326  65  0.436  28  0.969   7  0.830   0.590 Y  0.450      SignalP-TM
CP065322.1_2211            0.469  34  0.590  34  0.952  14  0.842   0.688 Y  0.450      SignalP-TM
CP065322.1_2211            0.572  24  0.725  24  0.964  14  0.920   0.817 Y  0.570      SignalP-noTM
CP065322.1_2225            0.188  22  0.349  18  0.830  17  0.706   0.488 Y  0.450      SignalP-TM
CP065322.1_2225            0.635  22  0.681  22  0.896   1  0.781   0.728 Y  0.570      SignalP-noTM
CP065322.1_2231            0.533  32  0.566  32  0.900  15  0.714   0.624 Y  0.450      SignalP-TM
CP065322.1_2245            0.166  27  0.360  23  0.921  16  0.849   0.551 Y  0.450      SignalP-TM
CP065322.1_2245            0.432  23  0.625  23  0.932  15  0.903   0.756 Y  0.570      SignalP-noTM
CP065322.1_2249            0.460  40  0.488  40  0.974  21  0.721   0.598 Y  0.570      SignalP-noTM
CP065322.1_2249            0.659  40  0.615  40  0.824  20  0.648   0.628 Y  0.450      SignalP-TM
CP065322.1_2256            0.295  22  0.499  22  0.873  10  0.836   0.631 Y  0.450      SignalP-TM
CP065322.1_2256            0.674  22  0.785  22  0.944  20  0.905   0.841 Y  0.570      SignalP-noTM
CP065322.1_2262            0.413  43  0.458  43  0.899  19  0.664   0.538 Y  0.450      SignalP-TM
CP065322.1_2269            0.246  34  0.423  29  0.903  26  0.663   0.517 Y  0.450      SignalP-TM
CP065322.1_2269            0.823  29  0.805  29  0.947  26  0.746   0.777 Y  0.570      SignalP-noTM
CP065322.1_2273            0.470  24  0.659  24  0.972   9  0.933   0.788 Y  0.570      SignalP-noTM
CP065322.1_2273            0.610  24  0.723  24  0.939  11  0.850   0.773 Y  0.450      SignalP-TM
CP065322.1_231             0.115  36  0.273  13  0.792   8  0.746   0.457 Y  0.450      SignalP-TM
CP065322.1_239             0.251  18  0.391  18  0.774   1  0.630   0.484 Y  0.450      SignalP-TM
CP065322.1_239             0.457  18  0.617  18  0.888  14  0.832   0.718 Y  0.570      SignalP-noTM
CP065322.1_246             0.336  21  0.522  21  0.882   7  0.817   0.637 Y  0.450      SignalP-TM
CP065322.1_246             0.842  21  0.890  21  0.956  17  0.938   0.913 Y  0.570      SignalP-noTM
CP065322.1_252             0.244  33  0.362  33  0.868   9  0.658   0.477 Y  0.450      SignalP-TM
CP065322.1_252             0.250  23  0.453  23  0.934   7  0.852   0.641 Y  0.570      SignalP-noTM
CP065322.1_270             0.255  23  0.469  23  0.909  16  0.850   0.618 Y  0.450      SignalP-TM
CP065322.1_270             0.806  23  0.851  23  0.946  11  0.898   0.873 Y  0.570      SignalP-noTM
CP065322.1_272             0.252  27  0.480  27  0.948  16  0.912   0.649 Y  0.450      SignalP-TM
CP065322.1_272             0.602  27  0.742  27  0.985  17  0.941   0.836 Y  0.570      SignalP-noTM
CP065322.1_273             0.305  29  0.489  20  0.894  10  0.842   0.655 Y  0.570      SignalP-noTM
CP065322.1_275             0.239  22  0.454  22  0.914  18  0.844   0.606 Y  0.450      SignalP-TM
CP065322.1_275             0.457  22  0.643  22  0.958  17  0.904   0.765 Y  0.570      SignalP-noTM
CP065322.1_280             0.388  21  0.554  21  0.854  19  0.793   0.647 Y  0.450      SignalP-TM
CP065322.1_280             0.768  21  0.812  21  0.938   9  0.870   0.839 Y  0.570      SignalP-noTM
CP065322.1_284             0.290  33  0.477  31  0.949  15  0.849   0.652 Y  0.570      SignalP-noTM
CP065322.1_285             0.353  32  0.544  32  0.964  17  0.886   0.677 Y  0.450      SignalP-TM
CP065322.1_285             0.444  32  0.634  32  0.985  19  0.917   0.767 Y  0.570      SignalP-noTM
CP065322.1_287             0.526  20  0.677  20  0.942  16  0.878   0.771 Y  0.570      SignalP-noTM
CP065322.1_296             0.611  22  0.720  22  0.952  18  0.875   0.781 Y  0.450      SignalP-TM
CP065322.1_296             0.707  22  0.764  22  0.933  10  0.867   0.812 Y  0.570      SignalP-noTM
CP065322.1_300             0.373  27  0.524  27  0.897  17  0.780   0.624 Y  0.450      SignalP-TM
CP065322.1_300             0.683  27  0.724  27  0.922  15  0.839   0.778 Y  0.570      SignalP-noTM
CP065322.1_301             0.186  23  0.408  23  0.954   9  0.896   0.637 Y  0.570      SignalP-noTM
CP065322.1_301             0.261  28  0.434  28  0.829  21  0.645   0.516 Y  0.450      SignalP-TM
CP065322.1_315             0.608  22  0.722  22  0.911  20  0.860   0.776 Y  0.450      SignalP-TM
CP065322.1_315             0.861  22  0.883  22  0.957  10  0.913   0.897 Y  0.570      SignalP-noTM
CP065322.1_327             0.432  22  0.529  22  0.832  20  0.675   0.586 Y  0.450      SignalP-TM
CP065322.1_327             0.793  22  0.782  22  0.924  20  0.783   0.782 Y  0.570      SignalP-noTM
CP065322.1_337             0.177  19  0.340  19  0.871  16  0.652   0.462 Y  0.450      SignalP-TM
CP065322.1_344             0.361  22  0.513  22  0.853  18  0.766   0.612 Y  0.450      SignalP-TM
CP065322.1_344             0.743  22  0.768  22  0.918   2  0.829   0.797 Y  0.570      SignalP-noTM
CP065322.1_348             0.413  31  0.409  20  0.742  16  0.658   0.506 Y  0.450      SignalP-TM
CP065322.1_348             0.484  20  0.653  20  0.913  16  0.875   0.757 Y  0.570      SignalP-noTM
CP065322.1_350             0.182  32  0.351  32  0.963  12  0.821   0.534 Y  0.450      SignalP-TM
CP065322.1_363             0.265  24  0.480  24  0.910  18  0.840   0.620 Y  0.450      SignalP-TM
CP065322.1_363             0.588  24  0.750  24  0.989  12  0.952   0.845 Y  0.570      SignalP-noTM
CP065322.1_364             0.200  22  0.406  22  0.918   1  0.841   0.610 Y  0.570      SignalP-noTM
CP065322.1_364             0.404  27  0.554  27  0.922   2  0.805   0.652 Y  0.450      SignalP-TM
CP065322.1_366             0.214  27  0.371  19  0.756  17  0.690   0.495 Y  0.450      SignalP-TM
CP065322.1_366             0.420  19  0.610  19  0.922  10  0.873   0.734 Y  0.570      SignalP-noTM
CP065322.1_402             0.638  43  0.614  43  0.888   9  0.670   0.636 Y  0.450      SignalP-TM
CP065322.1_402             0.723  43  0.551  43  0.872   1  0.551   0.551 Y  0.510      SignalP-TM
CP065322.1_409             0.501  26  0.669  26  0.950  15  0.865   0.745 Y  0.450      SignalP-TM
CP065322.1_409             0.771  26  0.839  26  0.982  12  0.939   0.886 Y  0.570      SignalP-noTM
CP065322.1_410             0.334  29  0.533  29  0.929  16  0.815   0.643 Y  0.450      SignalP-TM
CP065322.1_410             0.699  21  0.819  21  0.976  15  0.939   0.875 Y  0.570      SignalP-noTM
CP065322.1_411             0.323  23  0.478  23  0.842  17  0.632   0.538 Y  0.450      SignalP-TM
CP065322.1_412             0.218  41  0.312  27  0.909  11  0.788   0.498 Y  0.450      SignalP-TM
CP065322.1_412             0.297  25  0.446  25  0.792   9  0.670   0.529 Y  0.510      SignalP-TM
CP065322.1_424             0.245  21  0.459  21  0.946   6  0.883   0.625 Y  0.450      SignalP-TM
CP065322.1_424             0.259  18  0.492  18  0.964  17  0.932   0.699 Y  0.570      SignalP-noTM
CP065322.1_428             0.814  26  0.768  26  0.947  11  0.820   0.793 Y  0.570      SignalP-noTM
CP065322.1_428             0.865  26  0.845  26  0.939  15  0.837   0.842 Y  0.450      SignalP-TM
CP065322.1_431             0.368  26  0.441  26  0.809   1  0.578   0.494 Y  0.450      SignalP-TM
CP065322.1_432             0.528  28  0.570  28  0.845  11  0.698   0.620 Y  0.450      SignalP-TM
CP065322.1_44              0.248  35  0.453  35  0.966  16  0.828   0.599 Y  0.450      SignalP-TM
CP065322.1_44              0.432  35  0.611  35  0.979  17  0.888   0.741 Y  0.570      SignalP-noTM
CP065322.1_443             0.611  47  0.613  47  0.715  45  0.377   0.521 Y  0.450      SignalP-TM
CP065322.1_453             0.447  26  0.488  26  0.710  21  0.548   0.511 Y  0.450      SignalP-TM
CP065322.1_456             0.432  31  0.522  31  0.802  27  0.571   0.541 Y  0.450      SignalP-TM
CP065322.1_456             0.550  31  0.576  31  0.879  27  0.575   0.576 Y  0.570      SignalP-noTM
CP065322.1_457             0.186  24  0.373  24  0.885   5  0.782   0.532 Y  0.450      SignalP-TM
CP065322.1_457             0.275  24  0.478  24  0.920  14  0.862   0.659 Y  0.570      SignalP-noTM
CP065322.1_467             0.410  23  0.546  23  0.846  21  0.755   0.628 Y  0.450      SignalP-TM
CP065322.1_467             0.719  23  0.742  23  0.916   3  0.811   0.774 Y  0.570      SignalP-noTM
CP065322.1_480             0.539  21  0.635  21  0.860  16  0.728   0.671 Y  0.450      SignalP-TM
CP065322.1_480             0.626  21  0.740  21  0.927  12  0.871   0.802 Y  0.570      SignalP-noTM
CP065322.1_481             0.313  38  0.469  33  0.994  14  0.906   0.674 Y  0.570      SignalP-noTM
CP065322.1_481             0.445  38  0.569  38  0.960  20  0.845   0.677 Y  0.450      SignalP-TM
CP065322.1_484             0.261  23  0.453  23  0.912   8  0.822   0.597 Y  0.450      SignalP-TM
CP065322.1_486             0.491  26  0.576  26  0.930   2  0.779   0.655 Y  0.450      SignalP-TM
CP065322.1_488             0.467  24  0.555  24  0.860   8  0.731   0.624 Y  0.450      SignalP-TM
CP065322.1_488             0.637  25  0.729  25  0.975   8  0.892   0.806 Y  0.570      SignalP-noTM
CP065322.1_491             0.180  22  0.396  22  0.949  17  0.855   0.612 Y  0.570      SignalP-noTM
CP065322.1_491             0.245  30  0.365  22  0.897  12  0.786   0.529 Y  0.450      SignalP-TM
CP065322.1_493             0.207  21  0.415  21  0.890  18  0.812   0.570 Y  0.450      SignalP-TM
CP065322.1_495             0.518  29  0.689  29  0.992  15  0.932   0.803 Y  0.570      SignalP-noTM
CP065322.1_495             0.656  29  0.738  29  0.959  16  0.844   0.779 Y  0.450      SignalP-TM
CP065322.1_499             0.394  21  0.493  21  0.754   4  0.641   0.551 Y  0.450      SignalP-TM
CP065322.1_512             0.181  38  0.341  38  0.763   1  0.647   0.461 Y  0.450      SignalP-TM
CP065322.1_518             0.249  17  0.458  17  0.907  12  0.843   0.639 Y  0.570      SignalP-noTM
CP065322.1_519             0.203  28  0.417  28  0.945  12  0.822   0.607 Y  0.570      SignalP-noTM
CP065322.1_519             0.300  28  0.443  28  0.756  24  0.598   0.504 Y  0.450      SignalP-TM
CP065322.1_523             0.219  25  0.380  25  0.875   9  0.690   0.501 Y  0.450      SignalP-TM
CP065322.1_523             0.506  28  0.547  28  0.875  23  0.681   0.610 Y  0.570      SignalP-noTM
CP065322.1_524             0.131  23  0.331  18  0.925   9  0.873   0.542 Y  0.450      SignalP-TM
CP065322.1_524             0.214  23  0.432  18  0.936   1  0.893   0.648 Y  0.570      SignalP-noTM
CP065322.1_525             0.320  21  0.534  21  0.942  16  0.892   0.673 Y  0.450      SignalP-TM
CP065322.1_525             0.386  21  0.602  21  0.971  11  0.937   0.759 Y  0.570      SignalP-noTM
CP065322.1_527             0.266  25  0.373  25  0.832   8  0.613   0.467 Y  0.450      SignalP-TM
CP065322.1_527             0.558  25  0.599  25  0.893   4  0.725   0.658 Y  0.570      SignalP-noTM
CP065322.1_539             0.266  33  0.411  27  0.824  18  0.689   0.520 Y  0.450      SignalP-TM
CP065322.1_539             0.352  22  0.555  22  0.929  10  0.870   0.703 Y  0.570      SignalP-noTM
CP065322.1_541             0.145  31  0.355  18  0.932  15  0.876   0.558 Y  0.450      SignalP-TM
CP065322.1_541             0.266  18  0.494  18  0.942  10  0.912   0.691 Y  0.570      SignalP-noTM
CP065322.1_565             0.342  27  0.477  27  0.895  16  0.744   0.581 Y  0.450      SignalP-TM
CP065322.1_565             0.406  20  0.546  20  0.824   2  0.745   0.640 Y  0.570      SignalP-noTM
CP065322.1_6               0.676  20  0.720  20  0.857  17  0.745   0.732 Y  0.570      SignalP-noTM
CP065322.1_619             0.331  27  0.504  27  0.908  12  0.818   0.626 Y  0.450      SignalP-TM
CP065322.1_619             0.763  27  0.820  27  0.980  11  0.922   0.868 Y  0.570      SignalP-noTM
CP065322.1_620             0.508  28  0.661  28  0.982   9  0.916   0.760 Y  0.450      SignalP-TM
CP065322.1_620             0.730  28  0.757  28  0.984  10  0.882   0.815 Y  0.570      SignalP-noTM
CP065322.1_638             0.221  21  0.342  21  0.896   1  0.632   0.455 Y  0.450      SignalP-TM
CP065322.1_638             0.687  21  0.771  21  0.947   6  0.893   0.829 Y  0.570      SignalP-noTM
CP065322.1_652             0.462  24  0.654  24  0.961  17  0.840   0.726 Y  0.450      SignalP-TM
CP065322.1_652             0.739  24  0.823  24  0.963  14  0.917   0.867 Y  0.570      SignalP-noTM
CP065322.1_662             0.523  27  0.630  27  0.898  13  0.789   0.705 Y  0.570      SignalP-noTM
CP065322.1_664             0.271  21  0.464  21  0.879   2  0.822   0.632 Y  0.570      SignalP-noTM
CP065322.1_664             0.290  27  0.426  21  0.833  20  0.702   0.533 Y  0.450      SignalP-TM
CP065322.1_673             0.203  21  0.418  21  0.904   9  0.860   0.590 Y  0.450      SignalP-TM
CP065322.1_673             0.600  21  0.763  21  0.984  18  0.958   0.854 Y  0.570      SignalP-noTM
CP065322.1_68              0.208  24  0.383  24  0.849   9  0.711   0.511 Y  0.450      SignalP-TM
CP065322.1_68              0.437  24  0.543  24  0.842   9  0.724   0.628 Y  0.570      SignalP-noTM
CP065322.1_686             0.395  20  0.455  20  0.803   3  0.587   0.506 Y  0.450      SignalP-TM
CP065322.1_686             0.822  20  0.866  20  0.933  12  0.903   0.883 Y  0.570      SignalP-noTM
CP065322.1_687             0.220  23  0.401  23  0.820  12  0.742   0.534 Y  0.450      SignalP-TM
CP065322.1_687             0.712  23  0.757  23  0.913  13  0.839   0.795 Y  0.570      SignalP-noTM
CP065322.1_688             0.517  27  0.646  27  0.884  23  0.764   0.692 Y  0.450      SignalP-TM
CP065322.1_688             0.650  27  0.736  27  0.917  20  0.820   0.776 Y  0.570      SignalP-noTM
CP065322.1_69              0.539  25  0.611  25  0.871  14  0.685   0.646 Y  0.570      SignalP-noTM
CP065322.1_69              0.732  25  0.727  25  0.786  18  0.661   0.701 Y  0.450      SignalP-TM
CP065322.1_695             0.331  30  0.468  30  0.835   7  0.726   0.590 Y  0.570      SignalP-noTM
CP065322.1_697             0.280  26  0.495  26  0.950  15  0.858   0.636 Y  0.450      SignalP-TM
CP065322.1_697             0.696  26  0.756  26  0.939  19  0.864   0.807 Y  0.570      SignalP-noTM
CP065322.1_70              0.672  19  0.653  19  0.761  17  0.642   0.648 Y  0.570      SignalP-noTM
CP065322.1_701             0.305  22  0.480  22  0.881   1  0.754   0.608 Y  0.570      SignalP-noTM
CP065322.1_701             0.424  22  0.530  22  0.841  18  0.669   0.584 Y  0.450      SignalP-TM
CP065322.1_708             0.149  31  0.308  31  0.885  10  0.738   0.476 Y  0.450      SignalP-TM
CP065322.1_708             0.324  36  0.392  18  0.960  14  0.911   0.636 Y  0.570      SignalP-noTM
CP065322.1_709             0.142  22  0.355  22  0.945  17  0.878   0.559 Y  0.450      SignalP-TM
CP065322.1_709             0.291  24  0.514  24  0.978  12  0.928   0.708 Y  0.570      SignalP-noTM
CP065322.1_718             0.380  26  0.485  26  0.878  17  0.711   0.574 Y  0.450      SignalP-TM
CP065322.1_718             0.648  19  0.787  19  0.967  11  0.949   0.863 Y  0.570      SignalP-noTM
CP065322.1_729             0.194  21  0.359  21  0.839  19  0.638   0.468 Y  0.450      SignalP-TM
CP065322.1_729             0.691  21  0.762  21  0.919  17  0.814   0.787 Y  0.570      SignalP-noTM
CP065322.1_73              0.242  35  0.412  35  0.880  29  0.672   0.513 Y  0.450      SignalP-TM
CP065322.1_736             0.267  34  0.408  23  0.882  12  0.800   0.561 Y  0.450      SignalP-TM
CP065322.1_736             0.329  23  0.531  23  0.922   6  0.876   0.693 Y  0.570      SignalP-noTM
CP065322.1_742             0.381  25  0.474  25  0.881  10  0.669   0.550 Y  0.450      SignalP-TM
CP065322.1_742             0.637  25  0.701  25  0.930   3  0.830   0.762 Y  0.570      SignalP-noTM
CP065322.1_748             0.156  29  0.365  24  0.947   6  0.891   0.612 Y  0.570      SignalP-noTM
CP065322.1_748             0.199  33  0.355  33  0.934  11  0.794   0.526 Y  0.450      SignalP-TM
CP065322.1_755             0.230  27  0.442  21  0.931  10  0.859   0.605 Y  0.450      SignalP-TM
CP065322.1_755             0.465  21  0.666  21  0.979  11  0.950   0.800 Y  0.570      SignalP-noTM
CP065322.1_771             0.120  34  0.300  16  0.922  15  0.883   0.527 Y  0.450      SignalP-TM
CP065322.1_781             0.347  30  0.564  30  0.950  23  0.792   0.653 Y  0.450      SignalP-TM
CP065322.1_781             0.585  30  0.743  30  0.975  23  0.889   0.812 Y  0.570      SignalP-noTM
CP065322.1_785             0.181  25  0.360  22  0.927   3  0.836   0.584 Y  0.570      SignalP-noTM
CP065322.1_798             0.174  23  0.371  23  0.969   9  0.859   0.562 Y  0.450      SignalP-TM
CP065322.1_798             0.374  23  0.578  23  0.970  10  0.919   0.738 Y  0.570      SignalP-noTM
CP065322.1_801             0.298  25  0.422  25  0.756  20  0.534   0.466 Y  0.450      SignalP-TM
CP065322.1_801             0.577  25  0.647  25  0.880  20  0.687   0.665 Y  0.570      SignalP-noTM
CP065322.1_802             0.312  28  0.525  28  0.954  14  0.857   0.654 Y  0.450      SignalP-TM
CP065322.1_802             0.464  23  0.634  23  0.977  11  0.882   0.751 Y  0.570      SignalP-noTM
CP065322.1_803             0.321  22  0.474  22  0.872  19  0.697   0.579 Y  0.570      SignalP-noTM
CP065322.1_809             0.818  20  0.736  20  0.854   1  0.661   0.701 Y  0.570      SignalP-noTM
CP065322.1_813             0.254  24  0.437  24  0.904   5  0.801   0.579 Y  0.450      SignalP-TM
CP065322.1_813             0.533  24  0.643  24  0.933   1  0.822   0.727 Y  0.570      SignalP-noTM
CP065322.1_815             0.190  61  0.267  12  0.849   6  0.748   0.455 Y  0.450      SignalP-TM
CP065322.1_817             0.428  23  0.572  23  0.871  20  0.736   0.636 Y  0.450      SignalP-TM
CP065322.1_817             0.511  21  0.696  21  0.975  20  0.938   0.810 Y  0.570      SignalP-noTM
CP065322.1_82              0.294  33  0.469  28  0.890  16  0.803   0.599 Y  0.450      SignalP-TM
CP065322.1_82              0.685  28  0.784  28  0.993  18  0.925   0.850 Y  0.570      SignalP-noTM
CP065322.1_822             0.278  24  0.478  24  0.901  19  0.810   0.634 Y  0.570      SignalP-noTM
CP065322.1_823             0.357  28  0.526  28  0.961  13  0.846   0.677 Y  0.570      SignalP-noTM
CP065322.1_823             0.782  31  0.803  31  0.948  22  0.826   0.812 Y  0.450      SignalP-TM
CP065322.1_834             0.542  25  0.666  25  0.881  23  0.814   0.735 Y  0.570      SignalP-noTM
CP065322.1_836             0.213  26  0.381  26  0.877   3  0.725   0.515 Y  0.450      SignalP-TM
CP065322.1_850             0.619  24  0.693  24  0.897  18  0.772   0.724 Y  0.450      SignalP-TM
CP065322.1_850             0.815  19  0.840  19  0.900   8  0.861   0.848 Y  0.510      SignalP-TM
CP065322.1_851             0.307  23  0.422  23  0.672  19  0.583   0.485 Y  0.450      SignalP-TM
CP065322.1_860             0.513  35  0.610  35  0.815  25  0.553   0.587 Y  0.450      SignalP-TM
CP065322.1_867             0.729  21  0.801  21  0.953  19  0.882   0.839 Y  0.570      SignalP-noTM
CP065322.1_869             0.555  21  0.727  21  0.972  14  0.952   0.815 Y  0.450      SignalP-TM
CP065322.1_869             0.741  21  0.855  21  0.993  13  0.976   0.912 Y  0.570      SignalP-noTM
CP065322.1_874             0.274  30  0.422  25  0.935  19  0.763   0.555 Y  0.450      SignalP-TM
CP065322.1_874             0.399  20  0.584  20  0.940  18  0.866   0.716 Y  0.570      SignalP-noTM
CP065322.1_875             0.375  24  0.591  24  0.974  17  0.924   0.747 Y  0.570      SignalP-noTM
CP065322.1_875             0.579  26  0.716  26  0.952   8  0.895   0.786 Y  0.450      SignalP-TM
CP065322.1_876             0.252  22  0.431  22  0.877   6  0.771   0.564 Y  0.450      SignalP-TM
CP065322.1_876             0.290  22  0.516  22  0.947  16  0.916   0.704 Y  0.570      SignalP-noTM
CP065322.1_877             0.254  26  0.392  26  0.867   8  0.696   0.511 Y  0.450      SignalP-TM
CP065322.1_877             0.328  26  0.478  26  0.928  10  0.800   0.630 Y  0.570      SignalP-noTM
CP065322.1_88              0.164  27  0.321  21  0.830  18  0.749   0.488 Y  0.450      SignalP-TM
CP065322.1_885             0.232  30  0.330  30  0.830   6  0.644   0.453 Y  0.450      SignalP-TM
CP065322.1_891             0.308  36  0.422  36  0.675  25  0.557   0.475 Y  0.450      SignalP-TM
CP065322.1_899             0.435  24  0.452  24  0.707  19  0.496   0.469 Y  0.450      SignalP-TM
CP065322.1_900             0.310  32  0.523  32  0.918  21  0.739   0.607 Y  0.450      SignalP-TM
CP065322.1_900             0.559  32  0.730  32  0.983  19  0.875   0.798 Y  0.570      SignalP-noTM
CP065322.1_904             0.194  24  0.430  24  0.980  13  0.942   0.629 Y  0.450      SignalP-TM
CP065322.1_904             0.443  22  0.644  22  0.967  15  0.938   0.782 Y  0.570      SignalP-noTM
CP065322.1_910             0.449  40  0.418  40  0.815   4  0.562   0.474 Y  0.450      SignalP-TM
CP065322.1_910             0.483  33  0.521  33  0.890  11  0.720   0.615 Y  0.570      SignalP-noTM
CP065322.1_923             0.213  22  0.398  22  0.902   7  0.793   0.584 Y  0.570      SignalP-noTM
CP065322.1_923             0.213  33  0.352  33  0.819  21  0.635   0.462 Y  0.450      SignalP-TM
CP065322.1_925             0.173  19  0.384  19  0.945  18  0.861   0.608 Y  0.570      SignalP-noTM
CP065322.1_925             0.211  19  0.371  19  0.706  14  0.649   0.480 Y  0.450      SignalP-TM
CP065322.1_926             0.169  29  0.333  21  0.821   6  0.763   0.501 Y  0.450      SignalP-TM
CP065322.1_926             0.407  22  0.612  22  0.953  11  0.925   0.759 Y  0.570      SignalP-noTM
CP065322.1_927             0.469  42  0.653  42  0.988  30  0.759   0.703 Y  0.570      SignalP-noTM
CP065322.1_939             0.575  25  0.712  25  0.916  19  0.841   0.763 Y  0.450      SignalP-TM
CP065322.1_939             0.757  25  0.772  25  0.899  10  0.825   0.797 Y  0.570      SignalP-noTM
CP065322.1_95              0.301  22  0.451  22  0.816  15  0.669   0.536 Y  0.450      SignalP-TM
CP065322.1_95              0.732  22  0.793  22  0.924  18  0.828   0.809 Y  0.570      SignalP-noTM
CP065322.1_964             0.193  27  0.395  12  0.942   1  0.899   0.632 Y  0.570      SignalP-noTM
CP065322.1_964             0.542  32  0.603  32  0.902  17  0.768   0.668 Y  0.450      SignalP-TM
CP065322.1_990             0.220  23  0.379  23  0.787  20  0.665   0.491 Y  0.450      SignalP-TM
CP065322.1_990             0.587  23  0.695  23  0.912  10  0.839   0.763 Y  0.570      SignalP-noTM
