Sigma70_r2	71	CP065315.1_100	176	8.9e-18	2	70	22	88	0.957746478873
Sigma70_r4_2	54	CP065315.1_100	176	3.9e-09	3	54	107	158	0.944444444444
Response_reg	112	CP065315.1_102	233	2.2e-30	1	112	5	114	0.991071428571
Trans_reg_C	77	CP065315.1_102	233	1.2e-25	1	77	153	229	0.987012987013
HisKA	64	CP065315.1_103	661	1.2e-15	2	62	431	494	0.9375
HATPase_c	111	CP065315.1_103	661	1.1e-12	2	97	543	637	0.855855855856
SBP_bac_3	225	CP065315.1_1032	286	5.9e-50	1	222	57	275	0.982222222222
Fer4	24	CP065315.1_105	255	2.8e-06	5	23	179	197	0.75
Fer4	24	CP065315.1_105	255	1.5e-07	4	21	206	223	0.708333333333
Aminotran_1_2	363	CP065315.1_1050	427	6.6e-09	129	334	181	395	0.564738292011
HEM4	232	CP065315.1_1052	496	8.6e-58	2	232	266	488	0.991379310345
Pyr_redox	81	CP065315.1_1054	549	3.5e-07	1	30	417	446	0.358024691358
CbiA	128	CP065315.1_1062	499	1.1e-20	1	115	5	227	0.890625
Aminotran_1_2	363	CP065315.1_1063	353	6.6e-42	4	363	22	348	0.988980716253
CbiA	128	CP065315.1_1070	457	4.6e-11	2	116	7	181	0.890625
TetR_N	47	CP065315.1_1078	187	4.8e-15	1	46	11	56	0.957446808511
Fer4	24	CP065315.1_1082	773	9.8e-08	6	23	391	408	0.708333333333
MarR	59	CP065315.1_109	165	4.5e-10	12	57	46	92	0.762711864407
TetR_N	47	CP065315.1_1095	207	2.1e-15	1	45	17	61	0.936170212766
Sigma70_r4	50	CP065315.1_1102	385	4.2e-06	2	32	191	221	0.6
HTH_3	55	CP065315.1_1125	151	8.7e-13	4	53	95	147	0.890909090909
CbiA	128	CP065315.1_1133	257	9.3e-20	1	128	4	229	0.9921875
HTH_IclR	52	CP065315.1_1136	263	3e-05	26	51	54	79	0.480769230769
HTH_3	55	CP065315.1_1140	168	1.2e-11	3	49	23	69	0.836363636364
HTH_3	55	CP065315.1_1142	72	6e-13	1	54	3	56	0.963636363636
HTH_3	55	CP065315.1_1146	107	1.8e-06	12	55	18	61	0.781818181818
HTH_3	55	CP065315.1_1147	120	1.3e-07	10	55	16	61	0.818181818182
Peptidase_M23	96	CP065315.1_1155	247	8.3e-24	2	96	142	240	0.979166666667
HATPase_c	111	CP065315.1_1156	262	2.1e-16	1	110	117	218	0.981981981982
GntR	64	CP065315.1_1159	127	5.9e-16	2	64	14	76	0.96875
Sigma70_r2	71	CP065315.1_1164	179	9.4e-10	2	68	15	81	0.929577464789
Sigma70_r4_2	54	CP065315.1_1164	179	1.5e-13	4	54	110	160	0.925925925926
ACT	67	CP065315.1_1166	390	9.6e-07	7	66	324	379	0.880597014925
HATPase_c	111	CP065315.1_1170	141	1.1e-14	16	108	52	138	0.828828828829
Fer4	24	CP065315.1_1171	441	5.9e-09	2	24	37	59	0.916666666667
FeS	33	CP065315.1_1171	441	1.4e-14	1	33	376	408	0.969696969697
HATPase_c	111	CP065315.1_1175	184	3.7e-15	13	107	11	100	0.846846846847
Fer4	24	CP065315.1_1177	601	2.3e-08	1	24	545	568	0.958333333333
Fer4	24	CP065315.1_1177	601	1.6e-09	2	24	576	598	0.916666666667
Fer4	24	CP065315.1_1178	585	5.1e-07	7	23	192	208	0.666666666667
TetR_N	47	CP065315.1_1181	199	7.2e-19	1	45	18	62	0.936170212766
NUDIX	131	CP065315.1_1191	204	5.8e-16	5	117	25	139	0.854961832061
HTH_3	55	CP065315.1_1193	77	8.2e-16	4	55	15	66	0.927272727273
Sigma70_r2	71	CP065315.1_1206	187	8.5e-13	10	67	30	85	0.802816901408
Sigma70_r4_2	54	CP065315.1_1206	187	8.8e-18	2	54	118	170	0.962962962963
SpoIIE	193	CP065315.1_1207	785	2.4e-24	2	191	597	778	0.979274611399
Sigma70_r2	71	CP065315.1_1211	199	4e-23	1	71	22	90	0.985915492958
Sigma70_r4_2	54	CP065315.1_1211	199	1.7e-18	3	54	129	180	0.944444444444
HTH_11	55	CP065315.1_1215	314	3.3e-15	3	53	7	56	0.909090909091
Penicillinase_R	115	CP065315.1_1217	122	1.5e-28	1	115	3	118	0.991304347826
EAL	238	CP065315.1_1223	429	5.2e-12	112	237	81	193	0.525210084034
CheW	138	CP065315.1_1224	314	3.8e-31	2	136	19	153	0.971014492754
Response_reg	112	CP065315.1_1224	314	5.1e-23	1	108	178	294	0.955357142857
CheD	109	CP065315.1_1225	161	8.3e-32	1	108	48	151	0.981651376147
CheC	38	CP065315.1_1226	207	8.1e-10	2	36	11	45	0.894736842105
CheC	38	CP065315.1_1226	207	8.6e-10	3	36	111	144	0.868421052632
Sigma70_r2	71	CP065315.1_1229	274	4.3e-14	1	70	50	122	0.971830985915
Sigma70_r3	78	CP065315.1_1229	274	8e-11	3	56	131	184	0.679487179487
Sigma70_r4	50	CP065315.1_1229	274	1.5e-17	2	49	217	264	0.94
Response_reg	112	CP065315.1_1236	122	1.1e-34	1	112	4	115	0.991071428571
CheC	38	CP065315.1_1237	419	8.4e-12	1	36	9	44	0.921052631579
CheC	38	CP065315.1_1237	419	4.7e-13	4	36	109	141	0.842105263158
H-kinase_dim	69	CP065315.1_1260	684	8e-12	2	68	295	355	0.95652173913
HATPase_c	111	CP065315.1_1260	684	3.3e-18	4	110	404	542	0.954954954955
CheW	138	CP065315.1_1260	684	7.7e-18	2	133	548	678	0.949275362319
CheW	138	CP065315.1_1261	158	9.7e-31	2	136	27	156	0.971014492754
CheR_N	53	CP065315.1_1262	279	2.3e-14	1	51	11	60	0.943396226415
CheR	195	CP065315.1_1262	279	6e-57	1	187	77	262	0.953846153846
Response_reg	112	CP065315.1_1263	347	2.4e-19	1	101	10	108	0.892857142857
CheB_methylest	170	CP065315.1_1263	347	1.2e-54	1	169	161	338	0.988235294118
dCache_1	249	CP065315.1_1264	667	2.9e-27	8	248	40	267	0.963855421687
MCPsignal	172	CP065315.1_1264	667	8.3e-39	6	165	469	628	0.924418604651
Hemerythrin	131	CP065315.1_1266	133	4.5e-10	4	127	14	125	0.93893129771
MCPsignal	172	CP065315.1_1271	717	6.2e-44	2	171	512	667	0.982558139535
CsrA	53	CP065315.1_1278	90	1.7e-21	1	51	1	52	0.943396226415
Response_reg	112	CP065315.1_1280	122	2.9e-27	2	111	6	115	0.973214285714
CbiA	128	CP065315.1_1284	316	3.8e-25	1	127	55	277	0.984375
Sigma70_r2	71	CP065315.1_129	167	1.1e-11	1	70	13	80	0.971830985915
Sigma70_r4_2	54	CP065315.1_129	167	6.1e-15	5	54	103	152	0.907407407407
MCPsignal	172	CP065315.1_1290	590	1.7e-37	3	166	367	530	0.947674418605
NIR_SIR_ferr	69	CP065315.1_1295	356	3.9e-14	2	68	17	82	0.95652173913
NIR_SIR	159	CP065315.1_1295	356	6.3e-18	5	151	117	313	0.918238993711
HTH_1	60	CP065315.1_1298	295	3.1e-19	4	60	6	62	0.933333333333
LysR_substrate	209	CP065315.1_1298	295	4.9e-45	5	195	89	282	0.909090909091
HTH_3	55	CP065315.1_1300	111	6.6e-08	8	55	24	71	0.854545454545
B12-binding	121	CP065315.1_1307	263	3.3e-20	1	117	121	246	0.95867768595
HTH_3	55	CP065315.1_1312	68	1.7e-19	1	55	5	59	0.981818181818
HD	122	CP065315.1_1314	191	1.6e-09	1	69	33	99	0.55737704918
Aminotran_1_2	363	CP065315.1_1321	408	1.4e-59	19	363	54	393	0.947658402204
CbiA	128	CP065315.1_1329	258	5.2e-24	1	128	5	233	0.9921875
Pyr_redox	81	CP065315.1_1338	321	2.2e-05	2	44	9	51	0.518518518519
HTH_1	60	CP065315.1_1342	308	7.2e-22	1	60	3	62	0.983333333333
LysR_substrate	209	CP065315.1_1342	308	2.5e-21	24	206	104	289	0.870813397129
HTH_3	55	CP065315.1_1349	88	7.5e-15	10	55	1	46	0.818181818182
Penicillinase_R	115	CP065315.1_1354	128	5e-23	3	114	9	118	0.965217391304
Response_reg	112	CP065315.1_137	208	4.3e-28	1	112	3	113	0.991071428571
Trans_reg_C	77	CP065315.1_137	208	3.5e-14	2	55	146	199	0.688311688312
HisKA	64	CP065315.1_138	419	4e-17	2	63	196	261	0.953125
HATPase_c	111	CP065315.1_138	419	7.4e-27	1	108	307	416	0.963963963964
Glyoxalase	128	CP065315.1_1384	123	5.3e-11	2	128	4	117	0.984375
ACT	67	CP065315.1_1386	223	7.5e-13	2	66	146	208	0.955223880597
CBS	57	CP065315.1_1388	448	7.1e-08	2	50	223	274	0.842105263158
CBS	57	CP065315.1_1388	448	1.2e-05	11	56	296	341	0.789473684211
NUDIX	131	CP065315.1_1390	190	2.3e-13	5	130	45	177	0.954198473282
PTS-HPr	82	CP065315.1_1396	82	1.4e-07	20	77	16	72	0.69512195122
HD	122	CP065315.1_1397	195	1.1e-07	3	121	33	141	0.967213114754
ACT	67	CP065315.1_1398	90	2.4e-09	2	39	4	41	0.55223880597
HTH_3	55	CP065315.1_1403	345	8e-14	4	55	14	65	0.927272727273
Fer4	24	CP065315.1_1409	63	1.8e-07	2	19	4	21	0.708333333333
GerE	57	CP065315.1_142	252	9.5e-10	3	44	79	120	0.719298245614
Fer4	24	CP065315.1_1426	380	2.3e-05	5	20	348	363	0.625
HTH_3	55	CP065315.1_1431	199	4.2e-16	1	55	7	61	0.981818181818
CBS	57	CP065315.1_1433	419	9.6e-10	1	51	203	256	0.877192982456
CBS	57	CP065315.1_1433	419	4.6e-08	8	56	273	321	0.842105263158
B12-binding	121	CP065315.1_145	614	1.3e-05	51	120	101	173	0.570247933884
SKI	158	CP065315.1_1470	169	1.7e-41	1	153	10	158	0.962025316456
ACT	67	CP065315.1_1471	386	1.4e-06	5	65	307	367	0.89552238806
EPSP_synthase	417	CP065315.1_1473	409	2.1e-76	4	415	7	396	0.985611510791
HTH_3	55	CP065315.1_1477	84	5.2e-15	1	55	11	65	0.981818181818
HTH_3	55	CP065315.1_148	255	2.7e-07	4	55	10	62	0.927272727273
HTH_3	55	CP065315.1_15	73	3.1e-14	1	55	7	61	0.981818181818
Response_reg	112	CP065315.1_1502	228	1.3e-28	1	112	4	113	0.991071428571
Trans_reg_C	77	CP065315.1_1502	228	5.2e-24	1	76	147	223	0.974025974026
HisKA	64	CP065315.1_1503	412	1e-12	2	64	189	254	0.96875
HATPase_c	111	CP065315.1_1503	412	3e-23	6	106	304	404	0.900900900901
Sigma70_r4_2	54	CP065315.1_1506	126	1.9e-13	6	54	71	119	0.888888888889
Sigma70_r4_2	54	CP065315.1_1507	132	2.4e-14	2	54	73	125	0.962962962963
Sigma70_r4_2	54	CP065315.1_152	109	3e-17	4	51	46	93	0.87037037037
Sigma70_r2	71	CP065315.1_153	59	1.5e-11	1	41	18	58	0.56338028169
HTH_3	55	CP065315.1_1536	123	1.1e-10	1	52	17	68	0.927272727273
PadR	75	CP065315.1_1537	174	3.1e-11	1	74	8	82	0.973333333333
PadR	75	CP065315.1_1539	175	2e-09	1	75	8	83	0.986666666667
Spo0A_C	104	CP065315.1_154	118	2.9e-26	3	102	10	105	0.951923076923
Sigma70_r4_2	54	CP065315.1_1542	144	4.5e-09	3	54	80	131	0.944444444444
CBS	57	CP065315.1_1547	146	4.5e-15	1	53	3	55	0.912280701754
CBS	57	CP065315.1_1547	146	4.8e-16	1	53	69	120	0.912280701754
HTH_3	55	CP065315.1_155	92	3.6e-12	4	53	14	63	0.890909090909
HD	122	CP065315.1_1554	738	1.9e-12	1	122	49	148	0.991803278689
ACT	67	CP065315.1_1554	738	2.5e-05	3	64	664	725	0.910447761194
AAA	132	CP065315.1_1560	626	1.3e-47	1	131	220	352	0.984848484848
AAA	132	CP065315.1_1563	735	4.7e-46	2	131	279	409	0.977272727273
MarR	59	CP065315.1_1576	148	7.2e-16	1	58	30	87	0.966101694915
HATPase_c	111	CP065315.1_1580	664	1.3e-07	6	108	40	180	0.918918918919
Sigma70_r2	71	CP065315.1_1590	163	7.8e-16	1	70	13	80	0.971830985915
Sigma70_r4_2	54	CP065315.1_1590	163	2.5e-15	3	54	101	152	0.944444444444
AAA	132	CP065315.1_16	458	1.1e-07	1	118	96	228	0.886363636364
Response_reg	112	CP065315.1_1608	226	4e-24	1	112	7	120	0.991071428571
GerE	57	CP065315.1_1608	226	6.3e-05	2	56	160	214	0.947368421053
HATPase_c	111	CP065315.1_1609	503	2.9e-18	4	109	388	495	0.945945945946
SBP_bac_3	225	CP065315.1_1610	359	3.3e-10	88	178	137	228	0.4
AAA	132	CP065315.1_1611	264	3e-06	1	100	42	207	0.75
SBP_bac_3	225	CP065315.1_1622	288	6.2e-21	97	223	50	175	0.56
SBP_bac_3	225	CP065315.1_1622	288	1.4e-28	1	92	194	286	0.404444444444
SBP_bac_5	377	CP065315.1_1623	575	4.2e-87	3	376	104	496	0.989389920424
HTH_Mga	60	CP065315.1_1641	153	2.6e-05	9	52	12	55	0.716666666667
AsnC_trans_reg	75	CP065315.1_1641	153	1.7e-13	2	74	73	142	0.96
Response_reg	112	CP065315.1_1646	222	2e-26	1	111	4	111	0.982142857143
Trans_reg_C	77	CP065315.1_1646	222	2.8e-20	2	76	145	217	0.961038961039
HisKA	64	CP065315.1_1647	455	5.7e-15	2	59	237	296	0.890625
HATPase_c	111	CP065315.1_1647	455	3.3e-17	5	109	350	454	0.936936936937
AAA	132	CP065315.1_1653	649	2.7e-46	1	131	213	345	0.984848484848
Pribosyltran	159	CP065315.1_1654	186	5.7e-32	7	158	15	163	0.949685534591
HTH_3	55	CP065315.1_1661	348	2e-13	1	53	7	59	0.945454545455
Nitroreductase	170	CP065315.1_1664	243	6.3e-25	3	170	10	163	0.982352941176
Sigma70_r2	71	CP065315.1_1665	170	1e-12	1	69	12	78	0.957746478873
Sigma70_r4_2	54	CP065315.1_1665	170	4.1e-10	11	53	112	154	0.777777777778
Response_reg	112	CP065315.1_1672	244	3.7e-29	1	111	6	114	0.982142857143
Trans_reg_C	77	CP065315.1_1672	244	4.3e-24	1	77	153	229	0.987012987013
HisKA	64	CP065315.1_1673	903	1.2e-14	3	64	668	734	0.953125
HATPase_c	111	CP065315.1_1673	903	3e-26	2	110	779	889	0.972972972973
HTH_1	60	CP065315.1_1676	310	4.2e-23	1	60	3	62	0.983333333333
LysR_substrate	209	CP065315.1_1676	310	4.1e-14	5	198	88	293	0.923444976077
Fer4	24	CP065315.1_1679	307	7.3e-07	5	22	55	72	0.708333333333
HTH_IclR	52	CP065315.1_1691	277	2.5e-17	3	51	17	65	0.923076923077
IclR	129	CP065315.1_1691	277	3.6e-38	6	127	134	254	0.937984496124
LacI	46	CP065315.1_1692	339	3.4e-20	1	46	5	50	0.978260869565
Peripla_BP_3	164	CP065315.1_1692	339	1.4e-42	4	164	172	331	0.975609756098
Peripla_BP_1	279	CP065315.1_1693	343	1.6e-17	3	208	55	264	0.73476702509
GntR	64	CP065315.1_1700	253	5e-24	2	64	15	77	0.96875
Aminotran_1_2	363	CP065315.1_1709	400	1.5e-37	3	362	36	387	0.988980716253
SBP_bac_3	225	CP065315.1_1715	333	2.5e-05	89	161	136	208	0.32
HD	122	CP065315.1_1716	493	3e-10	1	59	63	137	0.475409836066
PAS	113	CP065315.1_1721	458	2.3e-05	13	56	19	61	0.380530973451
AAA	132	CP065315.1_1721	458	9.8e-07	1	112	169	289	0.840909090909
HTH_8	42	CP065315.1_1721	458	6.3e-16	4	42	416	454	0.904761904762
Pribosyltran	159	CP065315.1_173	204	2e-10	23	133	58	164	0.691823899371
PAS	113	CP065315.1_1739	476	1e-11	3	113	27	130	0.973451327434
AAA	132	CP065315.1_1739	476	8.8e-07	1	121	188	319	0.909090909091
Pyr_redox_2	292	CP065315.1_174	466	3.8e-36	2	291	142	447	0.989726027397
Fer4	24	CP065315.1_1747	584	1.1e-05	1	18	142	159	0.708333333333
Fer4	24	CP065315.1_1747	584	1.5e-08	4	23	188	207	0.791666666667
PALP	294	CP065315.1_1748	462	3.5e-43	4	294	79	418	0.986394557823
Response_reg	112	CP065315.1_1751	230	1.7e-25	1	108	7	115	0.955357142857
HTH_3	55	CP065315.1_1752	120	6.6e-11	5	55	22	72	0.909090909091
Pribosyltran	159	CP065315.1_1757	320	5.3e-17	19	137	159	269	0.74213836478
HD	122	CP065315.1_1759	154	4.3e-08	2	121	31	132	0.975409836066
HisKA	64	CP065315.1_176	302	4.7e-20	1	64	81	147	0.984375
HATPase_c	111	CP065315.1_176	302	1.1e-12	2	88	194	278	0.774774774775
GntR	64	CP065315.1_1760	130	1.4e-17	2	63	13	74	0.953125
HTH_3	55	CP065315.1_1766	69	3e-18	1	55	7	61	0.981818181818
Response_reg	112	CP065315.1_1770	240	2.1e-10	1	109	4	116	0.964285714286
LytTR	98	CP065315.1_1770	240	1e-20	6	96	143	228	0.918367346939
HATPase_c	111	CP065315.1_1771	428	1.8e-06	8	93	319	401	0.765765765766
HTH_3	55	CP065315.1_1775	115	8e-17	1	54	8	61	0.963636363636
PALP	294	CP065315.1_1777	489	6.5e-11	53	223	127	296	0.578231292517
PALP	294	CP065315.1_1778	413	2.8e-76	5	294	77	375	0.982993197279
Sigma70_r2	71	CP065315.1_1782	165	1.1e-14	1	67	14	78	0.929577464789
Sigma70_r4_2	54	CP065315.1_1782	165	3.4e-18	6	54	106	154	0.888888888889
Sigma70_r2	71	CP065315.1_1784	164	1.2e-18	1	70	11	78	0.971830985915
Sigma70_r4_2	54	CP065315.1_1784	164	3.2e-18	5	54	100	149	0.907407407407
Pribosyltran	159	CP065315.1_1795	191	9.9e-10	32	126	53	156	0.591194968553
CbiA	128	CP065315.1_1799	262	2e-30	1	128	5	226	0.9921875
HTH_3	55	CP065315.1_1800	299	2.7e-05	7	36	138	167	0.527272727273
CbiA	128	CP065315.1_1807	247	1.9e-21	1	128	5	216	0.9921875
Response_reg	112	CP065315.1_181	230	1.5e-27	1	111	6	114	0.982142857143
Trans_reg_C	77	CP065315.1_181	230	1.3e-29	1	77	151	226	0.987012987013
HTH_3	55	CP065315.1_1815	232	1.2e-15	3	55	11	63	0.945454545455
Peptidase_M23	96	CP065315.1_1817	498	2.6e-32	2	96	394	492	0.979166666667
Aminotran_1_2	363	CP065315.1_1827	443	4.1e-08	55	192	68	193	0.37741046832
HATPase_c	111	CP065315.1_1837	648	3.8e-22	2	110	42	184	0.972972972973
AAA	132	CP065315.1_1844	439	3e-08	2	91	136	226	0.674242424242
LexA_DNA_bind	65	CP065315.1_1856	205	4.5e-20	1	65	1	65	0.984615384615
MarR	59	CP065315.1_1860	152	4.4e-11	16	59	51	94	0.728813559322
HTH_DeoR	57	CP065315.1_1863	84	1.8e-05	13	37	19	43	0.421052631579
LacI	46	CP065315.1_1864	347	5.5e-17	1	46	2	49	0.978260869565
Peripla_BP_3	164	CP065315.1_1864	347	1.4e-38	1	164	177	334	0.993902439024
Pyr_redox_2	292	CP065315.1_1872	427	1.8e-35	1	276	5	298	0.941780821918
SKI	158	CP065315.1_1877	175	2.9e-31	1	145	10	151	0.911392405063
Peripla_BP_3	164	CP065315.1_1881	392	3.8e-11	22	116	220	313	0.573170731707
GntR	64	CP065315.1_1896	249	1.2e-18	2	64	16	78	0.96875
Glyoxalase	128	CP065315.1_1897	131	8.9e-11	1	99	9	94	0.765625
TPR_2	34	CP065315.1_1909	621	2.9e-05	2	30	346	374	0.823529411765
TPR_1	34	CP065315.1_1909	621	9.2e-07	2	30	412	440	0.823529411765
TPR_1	34	CP065315.1_1909	621	1e-08	4	32	448	476	0.823529411765
TPR_1	34	CP065315.1_1909	621	1.6e-07	4	34	482	512	0.882352941176
TPR_2	34	CP065315.1_1909	621	1.2e-08	1	33	513	545	0.941176470588
TPR_1	34	CP065315.1_1909	621	4.9e-06	3	34	549	580	0.911764705882
Penicillinase_R	115	CP065315.1_191	120	1.5e-26	3	115	7	117	0.973913043478
HATPase_c	111	CP065315.1_1917	668	1.3e-07	5	68	23	83	0.567567567568
HTH_3	55	CP065315.1_1921	70	6.7e-19	3	55	10	62	0.945454545455
CbiA	128	CP065315.1_1930	274	7.8e-13	1	118	38	247	0.9140625
Pyr_redox_2	292	CP065315.1_1935	622	2.5e-08	1	106	8	157	0.359589041096
Fer4	24	CP065315.1_1942	1212	2.2e-07	1	23	689	711	0.916666666667
Fer4	24	CP065315.1_1942	1212	4.1e-06	3	24	748	769	0.875
Nitroreductase	170	CP065315.1_1944	175	1.4e-21	1	170	8	154	0.994117647059
FeoA	74	CP065315.1_1960	71	3.1e-20	1	72	2	70	0.959459459459
FeoA	74	CP065315.1_1961	74	4.8e-16	2	72	3	72	0.945945945946
Fe_dep_repress	60	CP065315.1_1964	129	5.1e-11	2	58	3	59	0.933333333333
FHA	69	CP065315.1_1980	597	2.9e-14	2	69	70	134	0.971014492754
SBP_bac_5	377	CP065315.1_1985	509	5.7e-46	2	354	85	410	0.933687002653
HTH_1	60	CP065315.1_1995	292	1.7e-24	3	60	5	62	0.95
LysR_substrate	209	CP065315.1_1995	292	5.2e-45	3	206	88	290	0.971291866029
Sigma70_r4_2	54	CP065315.1_2017	141	4.9e-08	2	53	80	131	0.944444444444
HTH_3	55	CP065315.1_2022	267	1e-11	1	55	9	64	0.981818181818
HTH_18	81	CP065315.1_2023	300	4.2e-17	1	80	28	106	0.975308641975
TPR_2	34	CP065315.1_2029	357	1.9e-06	4	34	314	344	0.882352941176
MarR	59	CP065315.1_2031	155	4.9e-05	1	58	30	88	0.966101694915
Sigma70_r2	71	CP065315.1_2042	162	9.5e-13	4	70	15	79	0.929577464789
Sigma70_r4_2	54	CP065315.1_2042	162	8.4e-16	2	54	101	153	0.962962962963
MerR	38	CP065315.1_2049	186	4.8e-05	3	37	36	70	0.894736842105
HTH_DeoR	57	CP065315.1_2053	261	2.7e-13	1	51	8	57	0.877192982456
DeoRC	160	CP065315.1_2053	261	5.1e-44	4	159	84	239	0.96875
SBP_bac_1	315	CP065315.1_2057	445	5.2e-32	12	314	63	352	0.95873015873
Fer4	24	CP065315.1_206	234	4.1e-07	2	24	7	29	0.916666666667
Fer4	24	CP065315.1_206	234	2.8e-06	5	24	40	59	0.791666666667
Response_reg	112	CP065315.1_2080	490	1.5e-23	1	103	4	107	0.910714285714
HTH_18	81	CP065315.1_2080	490	2.6e-23	2	80	408	485	0.962962962963
dCache_1	249	CP065315.1_2081	577	3.4e-13	24	247	59	276	0.895582329317
HATPase_c	111	CP065315.1_2081	577	2.1e-09	9	110	477	575	0.90990990991
Fer4	24	CP065315.1_2082	280	4.6e-09	6	23	44	61	0.708333333333
cNMP_binding	88	CP065315.1_2084	239	2.1e-15	3	81	35	115	0.886363636364
Sigma70_r4	50	CP065315.1_2086	378	4.1e-06	2	32	191	221	0.6
Pribosyltran	159	CP065315.1_209	474	1.6e-08	29	119	276	374	0.566037735849
HTH_1	60	CP065315.1_2090	313	4.9e-19	2	60	4	62	0.966666666667
LysR_substrate	209	CP065315.1_2090	313	2.8e-12	9	207	91	303	0.947368421053
MerR	38	CP065315.1_2096	274	2.5e-10	1	38	2	40	0.973684210526
Response_reg	112	CP065315.1_2100	232	6.4e-31	1	112	5	114	0.991071428571
Trans_reg_C	77	CP065315.1_2100	232	1.9e-28	2	77	155	230	0.974025974026
HisKA	64	CP065315.1_2104	393	1.9e-14	2	62	153	217	0.9375
HATPase_c	111	CP065315.1_2104	393	1.1e-22	1	110	264	374	0.981981981982
TetR_N	47	CP065315.1_2107	197	2.9e-09	7	45	15	53	0.808510638298
Citrate_synt	361	CP065315.1_2108	456	8.9e-116	3	361	46	439	0.991689750693
Sigma70_r2	71	CP065315.1_2111	164	2.8e-17	1	70	9	73	0.971830985915
Sigma70_r4_2	54	CP065315.1_2111	164	2.7e-10	6	54	98	146	0.888888888889
HTH_11	55	CP065315.1_2124	331	4e-14	4	54	5	56	0.909090909091
Sigma70_r2	71	CP065315.1_2126	164	2.9e-10	1	69	9	75	0.957746478873
Sigma70_r4_2	54	CP065315.1_2126	164	8.1e-17	3	54	101	152	0.944444444444
HD	122	CP065315.1_2130	516	2.4e-20	1	121	331	423	0.983606557377
Fer4	24	CP065315.1_2139	508	2.1e-08	3	23	149	169	0.833333333333
Fer4	24	CP065315.1_2139	508	4.3e-09	2	23	194	215	0.875
PALP	294	CP065315.1_2146	305	4.3e-75	4	294	10	292	0.986394557823
cNMP_binding	88	CP065315.1_2147	235	9.3e-18	2	83	38	120	0.920454545455
Crp	32	CP065315.1_2147	235	2.6e-07	1	32	182	213	0.96875
Rrf2	83	CP065315.1_2149	146	5.1e-30	1	82	1	82	0.975903614458
cNMP_binding	88	CP065315.1_2154	220	7e-13	6	86	42	119	0.909090909091
HTH_IclR	52	CP065315.1_2154	220	6.1e-06	20	52	173	205	0.615384615385
SBP_bac_3	225	CP065315.1_2155	347	2e-07	46	178	92	228	0.586666666667
AAA	132	CP065315.1_2161	311	2.7e-05	2	127	39	168	0.94696969697
HxlR	91	CP065315.1_2174	106	3.7e-30	1	88	12	100	0.956043956044
Nitroreductase	170	CP065315.1_2175	183	2.2e-23	2	170	8	162	0.988235294118
HTH_3	55	CP065315.1_218	268	1.1e-18	1	55	7	61	0.981818181818
HTH_3	55	CP065315.1_2186	467	5.6e-09	3	51	149	196	0.872727272727
Sigma70_r2	71	CP065315.1_2195	208	2.5e-11	3	54	23	79	0.718309859155
Sigma70_r4	50	CP065315.1_2195	208	5e-10	3	50	149	196	0.94
HD	122	CP065315.1_220	710	2.7e-05	3	93	18	97	0.737704918033
HTH_3	55	CP065315.1_2204	268	6.3e-12	1	55	9	64	0.981818181818
HTH_8	42	CP065315.1_2229	70	7.5e-05	14	37	2	25	0.547619047619
Peptidase_M23	96	CP065315.1_2231	622	5.9e-28	2	96	361	459	0.979166666667
HTH_DeoR	57	CP065315.1_2236	204	9.3e-05	28	50	33	55	0.385964912281
HTH_3	55	CP065315.1_2241	105	3.1e-09	1	55	10	64	0.981818181818
Glyoxalase	128	CP065315.1_2243	155	3.8e-07	4	128	3	116	0.96875
Trans_reg_C	77	CP065315.1_2258	148	8.9e-25	2	77	68	144	0.974025974026
Sigma70_r4_2	54	CP065315.1_2259	150	2.3e-10	3	54	81	132	0.944444444444
Peripla_BP_2	238	CP065315.1_2269	395	1.4e-23	7	237	115	357	0.966386554622
PAS	113	CP065315.1_2280	525	3.7e-11	2	108	46	149	0.938053097345
HTH_8	42	CP065315.1_2280	525	2.1e-08	5	42	479	515	0.880952380952
PAS	113	CP065315.1_2285	473	4.2e-11	2	108	17	118	0.938053097345
AAA	132	CP065315.1_2285	473	3.6e-08	1	128	184	318	0.962121212121
HTH_8	42	CP065315.1_2285	473	5.3e-07	3	41	427	464	0.904761904762
AraC_binding	136	CP065315.1_2289	321	3e-15	17	136	56	187	0.875
HTH_18	81	CP065315.1_2289	321	1.2e-20	2	81	231	309	0.975308641975
PAS	113	CP065315.1_2296	513	5e-06	2	87	69	146	0.752212389381
AAA	132	CP065315.1_2296	513	8.1e-05	1	120	226	355	0.901515151515
HTH_8	42	CP065315.1_2296	513	2.9e-13	5	40	473	508	0.833333333333
PAS	113	CP065315.1_2301	448	2.5e-11	4	107	9	109	0.911504424779
HTH_8	42	CP065315.1_2301	448	2.7e-14	9	42	411	444	0.785714285714
Pyr_redox	81	CP065315.1_2305	261	7.1e-05	2	59	11	60	0.703703703704
GntR	64	CP065315.1_2308	225	5.9e-17	2	64	13	74	0.96875
SBP_bac_3	225	CP065315.1_2315	302	1.2e-48	1	225	66	290	0.995555555556
PfkB	302	CP065315.1_2320	342	1.4e-36	2	289	3	312	0.950331125828
PAS	113	CP065315.1_2322	483	9.6e-16	3	113	15	120	0.973451327434
AAA	132	CP065315.1_2322	483	5.1e-08	1	111	191	308	0.833333333333
HTH_8	42	CP065315.1_2322	483	1.4e-07	2	42	433	472	0.952380952381
Diacid_rec	134	CP065315.1_2328	384	4.7e-32	2	118	3	120	0.865671641791
HTH_8	42	CP065315.1_2340	466	1.1e-12	6	42	424	460	0.857142857143
HTH_IclR	52	CP065315.1_2346	258	9.2e-16	1	51	13	62	0.961538461538
IclR	129	CP065315.1_2346	258	1.3e-38	3	120	127	243	0.906976744186
Fer4	24	CP065315.1_2352	203	2.6e-08	2	23	9	30	0.875
Fer4	24	CP065315.1_2352	203	1.3e-05	7	24	43	60	0.708333333333
PAS	113	CP065315.1_2356	507	8.8e-11	2	52	48	98	0.442477876106
HTH_8	42	CP065315.1_2356	507	4.4e-09	6	42	466	501	0.857142857143
DctP	286	CP065315.1_2357	370	1.4e-37	7	274	51	320	0.933566433566
AAA	132	CP065315.1_236	848	2.5e-15	2	112	182	297	0.833333333333
AAA	132	CP065315.1_236	848	7.3e-10	2	110	587	704	0.818181818182
HATPase_c	111	CP065315.1_2365	458	2.5e-07	8	106	368	453	0.882882882883
Response_reg	112	CP065315.1_2366	202	1e-25	1	110	11	121	0.973214285714
ANTAR	54	CP065315.1_2366	202	5.2e-16	2	51	141	190	0.907407407407
SBP_bac_5	377	CP065315.1_2367	534	5.4e-70	1	369	85	444	0.976127320955
TetR_N	47	CP065315.1_237	212	1.4e-21	1	47	15	61	0.978723404255
PAS	113	CP065315.1_2374	690	7.3e-07	3	49	219	265	0.407079646018
AAA	132	CP065315.1_2374	690	1.3e-06	1	111	368	487	0.833333333333
Rrf2	83	CP065315.1_2374	690	1.9e-05	37	68	640	670	0.373493975904
Aminotran_1_2	363	CP065315.1_2375	390	3.6e-30	59	362	79	381	0.834710743802
AAA	132	CP065315.1_2382	607	4.3e-08	1	125	330	460	0.939393939394
HTH_8	42	CP065315.1_2382	607	1.6e-08	4	42	565	603	0.904761904762
HTH_1	60	CP065315.1_2384	312	3.7e-18	2	60	4	62	0.966666666667
LysR_substrate	209	CP065315.1_2384	312	1.5e-36	2	207	87	297	0.980861244019
Pyr_redox_2	292	CP065315.1_2389	413	4.2e-34	2	276	7	298	0.938356164384
PAS	113	CP065315.1_2398	626	1.9e-07	2	65	200	263	0.557522123894
HTH_8	42	CP065315.1_2398	626	2.3e-12	6	42	581	617	0.857142857143
HTH_18	81	CP065315.1_2404	581	6.9e-18	2	81	201	279	0.975308641975
Pyr_redox_2	292	CP065315.1_2406	668	7.4e-25	1	238	407	627	0.811643835616
HATPase_c	111	CP065315.1_2408	641	1e-11	2	109	25	180	0.963963963964
HTH_8	42	CP065315.1_2415	471	2.3e-15	1	42	426	467	0.97619047619
Response_reg	112	CP065315.1_2421	271	2.3e-28	1	111	44	153	0.982142857143
Trans_reg_C	77	CP065315.1_2421	271	1.8e-24	3	77	190	264	0.961038961039
HisKA	64	CP065315.1_2422	406	8.5e-15	2	61	191	253	0.921875
HATPase_c	111	CP065315.1_2422	406	1.4e-09	1	108	304	404	0.963963963964
HTH_1	60	CP065315.1_2426	306	1.3e-21	1	60	3	62	0.983333333333
LysR_substrate	209	CP065315.1_2426	306	1.3e-38	4	208	89	292	0.976076555024
Penicillinase_R	115	CP065315.1_2428	130	1.7e-26	1	114	8	121	0.982608695652
MerR	38	CP065315.1_243	127	2.4e-16	1	38	2	39	0.973684210526
HTH_18	81	CP065315.1_2431	117	8e-22	1	80	30	108	0.975308641975
B12-binding	121	CP065315.1_2437	739	1.6e-14	2	114	602	716	0.925619834711
PALP	294	CP065315.1_2439	472	3.4e-55	4	291	60	366	0.97619047619
PAS	113	CP065315.1_2442	466	1.2e-05	4	106	7	111	0.902654867257
HTH_8	42	CP065315.1_2442	466	1.7e-08	2	42	421	461	0.952380952381
PfkB	302	CP065315.1_2446	282	1.9e-11	173	284	129	249	0.367549668874
Pyr_redox	81	CP065315.1_2450	284	1.3e-07	1	52	3	54	0.62962962963
Pyr_redox_2	292	CP065315.1_2457	433	2.6e-67	2	292	3	297	0.993150684932
Fer4	24	CP065315.1_2463	70	1.6e-05	7	24	16	33	0.708333333333
Fer4	24	CP065315.1_2463	70	5.6e-09	2	23	41	62	0.875
HTH_7	45	CP065315.1_2466	216	5.1e-05	27	42	186	201	0.333333333333
HTH_11	55	CP065315.1_2467	174	3.5e-13	1	54	9	61	0.963636363636
HisKA	64	CP065315.1_2484	498	1.4e-18	2	63	260	325	0.953125
HATPase_c	111	CP065315.1_2484	498	1.3e-24	5	109	373	479	0.936936936937
Response_reg	112	CP065315.1_2486	231	1.1e-29	1	112	5	114	0.991071428571
Trans_reg_C	77	CP065315.1_2486	231	1.2e-27	1	76	150	224	0.974025974026
HTH_3	55	CP065315.1_2490	183	6.7e-20	3	55	11	63	0.945454545455
PALP	294	CP065315.1_2494	405	2.1e-50	3	274	39	354	0.921768707483
Pyr_redox_2	292	CP065315.1_2496	999	5.7e-36	2	291	541	826	0.989726027397
Fer4	24	CP065315.1_2496	999	9.4e-05	6	21	910	925	0.625
Trans_reg_C	77	CP065315.1_250	227	3.7e-17	2	77	148	223	0.974025974026
GerE	57	CP065315.1_2509	367	2.7e-07	4	43	2	43	0.684210526316
PfkB	302	CP065315.1_2509	367	3.1e-51	3	298	59	346	0.976821192053
LytTR	98	CP065315.1_2511	145	1.1e-20	3	97	48	142	0.959183673469
GntR	64	CP065315.1_252	133	3.4e-16	2	59	16	73	0.890625
HisKA	64	CP065315.1_2520	579	1.1e-18	2	63	353	418	0.953125
HATPase_c	111	CP065315.1_2520	579	1.1e-30	4	110	466	574	0.954954954955
Response_reg	112	CP065315.1_2521	223	8.7e-27	1	111	5	117	0.982142857143
Trans_reg_C	77	CP065315.1_2521	223	2.5e-27	1	77	150	221	0.987012987013
LysR_substrate	209	CP065315.1_2526	292	8.3e-10	18	206	62	274	0.8995215311
Sigma70_r4_2	54	CP065315.1_2529	110	2.7e-11	11	54	46	89	0.796296296296
HTH_3	55	CP065315.1_2537	49	2.3e-06	8	37	16	45	0.527272727273
HTH_3	55	CP065315.1_2562	150	6.2e-05	9	33	25	49	0.436363636364
MarR	59	CP065315.1_258	161	2.9e-12	1	58	38	95	0.966101694915
HTH_3	55	CP065315.1_2590	206	1.7e-16	1	55	11	65	0.981818181818
AraC_binding	136	CP065315.1_2592	111	7e-09	16	74	46	105	0.426470588235
B12-binding	121	CP065315.1_2596	478	6.2e-07	13	120	30	129	0.884297520661
Response_reg	112	CP065315.1_2598	232	6.2e-31	1	111	5	113	0.982142857143
Trans_reg_C	77	CP065315.1_2598	232	2.5e-27	1	77	150	225	0.987012987013
HisKA	64	CP065315.1_2599	484	1.8e-19	2	63	262	326	0.953125
HATPase_c	111	CP065315.1_2599	484	1.8e-21	1	109	373	482	0.972972972973
Aminotran_1_2	363	CP065315.1_260	403	1.6e-31	18	362	49	394	0.947658402204
Sigma70_r4_2	54	CP065315.1_2604	128	1.2e-07	17	54	38	75	0.685185185185
Nitro_FeMo-Co	95	CP065315.1_2605	141	1.2e-20	2	94	9	96	0.968421052632
ACT	67	CP065315.1_261	408	3.4e-11	4	64	266	326	0.89552238806
ACT	67	CP065315.1_261	408	4.1e-07	11	49	353	386	0.567164179104
SBP_bac_3	225	CP065315.1_2610	306	1e-38	21	212	88	289	0.848888888889
Sigma70_r2	71	CP065315.1_2612	157	1.6e-17	1	70	10	77	0.971830985915
Sigma70_r4_2	54	CP065315.1_2612	157	8.8e-18	4	54	97	147	0.925925925926
Penicillinase_R	115	CP065315.1_2617	125	8.9e-31	3	114	6	118	0.965217391304
AAA	132	CP065315.1_2625	444	5e-20	2	131	258	389	0.977272727273
ACT	67	CP065315.1_263	147	3.5e-10	3	38	72	107	0.522388059701
AAA	132	CP065315.1_2636	400	4.9e-06	1	125	210	318	0.939393939394
HTH_3	55	CP065315.1_2637	83	1.2e-12	3	53	23	75	0.909090909091
Pyr_redox_2	292	CP065315.1_2642	664	1.1e-26	2	239	403	620	0.811643835616
HTH_1	60	CP065315.1_2644	303	3.4e-23	2	60	4	62	0.966666666667
LysR_substrate	209	CP065315.1_2644	303	8.3e-34	7	207	92	294	0.956937799043
HisKA	64	CP065315.1_2649	702	7.3e-17	2	63	473	537	0.953125
HATPase_c	111	CP065315.1_2649	702	8e-12	2	93	585	676	0.81981981982
Response_reg	112	CP065315.1_2650	234	1.6e-30	1	111	4	112	0.982142857143
Trans_reg_C	77	CP065315.1_2650	234	3.1e-27	1	77	154	230	0.987012987013
Response_reg	112	CP065315.1_2665	249	2.8e-19	4	112	2	111	0.964285714286
Spo0A_C	104	CP065315.1_2665	249	5.2e-48	1	104	138	241	0.990384615385
Response_reg	112	CP065315.1_2672	229	1.8e-33	1	111	3	111	0.982142857143
Trans_reg_C	77	CP065315.1_2672	229	7.1e-31	1	77	149	225	0.987012987013
HisKA	64	CP065315.1_2673	487	7.7e-17	2	63	258	323	0.953125
HATPase_c	111	CP065315.1_2673	487	1.8e-27	3	106	370	475	0.927927927928
Sigma70_r2	71	CP065315.1_2685	189	1.4e-13	2	66	39	101	0.901408450704
Sigma70_r4_2	54	CP065315.1_2685	189	5.4e-16	3	54	125	176	0.944444444444
AsnC_trans_reg	75	CP065315.1_2696	160	1.2e-16	1	74	64	137	0.973333333333
Aminotran_1_2	363	CP065315.1_2697	396	4.6e-72	2	362	31	379	0.99173553719
Pyr_redox_2	292	CP065315.1_2721	651	2.3e-29	1	244	391	615	0.832191780822
Pyr_redox_2	292	CP065315.1_2729	462	7.9e-74	1	292	5	320	0.996575342466
PAS	113	CP065315.1_2732	515	3.4e-11	2	74	53	128	0.637168141593
AAA	132	CP065315.1_2732	515	1.7e-06	1	110	225	343	0.825757575758
HTH_8	42	CP065315.1_2732	515	3e-09	5	42	471	507	0.880952380952
SBP_bac_5	377	CP065315.1_2755	582	1.8e-82	17	372	111	484	0.941644562334
Response_reg	112	CP065315.1_2756	225	2.1e-23	1	111	3	111	0.982142857143
Trans_reg_C	77	CP065315.1_2756	225	3.8e-23	2	77	144	214	0.974025974026
HATPase_c	111	CP065315.1_2757	344	1e-15	1	108	233	334	0.963963963964
Response_reg	112	CP065315.1_2760	226	3.9e-26	1	111	4	115	0.982142857143
HTH_IclR	52	CP065315.1_2760	226	2.4e-05	16	46	170	200	0.576923076923
PAS	113	CP065315.1_2761	541	6.2e-12	3	70	218	282	0.592920353982
HATPase_c	111	CP065315.1_2761	541	5.1e-16	7	108	428	529	0.90990990991
PfkB	302	CP065315.1_2770	317	5.7e-56	4	301	4	306	0.983443708609
SBP_bac_5	377	CP065315.1_2771	534	3.3e-55	3	374	94	441	0.984084880637
EPSP_synthase	417	CP065315.1_2784	431	6.4e-97	2	417	7	408	0.99520383693
Response_reg	112	CP065315.1_2792	195	6.3e-28	1	110	8	117	0.973214285714
ANTAR	54	CP065315.1_2792	195	2.5e-17	2	54	137	189	0.962962962963
HATPase_c	111	CP065315.1_2793	475	2e-11	8	108	377	464	0.900900900901
LytTR	98	CP065315.1_2816	240	2.3e-06	5	95	139	225	0.918367346939
AAA	132	CP065315.1_2818	877	5.3e-16	2	125	207	338	0.931818181818
AAA	132	CP065315.1_2818	877	5.9e-12	2	111	608	726	0.825757575758
HTH_3	55	CP065315.1_2819	67	9e-15	1	55	6	60	0.981818181818
HTH_3	55	CP065315.1_2823	118	2.7e-18	1	55	58	112	0.981818181818
TetR_N	47	CP065315.1_2826	260	4.3e-16	1	45	9	53	0.936170212766
TetR_N	47	CP065315.1_2826	260	4.3e-19	1	47	74	120	0.978723404255
ACT	67	CP065315.1_2830	186	7.1e-13	2	65	10	73	0.940298507463
Fer4	24	CP065315.1_2832	449	2.7e-06	1	20	359	378	0.791666666667
FeS	33	CP065315.1_2837	312	6.4e-15	1	31	44	74	0.909090909091
Fer4	24	CP065315.1_2837	312	1.3e-05	8	23	141	156	0.625
Fer4	24	CP065315.1_2837	312	9.1e-08	2	23	164	185	0.875
Fer4	24	CP065315.1_2837	312	2.1e-06	8	24	217	233	0.666666666667
Fer4	24	CP065315.1_2837	312	5.8e-10	2	23	240	261	0.875
STAS	117	CP065315.1_2846	102	1e-15	13	105	14	98	0.786324786325
HATPase_c	111	CP065315.1_2847	148	3.9e-11	5	106	41	136	0.90990990991
Sigma70_r2	71	CP065315.1_2848	236	3.4e-17	1	68	24	91	0.943661971831
Sigma70_r3	78	CP065315.1_2848	236	3.2e-11	1	56	102	157	0.705128205128
Sigma70_r4	50	CP065315.1_2848	236	4.2e-18	2	50	184	232	0.96
HTH_3	55	CP065315.1_2850	65	1.2e-18	1	52	7	58	0.927272727273
AAA	132	CP065315.1_2865	451	5.6e-07	1	123	161	287	0.924242424242
HTH_8	42	CP065315.1_2865	451	2.8e-13	3	42	410	448	0.928571428571
Diacid_rec	134	CP065315.1_2877	364	2e-06	2	54	2	54	0.388059701493
HTH_8	42	CP065315.1_2877	364	6.9e-05	18	41	305	328	0.547619047619
Peptidase_M23	96	CP065315.1_2880	413	1.3e-34	2	96	299	397	0.979166666667
Peptidase_M23	96	CP065315.1_2881	420	5.7e-35	2	96	312	406	0.979166666667
TrkA_C	70	CP065315.1_2890	218	2.3e-11	12	67	157	216	0.785714285714
HTH_3	55	CP065315.1_2898	84	5.4e-13	1	55	11	65	0.981818181818
CbiA	128	CP065315.1_2904	300	1.1e-06	9	110	109	278	0.7890625
HD	122	CP065315.1_2908	403	1.4e-14	1	120	229	341	0.975409836066
SBP_bac_1	315	CP065315.1_291	450	3.5e-27	5	308	60	356	0.961904761905
Sigma70_r2	71	CP065315.1_2912	170	3.2e-16	3	70	22	87	0.943661971831
Sigma70_r4_2	54	CP065315.1_2912	170	3.2e-20	4	54	109	159	0.925925925926
NTP_transf_2	95	CP065315.1_2918	206	3e-08	13	42	20	50	0.305263157895
HTH_6	77	CP065315.1_292	285	1.6e-24	2	75	5	78	0.948051948052
SIS	131	CP065315.1_292	285	4.3e-17	1	130	129	258	0.984732824427
FeoA	74	CP065315.1_2926	820	2.4e-19	1	73	10	82	0.972972972973
HTH_3	55	CP065315.1_2929	74	4.8e-06	7	55	13	62	0.872727272727
Pribosyltran	159	CP065315.1_2933	191	4.2e-11	17	128	40	158	0.698113207547
Sigma70_r4_2	54	CP065315.1_2937	141	1e-10	3	54	81	132	0.944444444444
HisKA	64	CP065315.1_2940	346	4.3e-11	4	64	125	188	0.9375
HATPase_c	111	CP065315.1_2940	346	3.3e-25	2	107	234	339	0.945945945946
Response_reg	112	CP065315.1_2941	229	8.3e-26	1	111	4	112	0.982142857143
Trans_reg_C	77	CP065315.1_2941	229	7.3e-26	3	76	149	223	0.948051948052
HTH_3	55	CP065315.1_2942	121	7.5e-11	1	54	19	72	0.963636363636
cNMP_binding	88	CP065315.1_2958	195	3.1e-12	2	86	32	117	0.954545454545
HTH_3	55	CP065315.1_2959	71	6e-06	7	54	14	60	0.854545454545
TPR_2	34	CP065315.1_3003	1869	3.4e-07	2	34	362	394	0.941176470588
HTH_3	55	CP065315.1_3017	172	2.1e-16	1	53	6	58	0.945454545455
HTH_18	81	CP065315.1_3018	286	2.7e-20	1	80	27	105	0.975308641975
GyrI-like	155	CP065315.1_3018	286	5.4e-17	1	154	128	282	0.987096774194
CsrA	53	CP065315.1_3023	140	6.4e-12	1	50	1	50	0.924528301887
Sigma70_r2	71	CP065315.1_3029	161	5.4e-13	1	69	12	78	0.957746478873
Sigma70_r4_2	54	CP065315.1_3029	161	7.6e-16	3	53	101	151	0.925925925926
Response_reg	112	CP065315.1_3038	220	3.5e-24	1	112	4	113	0.991071428571
Trans_reg_C	77	CP065315.1_3038	220	8.6e-24	1	76	144	214	0.974025974026
HisKA	64	CP065315.1_3039	301	1.8e-12	3	64	84	147	0.953125
HATPase_c	111	CP065315.1_3039	301	8.1e-26	4	109	194	299	0.945945945946
SIS	131	CP065315.1_3049	346	1.3e-13	4	129	37	165	0.954198473282
SIS	131	CP065315.1_3049	346	1.1e-08	4	126	203	324	0.931297709924
GntR	64	CP065315.1_3051	249	4.7e-16	4	64	9	69	0.9375
AAA	132	CP065315.1_3055	582	1.2e-11	2	127	41	172	0.94696969697
Fer4	24	CP065315.1_3058	377	5e-09	2	24	222	244	0.916666666667
Sigma70_r2	71	CP065315.1_3060	169	3.6e-12	9	68	26	83	0.830985915493
Sigma70_r4_2	54	CP065315.1_3060	169	1.4e-14	2	54	109	161	0.962962962963
Response_reg	112	CP065315.1_3063	224	6.3e-28	1	110	4	111	0.973214285714
Trans_reg_C	77	CP065315.1_3063	224	2.1e-26	5	76	151	217	0.922077922078
HisKA	64	CP065315.1_3064	496	3.5e-11	3	63	272	335	0.9375
HATPase_c	111	CP065315.1_3064	496	1.7e-20	9	108	388	488	0.891891891892
Sigma70_r2	71	CP065315.1_3070	333	1.6e-17	1	70	54	123	0.971830985915
Sigma70_r4	50	CP065315.1_3070	333	6.8e-11	4	40	175	215	0.72
HTH_3	55	CP065315.1_3072	83	4.6e-12	1	55	15	74	0.981818181818
Sigma70_r2	71	CP065315.1_3076	194	1.7e-21	1	71	39	107	0.985915492958
Sigma70_r4_2	54	CP065315.1_3076	194	2.2e-14	1	54	130	183	0.981481481481
PadR	75	CP065315.1_308	177	1.8e-13	1	74	6	80	0.973333333333
AAA	132	CP065315.1_3081	451	2.8e-05	1	111	169	288	0.833333333333
MarR	59	CP065315.1_3084	152	1.9e-11	1	58	32	89	0.966101694915
Aminotran_1_2	363	CP065315.1_31	397	1.1e-78	2	363	32	390	0.994490358127
Pyr_redox_2	292	CP065315.1_310	282	9.7e-26	1	292	2	267	0.996575342466
cNMP_binding	88	CP065315.1_3101	221	2.1e-17	2	77	34	111	0.852272727273
MarR	59	CP065315.1_3101	221	9.3e-05	21	52	183	214	0.525423728814
MerR	38	CP065315.1_3103	273	1.2e-12	1	38	3	41	0.973684210526
GyrI-like	155	CP065315.1_3103	273	5.9e-18	3	155	120	269	0.98064516129
AraC_binding	136	CP065315.1_3105	149	9.4e-08	14	79	54	120	0.477941176471
HTH_1	60	CP065315.1_3106	297	1.5e-22	3	60	5	62	0.95
LysR_substrate	209	CP065315.1_3106	297	1.6e-13	51	205	141	291	0.736842105263
Fer4	24	CP065315.1_3108	253	2.8e-05	5	18	186	199	0.541666666667
Fer4	24	CP065315.1_3108	253	9.9e-05	6	24	215	233	0.75
HTH_5	47	CP065315.1_311	105	3.9e-09	1	46	20	66	0.957446808511
MerR	38	CP065315.1_3110	255	2.1e-14	1	38	4	41	0.973684210526
TPR_1	34	CP065315.1_3112	362	8.3e-05	1	30	263	292	0.852941176471
TetR_N	47	CP065315.1_314	192	6.1e-20	1	47	15	61	0.978723404255
Sigma70_r2	71	CP065315.1_3153	284	4.3e-12	4	65	30	89	0.859154929577
Sigma70_r4_2	54	CP065315.1_3153	284	5.6e-05	7	54	139	186	0.87037037037
HTH_AraC	42	CP065315.1_3154	51	3.4e-09	1	36	14	49	0.833333333333
HTH_3	55	CP065315.1_3155	101	1.1e-12	1	54	7	60	0.963636363636
Response_reg	112	CP065315.1_3157	229	2.9e-28	1	111	4	114	0.982142857143
Trans_reg_C	77	CP065315.1_3157	229	5.5e-27	1	76	150	225	0.974025974026
HisKA	64	CP065315.1_3158	476	3.2e-17	1	64	245	312	0.984375
HATPase_c	111	CP065315.1_3158	476	8.5e-26	1	109	359	465	0.972972972973
Nitroreductase	170	CP065315.1_3163	192	3.3e-34	2	170	8	173	0.988235294118
Sigma70_r2	71	CP065315.1_3172	164	2.4e-14	3	70	11	76	0.943661971831
Sigma70_r4_2	54	CP065315.1_3172	164	2.2e-14	3	54	98	149	0.944444444444
Spo0A_C	104	CP065315.1_319	127	7.2e-28	3	104	23	121	0.971153846154
LacI	46	CP065315.1_3191	348	2.9e-19	1	46	7	52	0.978260869565
Peripla_BP_3	164	CP065315.1_3191	348	1.2e-36	2	164	178	339	0.987804878049
SBP_bac_1	315	CP065315.1_3192	432	5e-32	5	314	63	341	0.980952380952
DctP	286	CP065315.1_3202	343	5.1e-58	2	282	41	323	0.979020979021
AAA	132	CP065315.1_3205	694	5.3e-07	1	111	394	513	0.833333333333
Sigma70_r4	50	CP065315.1_3205	694	3.9e-07	5	37	647	679	0.64
Sigma70_r2	71	CP065315.1_321	179	1.1e-10	1	68	12	79	0.943661971831
Sigma70_ECF	185	CP065315.1_321	179	4e-05	92	179	71	164	0.47027027027
CBS	57	CP065315.1_3212	492	1.5e-08	7	51	101	144	0.771929824561
CBS	57	CP065315.1_3212	492	5.9e-12	2	51	155	205	0.859649122807
HTH_3	55	CP065315.1_3217	74	3.7e-15	3	55	10	62	0.945454545455
HTH_3	55	CP065315.1_322	118	1e-14	1	54	14	67	0.963636363636
HD	122	CP065315.1_3226	335	9.3e-19	1	121	75	185	0.983606557377
Sigma70_r2	71	CP065315.1_3228	449	1.8e-24	1	70	215	284	0.971830985915
Sigma70_r3	78	CP065315.1_3228	449	1.1e-33	1	77	294	370	0.974358974359
Sigma70_r4	50	CP065315.1_3228	449	3e-21	1	50	383	436	0.98
HxlR	91	CP065315.1_3229	134	5.3e-30	1	87	24	111	0.945054945055
Sigma70_r2	71	CP065315.1_3233	149	7.6e-11	18	69	8	57	0.718309859155
Sigma70_r4_2	54	CP065315.1_3233	149	7.3e-13	3	54	86	137	0.944444444444
Aminotran_1_2	363	CP065315.1_3234	345	2.5e-08	9	192	8	177	0.504132231405
ANTAR	54	CP065315.1_3237	180	9e-18	4	54	122	172	0.925925925926
Peripla_BP_2	238	CP065315.1_3238	336	5e-32	4	233	73	306	0.96218487395
Peripla_BP_2	238	CP065315.1_3256	128	8.7e-11	150	236	8	100	0.361344537815
CbiA	128	CP065315.1_3265	549	8.9e-06	8	55	13	148	0.3671875
ANTAR	54	CP065315.1_3269	181	9e-19	8	53	128	173	0.833333333333
GATase_2	420	CP065315.1_3270	1513	1.1e-168	1	420	21	435	0.997619047619
Pyr_redox_2	292	CP065315.1_3271	491	4.2e-20	2	173	154	322	0.585616438356
HxlR	91	CP065315.1_3279	109	1.3e-37	1	89	18	106	0.967032967033
Fer4	24	CP065315.1_3281	207	1.1e-07	3	23	154	174	0.833333333333
Fer4	24	CP065315.1_3281	207	5.2e-08	1	24	181	204	0.958333333333
Sigma70_r4_2	54	CP065315.1_3286	141	1.4e-11	2	54	80	132	0.962962962963
Response_reg	112	CP065315.1_3290	232	2e-32	1	111	6	115	0.982142857143
Trans_reg_C	77	CP065315.1_3290	232	3.9e-21	1	77	148	224	0.987012987013
HisKA	64	CP065315.1_3291	457	1.6e-13	2	62	230	293	0.9375
HATPase_c	111	CP065315.1_3291	457	9.9e-16	1	110	343	454	0.981981981982
Sigma70_r4_2	54	CP065315.1_3293	141	3.4e-08	3	54	79	130	0.944444444444
Response_reg	112	CP065315.1_3305	356	1.5e-09	14	111	17	116	0.866071428571
HTH_18	81	CP065315.1_3305	356	2.6e-22	2	80	266	343	0.962962962963
HTH_8	42	CP065315.1_3332	463	4.5e-09	3	42	420	458	0.928571428571
Aminotran_1_2	363	CP065315.1_3338	352	8.4e-56	3	363	26	347	0.99173553719
HisKA	64	CP065315.1_3357	571	3e-09	3	62	348	411	0.921875
HATPase_c	111	CP065315.1_3357	571	1.3e-25	1	108	455	561	0.963963963964
Response_reg	112	CP065315.1_3358	228	7.7e-31	1	111	5	114	0.982142857143
Trans_reg_C	77	CP065315.1_3358	228	2.7e-23	3	77	152	225	0.961038961039
Peripla_BP_2	238	CP065315.1_3362	369	6.8e-19	40	234	111	300	0.81512605042
Rrf2	83	CP065315.1_3372	135	5.1e-18	1	82	1	78	0.975903614458
Pyr_redox	81	CP065315.1_3375	464	8.2e-05	1	38	2	39	0.456790123457
TrkA_C	70	CP065315.1_3375	464	4.5e-06	4	70	155	224	0.942857142857
TrkA_C	70	CP065315.1_3375	464	2.3e-09	3	69	387	452	0.942857142857
HMA	62	CP065315.1_3379	73	1.6e-14	2	58	5	59	0.903225806452
HTH_5	47	CP065315.1_3380	128	1.5e-20	1	46	45	90	0.957446808511
TetR_N	47	CP065315.1_3385	190	2e-08	3	46	22	65	0.914893617021
B12-binding_2	75	CP065315.1_3387	787	1.8e-11	5	74	584	652	0.92
B12-binding	121	CP065315.1_3387	787	1.6e-24	2	107	668	769	0.867768595041
Aminotran_1_2	363	CP065315.1_3390	430	2.3e-13	17	237	35	225	0.606060606061
Rrf2	83	CP065315.1_3398	144	2.6e-25	1	82	1	82	0.975903614458
Glyoxalase	128	CP065315.1_34	162	1.2e-08	7	128	8	116	0.9453125
HTH_IclR	52	CP065315.1_3401	265	4e-17	1	52	11	62	0.980769230769
IclR	129	CP065315.1_3401	265	9.1e-39	4	128	129	252	0.961240310078
HhH-GPD	108	CP065315.1_3421	213	3.3e-24	5	104	39	168	0.916666666667
Aminotran_1_2	363	CP065315.1_3422	414	9e-11	49	350	79	367	0.829201101928
HTH_3	55	CP065315.1_3424	68	2.6e-18	1	55	6	60	0.981818181818
AAA	132	CP065315.1_3425	424	3e-12	2	120	44	143	0.893939393939
Sigma70_r2	71	CP065315.1_3431	241	1.7e-19	1	69	63	131	0.957746478873
Sigma70_r4	50	CP065315.1_3431	241	2.5e-17	1	49	181	233	0.96
GerE	57	CP065315.1_3434	100	4.4e-05	19	52	30	63	0.578947368421
FUR	120	CP065315.1_3449	128	9.5e-27	2	119	2	116	0.975
SBP_bac_1	315	CP065315.1_3452	369	1.6e-18	11	313	59	304	0.95873015873
HisKA	64	CP065315.1_3467	392	4.5e-13	2	61	153	216	0.921875
HATPase_c	111	CP065315.1_3467	392	3.6e-20	2	109	265	371	0.963963963964
Response_reg	112	CP065315.1_3468	234	1.1e-30	1	112	5	114	0.991071428571
Trans_reg_C	77	CP065315.1_3468	234	4.1e-26	1	77	154	231	0.987012987013
HisKA	64	CP065315.1_3472	596	3.7e-22	2	64	364	431	0.96875
HATPase_c	111	CP065315.1_3472	596	7.5e-28	1	108	477	586	0.963963963964
Response_reg	112	CP065315.1_3473	236	1.9e-33	1	112	5	115	0.991071428571
Trans_reg_C	77	CP065315.1_3473	236	1.3e-27	2	77	157	233	0.974025974026
NUDIX	131	CP065315.1_3474	179	1e-18	4	121	43	159	0.893129770992
Sigma70_r4_2	54	CP065315.1_3480	141	7.3e-15	3	54	80	131	0.944444444444
Fe_dep_repress	60	CP065315.1_3481	129	5e-11	2	54	3	55	0.866666666667
Fe_dep_repr_C	70	CP065315.1_3481	129	1e-10	1	59	64	121	0.828571428571
AAA	132	CP065315.1_3482	583	4.2e-05	3	53	369	421	0.378787878788
HTH_18	81	CP065315.1_3484	318	5.6e-22	1	80	236	314	0.975308641975
GntR	64	CP065315.1_3490	478	5.1e-16	2	60	14	72	0.90625
Aminotran_1_2	363	CP065315.1_3490	478	2.6e-25	47	361	155	466	0.865013774105
HTH_11	55	CP065315.1_3504	409	2.3e-16	3	53	7	56	0.909090909091
CbiA	128	CP065315.1_3512	453	2.8e-06	9	89	111	254	0.625
Sigma70_r4	50	CP065315.1_3513	123	1.1e-09	5	44	19	58	0.78
Peripla_BP_2	238	CP065315.1_3519	342	8.1e-35	1	236	76	314	0.987394957983
Arg_repressor	70	CP065315.1_3541	151	1.1e-21	3	67	2	66	0.914285714286
CBS	57	CP065315.1_3551	385	2.4e-10	1	52	250	301	0.894736842105
CBS	57	CP065315.1_3551	385	1.4e-06	1	55	310	367	0.947368421053
Pyr_redox_2	292	CP065315.1_3553	315	4.1e-53	1	292	6	292	0.996575342466
Rrf2	83	CP065315.1_3554	141	1.1e-20	4	83	2	79	0.951807228916
AAA	132	CP065315.1_3565	353	6.4e-21	1	131	66	190	0.984848484848
Sigma70_r2	71	CP065315.1_3568	212	1.7e-13	1	66	31	96	0.915492957746
Sigma70_r4_2	54	CP065315.1_3568	212	2.5e-11	1	54	147	199	0.981481481481
HTH_6	77	CP065315.1_3576	291	3.2e-14	1	74	1	74	0.948051948052
SIS	131	CP065315.1_3576	291	6.3e-08	53	130	181	255	0.587786259542
SBP_bac_5	377	CP065315.1_3577	532	1e-87	2	368	96	443	0.970822281167
Sigma70_r2	71	CP065315.1_3597	177	2.1e-09	1	67	22	86	0.929577464789
Sigma70_r4_2	54	CP065315.1_3597	177	3.8e-07	9	51	124	166	0.777777777778
TetR_N	47	CP065315.1_360	205	7e-12	2	46	19	63	0.936170212766
GntR	64	CP065315.1_3600	176	9.8e-06	20	55	33	68	0.546875
T2SSE	273	CP065315.1_3616	459	9.4e-44	6	268	86	365	0.959706959707
CbiA	128	CP065315.1_3617	252	3e-07	8	55	15	114	0.3671875
PadR	75	CP065315.1_362	105	7.9e-14	1	75	16	86	0.986666666667
Fer4	24	CP065315.1_373	57	1.6e-09	2	24	3	25	0.916666666667
Fer4	24	CP065315.1_373	57	6.3e-11	1	24	31	54	0.958333333333
AAA	132	CP065315.1_375	831	2.4e-15	3	114	213	329	0.840909090909
AAA	132	CP065315.1_375	831	1e-09	2	95	547	641	0.704545454545
cNMP_binding	88	CP065315.1_38	208	3.5e-22	5	87	20	103	0.931818181818
Crp	32	CP065315.1_38	208	1.4e-09	4	30	155	181	0.8125
B12-binding	121	CP065315.1_381	137	1.8e-25	1	119	6	122	0.97520661157
Glyoxalase	128	CP065315.1_383	135	3.7e-23	2	121	6	120	0.9296875
PadR	75	CP065315.1_405	109	1.2e-21	1	74	14	82	0.973333333333
AraC_binding	136	CP065315.1_413	275	6e-23	4	135	17	146	0.963235294118
HTH_18	81	CP065315.1_413	275	2.9e-24	1	80	188	265	0.975308641975
PadR	75	CP065315.1_417	113	1.3e-25	1	75	15	88	0.986666666667
HTH_5	47	CP065315.1_419	183	5.7e-09	1	46	18	65	0.957446808511
Fer4	24	CP065315.1_420	401	8.7e-05	8	24	266	282	0.666666666667
TrkA_C	70	CP065315.1_421	534	1.6e-15	1	56	407	461	0.785714285714
TrkA_C	70	CP065315.1_421	534	6.1e-13	1	55	473	527	0.771428571429
SBP_bac_5	377	CP065315.1_424	522	1.2e-56	2	361	73	427	0.95225464191
SIS	131	CP065315.1_425	611	3.6e-33	2	127	290	414	0.954198473282
SIS	131	CP065315.1_425	611	1.1e-22	4	130	464	592	0.961832061069
Sigma70_r2	71	CP065315.1_429	257	7.2e-17	1	70	41	110	0.971830985915
Sigma70_r3	78	CP065315.1_429	257	2.1e-11	3	59	121	177	0.717948717949
Sigma70_r4	50	CP065315.1_429	257	6.6e-16	1	50	205	254	0.98
GntR	64	CP065315.1_430	467	7.3e-17	1	64	14	77	0.984375
Aminotran_1_2	363	CP065315.1_430	467	9.4e-19	19	302	118	388	0.779614325069
Pkinase	264	CP065315.1_44	710	1.4e-54	1	253	13	260	0.954545454545
Fe_dep_repress	60	CP065315.1_440	129	3e-15	3	57	4	58	0.9
Fe_dep_repr_C	70	CP065315.1_440	129	1.6e-16	3	54	66	116	0.728571428571
MarR	59	CP065315.1_443	146	2.3e-12	5	57	33	85	0.881355932203
HTH_3	55	CP065315.1_445	153	3.4e-06	1	55	8	62	0.981818181818
HMA	62	CP065315.1_449	85	2.1e-07	3	62	7	65	0.951612903226
SpoIIE	193	CP065315.1_45	246	2.1e-08	8	191	34	243	0.948186528497
HTH_5	47	CP065315.1_453	102	2.5e-13	1	47	17	63	0.978723404255
TetR_N	47	CP065315.1_454	206	1.5e-16	3	47	14	58	0.936170212766
HTH_3	55	CP065315.1_459	106	4.9e-06	7	55	52	99	0.872727272727
Mga	87	CP065315.1_464	65	2.5e-07	28	62	4	38	0.390804597701
HTH_3	55	CP065315.1_465	163	7.1e-08	5	53	11	63	0.872727272727
MerR	38	CP065315.1_478	267	6.5e-14	2	38	7	42	0.947368421053
GyrI-like	155	CP065315.1_478	267	7.5e-08	89	154	200	265	0.41935483871
HxlR	91	CP065315.1_484	154	3.1e-25	2	88	20	106	0.945054945055
SKI	158	CP065315.1_490	191	4.4e-05	2	57	30	85	0.348101265823
TPR_2	34	CP065315.1_491	595	2.4e-05	3	34	95	126	0.911764705882
Pyr_redox_2	292	CP065315.1_496	570	2e-62	1	292	1	308	0.996575342466
Rhodanese	107	CP065315.1_496	570	4.5e-08	6	105	461	546	0.92523364486
Rhodanese	107	CP065315.1_497	104	7.7e-14	5	97	17	91	0.859813084112
cNMP_binding	88	CP065315.1_498	222	7e-10	2	87	27	115	0.965909090909
Crp	32	CP065315.1_498	222	1.2e-11	1	31	166	196	0.9375
HTH_1	60	CP065315.1_503	295	8.7e-21	2	60	4	62	0.966666666667
LysR_substrate	209	CP065315.1_503	295	2.6e-30	2	204	87	286	0.966507177033
Pyr_redox_2	292	CP065315.1_516	565	3.7e-73	1	292	108	423	0.996575342466
PAS	113	CP065315.1_524	657	1.3e-06	3	49	218	264	0.407079646018
AAA	132	CP065315.1_524	657	5.7e-08	1	126	360	497	0.94696969697
HTH_8	42	CP065315.1_524	657	1.3e-15	6	42	611	647	0.857142857143
SBP_bac_5	377	CP065315.1_541	559	1.2e-50	1	370	92	470	0.978779840849
SBP_bac_5	377	CP065315.1_542	559	3.1e-57	1	369	91	467	0.976127320955
SBP_bac_5	377	CP065315.1_543	559	1.4e-47	1	374	91	473	0.989389920424
CbiA	128	CP065315.1_546	266	2.4e-15	4	126	6	216	0.953125
Peripla_BP_2	238	CP065315.1_548	366	6.3e-27	3	234	87	336	0.970588235294
FUR	120	CP065315.1_551	133	2.9e-16	6	115	5	119	0.908333333333
GntR	64	CP065315.1_574	134	9.1e-05	26	60	61	95	0.53125
Sigma70_r4_2	54	CP065315.1_576	133	1.8e-06	3	44	76	117	0.759259259259
TPR_2	34	CP065315.1_59	203	4.1e-06	1	34	125	158	0.970588235294
Sigma70_r4_2	54	CP065315.1_590	141	5e-10	3	53	81	131	0.925925925926
Pyr_redox_2	292	CP065315.1_598	541	8.5e-09	2	109	10	195	0.366438356164
SBP_bac_5	377	CP065315.1_603	567	3.9e-58	6	337	106	449	0.877984084881
HTH_6	77	CP065315.1_604	290	2.2e-20	7	76	10	79	0.896103896104
SIS	131	CP065315.1_604	290	2e-11	2	130	135	263	0.977099236641
GerE	57	CP065315.1_611	189	7.3e-11	3	43	89	129	0.701754385965
SBP_bac_5	377	CP065315.1_619	464	7.1e-86	4	373	42	382	0.978779840849
Trans_reg_C	77	CP065315.1_621	164	1.5e-28	1	77	83	159	0.987012987013
MerR	38	CP065315.1_630	276	4.6e-15	1	38	8	45	0.973684210526
Ada_Zn_binding	65	CP065315.1_639	285	1.5e-05	9	64	227	284	0.846153846154
SBP_bac_5	377	CP065315.1_651	541	9e-83	1	337	95	427	0.89124668435
PfkB	302	CP065315.1_653	311	1.2e-66	2	300	5	297	0.986754966887
LacI	46	CP065315.1_654	342	1.4e-17	1	44	4	48	0.934782608696
Peripla_BP_1	279	CP065315.1_654	342	8.2e-37	2	267	59	316	0.94982078853
HTH_1	60	CP065315.1_657	304	2.1e-17	1	59	6	64	0.966666666667
LysR_substrate	209	CP065315.1_657	304	1e-41	2	208	90	291	0.985645933014
Trp_repressor	88	CP065315.1_662	103	3.9e-28	4	86	11	92	0.931818181818
Penicillinase_R	115	CP065315.1_668	127	1.6e-24	3	114	9	120	0.965217391304
TetR_N	47	CP065315.1_679	215	1.9e-21	1	46	14	59	0.957446808511
Fer4	24	CP065315.1_682	387	3.6e-08	2	24	322	344	0.916666666667
HMA	62	CP065315.1_685	857	2.7e-14	2	61	5	63	0.951612903226
HMA	62	CP065315.1_685	857	4.3e-13	1	62	792	851	0.983870967742
dCache_1	249	CP065315.1_687	700	4e-33	7	248	49	306	0.967871485944
MCPsignal	172	CP065315.1_687	700	3.9e-38	4	171	507	660	0.970930232558
cNMP_binding	88	CP065315.1_692	231	4.1e-12	2	84	34	120	0.931818181818
HTH_1	60	CP065315.1_702	293	3e-20	1	59	3	61	0.966666666667
LysR_substrate	209	CP065315.1_702	293	5.2e-29	2	206	87	290	0.976076555024
GntR	64	CP065315.1_703	220	4.5e-18	2	64	10	71	0.96875
CbiA	128	CP065315.1_704	242	2.9e-07	6	87	23	141	0.6328125
Fer4	24	CP065315.1_705	68	4.1e-08	1	23	4	26	0.916666666667
Fer4	24	CP065315.1_705	68	1.4e-07	2	24	42	64	0.916666666667
Response_reg	112	CP065315.1_711	226	3.3e-29	1	111	3	112	0.982142857143
Trans_reg_C	77	CP065315.1_711	226	9.8e-20	3	77	146	219	0.961038961039
HisKA	64	CP065315.1_712	405	1.6e-17	2	63	182	246	0.953125
HATPase_c	111	CP065315.1_712	405	3.4e-18	1	108	292	400	0.963963963964
Pyr_redox_2	292	CP065315.1_72	416	1.3e-11	1	113	2	169	0.383561643836
Sigma70_r2	71	CP065315.1_720	162	2e-13	1	70	9	74	0.971830985915
Sigma70_r4_2	54	CP065315.1_720	162	4.2e-19	1	54	100	153	0.981481481481
HTH_3	55	CP065315.1_723	77	1.1e-11	1	55	4	58	0.981818181818
Sigma70_r2	71	CP065315.1_726	162	1.6e-18	2	71	15	82	0.971830985915
Sigma70_r4_2	54	CP065315.1_726	162	1.3e-12	6	54	102	150	0.888888888889
Citrate_synt	361	CP065315.1_729	455	2.4e-116	3	361	47	438	0.991689750693
HTH_6	77	CP065315.1_73	290	7.2e-15	3	74	5	76	0.922077922078
SIS	131	CP065315.1_73	290	6e-26	2	131	129	256	0.984732824427
HTH_3	55	CP065315.1_739	73	3.1e-10	3	55	8	60	0.945454545455
MerR	38	CP065315.1_740	216	1.1e-16	1	38	2	38	0.973684210526
HTH_3	55	CP065315.1_764	84	2e-16	1	55	24	78	0.981818181818
HxlR	91	CP065315.1_771	109	2.8e-28	1	84	22	106	0.912087912088
EPSP_synthase	417	CP065315.1_780	416	6.1e-82	2	415	7	403	0.990407673861
cNMP_binding	88	CP065315.1_790	231	1.1e-17	2	87	31	117	0.965909090909
Aminotran_1_2	363	CP065315.1_791	415	3.4e-05	47	206	65	202	0.438016528926
PTS-HPr	82	CP065315.1_797	88	2.4e-31	3	81	4	82	0.951219512195
Pribosyltran	159	CP065315.1_810	220	1.6e-14	46	125	125	216	0.496855345912
Arc	50	CP065315.1_811	59	4.4e-05	1	41	1	41	0.8
Pribosyltran	159	CP065315.1_815	224	5.7e-14	3	129	37	162	0.792452830189
Fer4	24	CP065315.1_819	337	6.9e-06	4	21	303	320	0.708333333333
HisKA	64	CP065315.1_828	541	1.6e-17	3	64	321	384	0.953125
HATPase_c	111	CP065315.1_828	541	1.2e-21	1	109	427	536	0.972972972973
Response_reg	112	CP065315.1_829	228	1.6e-27	1	110	5	112	0.973214285714
Trans_reg_C	77	CP065315.1_829	228	2.6e-23	1	77	146	219	0.987012987013
AAA	132	CP065315.1_83	804	3e-24	1	127	354	491	0.954545454545
PALP	294	CP065315.1_834	407	6.7e-83	2	294	15	301	0.993197278912
ACT	67	CP065315.1_834	407	8e-07	3	33	326	356	0.44776119403
AAA	132	CP065315.1_837	167	9e-06	1	52	4	55	0.386363636364
NTP_transf_2	95	CP065315.1_838	215	8.7e-07	16	47	22	53	0.326315789474
Nitroreductase	170	CP065315.1_839	172	2e-17	2	57	8	63	0.323529411765
Nitroreductase	170	CP065315.1_839	172	2.6e-14	85	170	63	145	0.5
AAA	132	CP065315.1_84	439	3.3e-17	1	100	113	238	0.75
B12-binding_2	75	CP065315.1_84	439	7.4e-05	10	46	344	383	0.48
HxlR	91	CP065315.1_840	116	1.2e-35	1	89	18	107	0.967032967033
PadR	75	CP065315.1_846	108	1.9e-17	2	74	17	84	0.96
CBS	57	CP065315.1_849	371	1.1e-07	2	52	251	301	0.877192982456
HD	122	CP065315.1_852	221	5.7e-14	2	118	35	132	0.950819672131
HTH_3	55	CP065315.1_859	73	3.9e-14	3	55	9	61	0.945454545455
HhH-GPD	108	CP065315.1_863	341	2e-21	1	98	35	160	0.898148148148
Sigma70_r2	71	CP065315.1_864	155	2.8e-09	5	70	13	76	0.915492957746
Sigma70_r4_2	54	CP065315.1_864	155	1.4e-15	4	52	96	144	0.888888888889
PadR	75	CP065315.1_871	116	2.3e-25	1	74	17	90	0.973333333333
Arc	50	CP065315.1_879	62	9.6e-08	5	42	20	57	0.74
PALP	294	CP065315.1_88	496	4.2e-15	20	293	95	426	0.928571428571
MarR	59	CP065315.1_893	417	3.6e-06	7	44	15	52	0.627118644068
Peripla_BP_1	279	CP065315.1_896	331	4.1e-06	15	158	63	210	0.512544802867
Peripla_BP_3	164	CP065315.1_896	331	3.9e-05	11	131	174	289	0.731707317073
PfkB	302	CP065315.1_900	327	1e-62	3	300	3	307	0.983443708609
HTH_3	55	CP065315.1_930	85	3.6e-16	1	54	17	70	0.963636363636
TetR_N	47	CP065315.1_932	194	1.1e-12	5	47	20	62	0.893617021277
Sigma70_r4_2	54	CP065315.1_937	141	4.9e-08	2	53	80	131	0.944444444444
Penicillinase_R	115	CP065315.1_948	123	3.8e-22	3	115	8	116	0.973913043478
TetR_N	47	CP065315.1_951	196	5.1e-08	6	44	23	61	0.808510638298
FeoA	74	CP065315.1_954	81	2.2e-16	2	69	5	71	0.905405405405
Fe_dep_repress	60	CP065315.1_955	146	1e-14	2	58	23	79	0.933333333333
Fe_dep_repr_C	70	CP065315.1_955	146	1e-09	1	61	84	142	0.857142857143
Peptidase_M23	96	CP065315.1_96	342	6e-30	2	96	240	334	0.979166666667
HTH_3	55	CP065315.1_97	128	7.6e-11	2	54	15	67	0.945454545455
Spo0A_C	104	CP065315.1_98	110	5.6e-26	3	102	5	101	0.951923076923
HTH_3	55	CP065315.1_983	121	1.5e-05	1	55	8	63	0.981818181818
HTH_3	55	CP065315.1_999	72	6.3e-10	1	55	8	64	0.981818181818
