CP065315.1_1018            0.426  28  0.637  28  0.977  12  0.950   0.759 Y  0.450      SignalP-TM
CP065315.1_1018            0.581  28  0.746  28  0.985  13  0.957   0.845 Y  0.570      SignalP-noTM
CP065315.1_1021            0.389  26  0.618  26  0.992  13  0.970   0.783 Y  0.570      SignalP-noTM
CP065315.1_1021            0.561  28  0.732  28  0.974  19  0.943   0.815 Y  0.450      SignalP-TM
CP065315.1_1025            0.616  28  0.728  28  0.974  10  0.905   0.797 Y  0.450      SignalP-TM
CP065315.1_1025            0.802  28  0.868  28  0.995  12  0.958   0.910 Y  0.570      SignalP-noTM
CP065315.1_1026            0.493  28  0.655  28  0.938  12  0.880   0.743 Y  0.450      SignalP-TM
CP065315.1_1026            0.500  28  0.690  28  0.989  13  0.956   0.815 Y  0.570      SignalP-noTM
CP065315.1_103             0.378  31  0.469  31  0.746  15  0.618   0.527 Y  0.450      SignalP-TM
CP065315.1_1032            0.453  23  0.649  23  0.969  19  0.936   0.784 Y  0.570      SignalP-noTM
CP065315.1_1032            0.681  28  0.741  28  0.885  18  0.809   0.768 Y  0.450      SignalP-TM
CP065315.1_1033            0.534  24  0.702  24  0.957  17  0.903   0.780 Y  0.450      SignalP-TM
CP065315.1_1033            0.774  21  0.867  21  0.977  10  0.960   0.911 Y  0.570      SignalP-noTM
CP065315.1_1059            0.209  30  0.366  30  0.867   8  0.735   0.510 Y  0.450      SignalP-TM
CP065315.1_1084            0.548  24  0.691  24  0.968  10  0.897   0.771 Y  0.450      SignalP-TM
CP065315.1_1084            0.813  24  0.891  24  0.986  20  0.971   0.928 Y  0.570      SignalP-noTM
CP065315.1_1089            0.626  31  0.688  31  0.973  19  0.876   0.777 Y  0.570      SignalP-noTM
CP065315.1_1089            0.666  31  0.725  31  0.891  22  0.771   0.743 Y  0.450      SignalP-TM
CP065315.1_1091            0.307  25  0.538  25  0.957  19  0.909   0.683 Y  0.450      SignalP-TM
CP065315.1_1091            0.826  25  0.896  25  0.981  16  0.964   0.928 Y  0.570      SignalP-noTM
CP065315.1_110             0.566  23  0.660  23  0.866  18  0.747   0.694 Y  0.450      SignalP-TM
CP065315.1_110             0.764  23  0.855  23  0.978  18  0.948   0.899 Y  0.570      SignalP-noTM
CP065315.1_1165            0.558  32  0.664  32  0.843  28  0.761   0.702 Y  0.450      SignalP-TM
CP065315.1_1165            0.613  32  0.656  32  0.847  28  0.591   0.632 Y  0.510      SignalP-TM
CP065315.1_1187            0.544  29  0.555  29  0.668  15  0.517   0.541 Y  0.510      SignalP-TM
CP065315.1_1187            0.570  29  0.650  29  0.812  26  0.656   0.652 Y  0.450      SignalP-TM
CP065315.1_1204            0.816  24  0.865  24  0.962   8  0.927   0.889 Y  0.450      SignalP-TM
CP065315.1_1204            0.890  24  0.927  24  0.982  11  0.964   0.944 Y  0.570      SignalP-noTM
CP065315.1_1208            0.791  25  0.866  25  0.975  18  0.953   0.900 Y  0.450      SignalP-TM
CP065315.1_1208            0.881  25  0.919  25  0.986  11  0.965   0.940 Y  0.570      SignalP-noTM
CP065315.1_1255            0.430  31  0.606  31  0.993  15  0.923   0.755 Y  0.570      SignalP-noTM
CP065315.1_1255            0.464  31  0.646  31  0.969  19  0.908   0.748 Y  0.450      SignalP-TM
CP065315.1_1256            0.600  35  0.631  35  0.786  30  0.571   0.608 Y  0.450      SignalP-TM
CP065315.1_1264            0.247  30  0.366  30  0.913  14  0.726   0.507 Y  0.450      SignalP-TM
CP065315.1_1275            0.241  65  0.311  20  0.881  10  0.758   0.485 Y  0.450      SignalP-TM
CP065315.1_1308            0.653  25  0.693  25  0.907  22  0.691   0.692 Y  0.450      SignalP-TM
CP065315.1_1308            0.870  25  0.868  25  0.932  22  0.845   0.858 Y  0.570      SignalP-noTM
CP065315.1_1309            0.477  29  0.663  29  0.978  14  0.939   0.771 Y  0.450      SignalP-TM
CP065315.1_1309            0.852  29  0.909  29  0.995  14  0.966   0.935 Y  0.570      SignalP-noTM
CP065315.1_133             0.221  22  0.428  22  0.874  20  0.799   0.573 Y  0.450      SignalP-TM
CP065315.1_133             0.629  27  0.759  27  0.991  12  0.940   0.844 Y  0.570      SignalP-noTM
CP065315.1_1381            0.149  30  0.282  17  0.868   8  0.801   0.484 Y  0.450      SignalP-TM
CP065315.1_1389            0.750  28  0.835  28  0.953  15  0.914   0.866 Y  0.450      SignalP-TM
CP065315.1_1389            0.855  28  0.892  28  0.982  16  0.943   0.916 Y  0.570      SignalP-noTM
CP065315.1_1394            0.259  36  0.388  22  0.948  15  0.908   0.591 Y  0.450      SignalP-TM
CP065315.1_1394            0.307  22  0.525  22  0.942   1  0.899   0.701 Y  0.570      SignalP-noTM
CP065315.1_1422            0.195  42  0.396  23  0.884   9  0.834   0.567 Y  0.450      SignalP-TM
CP065315.1_1422            0.198  34  0.405  20  0.944  14  0.930   0.651 Y  0.570      SignalP-noTM
CP065315.1_1428            0.633  38  0.632  26  0.936   8  0.876   0.727 Y  0.450      SignalP-TM
CP065315.1_1428            0.661  26  0.753  26  0.980  12  0.903   0.824 Y  0.570      SignalP-noTM
CP065315.1_1482            0.365  27  0.598  27  0.994  12  0.976   0.775 Y  0.570      SignalP-noTM
CP065315.1_1482            0.438  27  0.644  27  0.973  11  0.946   0.762 Y  0.450      SignalP-TM
CP065315.1_1515            0.424  30  0.633  30  0.958  27  0.918   0.744 Y  0.450      SignalP-TM
CP065315.1_1515            0.821  30  0.891  30  0.984  17  0.962   0.924 Y  0.570      SignalP-noTM
CP065315.1_1526            0.562  30  0.693  30  0.973  12  0.904   0.776 Y  0.450      SignalP-TM
CP065315.1_1526            0.843  30  0.892  30  0.995  14  0.962   0.925 Y  0.570      SignalP-noTM
CP065315.1_1558            0.443  24  0.559  24  0.810   8  0.727   0.624 Y  0.450      SignalP-TM
CP065315.1_1558            0.797  24  0.838  24  0.933  16  0.890   0.863 Y  0.570      SignalP-noTM
CP065315.1_1577            0.483  25  0.673  25  0.972   9  0.938   0.776 Y  0.450      SignalP-TM
CP065315.1_1577            0.501  25  0.701  25  0.994  16  0.978   0.831 Y  0.570      SignalP-noTM
CP065315.1_1584            0.166  25  0.387  25  0.969  10  0.926   0.640 Y  0.570      SignalP-noTM
CP065315.1_1584            0.203  24  0.412  24  0.872  12  0.839   0.578 Y  0.450      SignalP-TM
CP065315.1_1593            0.498  30  0.579  30  0.884  14  0.753   0.647 Y  0.450      SignalP-TM
CP065315.1_1593            0.770  30  0.822  30  0.973  16  0.906   0.862 Y  0.570      SignalP-noTM
CP065315.1_1610            0.559  20  0.740  20  0.986  11  0.974   0.850 Y  0.570      SignalP-noTM
CP065315.1_1610            0.566  28  0.704  28  0.986  17  0.925   0.791 Y  0.450      SignalP-TM
CP065315.1_1617            0.160  57  0.275  11  0.795   2  0.768   0.467 Y  0.450      SignalP-TM
CP065315.1_1622            0.159  23  0.389  23  0.960  21  0.948   0.651 Y  0.570      SignalP-noTM
CP065315.1_1622            0.208  25  0.442  25  0.957  15  0.935   0.634 Y  0.450      SignalP-TM
CP065315.1_1623            0.205  34  0.411  27  0.964  19  0.917   0.608 Y  0.450      SignalP-TM
CP065315.1_1623            0.396  22  0.616  22  0.970  13  0.956   0.776 Y  0.570      SignalP-noTM
CP065315.1_1627            0.304  37  0.432  37  0.841  22  0.686   0.531 Y  0.450      SignalP-TM
CP065315.1_1638            0.493  29  0.671  29  0.955  12  0.915   0.766 Y  0.450      SignalP-TM
CP065315.1_1638            0.571  29  0.734  29  0.986  14  0.946   0.834 Y  0.570      SignalP-noTM
CP065315.1_1658            0.700  24  0.818  24  0.972  18  0.941   0.866 Y  0.450      SignalP-TM
CP065315.1_1658            0.708  24  0.826  24  0.978  11  0.960   0.889 Y  0.570      SignalP-noTM
CP065315.1_1662            0.158  18  0.367  18  0.941   1  0.863   0.600 Y  0.570      SignalP-noTM
CP065315.1_1662            0.197  26  0.364  26  0.860  15  0.738   0.510 Y  0.450      SignalP-TM
CP065315.1_1667            0.310  26  0.528  26  0.980  13  0.928   0.716 Y  0.570      SignalP-noTM
CP065315.1_1667            0.430  28  0.557  28  0.924  15  0.800   0.652 Y  0.450      SignalP-TM
CP065315.1_1668            0.515  21  0.605  21  0.791  18  0.697   0.641 Y  0.450      SignalP-TM
CP065315.1_1668            0.771  21  0.816  21  0.926  18  0.870   0.841 Y  0.570      SignalP-noTM
CP065315.1_1670            0.469  29  0.650  29  0.936  27  0.874   0.737 Y  0.450      SignalP-TM
CP065315.1_1670            0.613  29  0.767  29  0.984  18  0.958   0.857 Y  0.570      SignalP-noTM
CP065315.1_1674            0.297  36  0.484  36  0.982  17  0.893   0.643 Y  0.450      SignalP-TM
CP065315.1_1674            0.428  34  0.619  34  0.999  17  0.950   0.774 Y  0.570      SignalP-noTM
CP065315.1_1686            0.227  28  0.420  28  0.961   8  0.862   0.592 Y  0.450      SignalP-TM
CP065315.1_1686            0.297  23  0.527  23  0.959  12  0.942   0.722 Y  0.570      SignalP-noTM
CP065315.1_169             0.234  30  0.393  30  0.941  12  0.792   0.549 Y  0.450      SignalP-TM
CP065315.1_169             0.279  18  0.516  18  0.979  13  0.948   0.719 Y  0.570      SignalP-noTM
CP065315.1_1693            0.285  44  0.379  29  0.942  11  0.855   0.565 Y  0.450      SignalP-TM
CP065315.1_1693            0.696  21  0.819  21  0.976  11  0.961   0.886 Y  0.570      SignalP-noTM
CP065315.1_1715            0.191  28  0.400  28  0.968  11  0.895   0.593 Y  0.450      SignalP-TM
CP065315.1_1715            0.614  28  0.706  28  0.984  11  0.897   0.796 Y  0.570      SignalP-noTM
CP065315.1_1717            0.351  25  0.567  25  0.958  10  0.897   0.696 Y  0.450      SignalP-TM
CP065315.1_1717            0.787  25  0.869  25  0.983  11  0.958   0.911 Y  0.570      SignalP-noTM
CP065315.1_1753            0.184  25  0.404  25  0.943  12  0.888   0.632 Y  0.570      SignalP-noTM
CP065315.1_1753            0.274  25  0.486  25  0.907  16  0.822   0.617 Y  0.450      SignalP-TM
CP065315.1_1774            0.236  28  0.434  28  0.893  13  0.814   0.582 Y  0.450      SignalP-TM
CP065315.1_1774            0.300  27  0.535  27  0.979  14  0.947   0.729 Y  0.570      SignalP-noTM
CP065315.1_1776            0.270  25  0.494  25  0.975   9  0.923   0.661 Y  0.450      SignalP-TM
CP065315.1_1776            0.372  25  0.595  25  0.992  11  0.959   0.766 Y  0.570      SignalP-noTM
CP065315.1_1794            0.234  37  0.358  20  0.956  17  0.927   0.580 Y  0.450      SignalP-TM
CP065315.1_1794            0.605  20  0.761  20  0.970  11  0.955   0.852 Y  0.570      SignalP-noTM
CP065315.1_1796            0.478  28  0.669  28  0.973  17  0.936   0.773 Y  0.450      SignalP-TM
CP065315.1_1796            0.515  28  0.685  28  0.988  10  0.942   0.806 Y  0.570      SignalP-noTM
CP065315.1_1803            0.265  31  0.432  23  0.941   6  0.927   0.665 Y  0.570      SignalP-noTM
CP065315.1_1803            0.461  31  0.601  31  0.938  17  0.835   0.693 Y  0.450      SignalP-TM
CP065315.1_1810            0.396  30  0.499  30  0.944  18  0.782   0.609 Y  0.450      SignalP-TM
CP065315.1_1810            0.601  24  0.745  24  0.978  11  0.938   0.835 Y  0.570      SignalP-noTM
CP065315.1_1859            0.330  37  0.441  37  0.689  31  0.600   0.503 Y  0.450      SignalP-TM
CP065315.1_186             0.220  35  0.352  35  0.795   6  0.668   0.475 Y  0.450      SignalP-TM
CP065315.1_1866            0.181  22  0.389  22  0.943   1  0.875   0.618 Y  0.570      SignalP-noTM
CP065315.1_1866            0.211  38  0.333  29  0.934   9  0.802   0.516 Y  0.450      SignalP-TM
CP065315.1_1874            0.423  26  0.447  26  0.592  18  0.455   0.450 Y  0.450      SignalP-TM
CP065315.1_1881            0.222  31  0.415  31  0.972  15  0.875   0.595 Y  0.450      SignalP-TM
CP065315.1_1881            0.246  31  0.477  22  0.974  13  0.956   0.702 Y  0.570      SignalP-noTM
CP065315.1_1899            0.749  27  0.829  27  0.947  22  0.895   0.855 Y  0.450      SignalP-TM
CP065315.1_1899            0.791  27  0.864  27  0.974  23  0.930   0.895 Y  0.570      SignalP-noTM
CP065315.1_193             0.317  34  0.434  34  0.899   7  0.682   0.531 Y  0.450      SignalP-TM
CP065315.1_1937            0.247  23  0.391  23  0.830  19  0.658   0.495 Y  0.450      SignalP-TM
CP065315.1_1937            0.482  23  0.608  23  0.895   3  0.796   0.696 Y  0.570      SignalP-noTM
CP065315.1_1945            0.312  27  0.544  27  0.987  16  0.941   0.699 Y  0.450      SignalP-TM
CP065315.1_1945            0.371  27  0.601  27  0.995  17  0.962   0.771 Y  0.570      SignalP-noTM
CP065315.1_195             0.182  35  0.383  30  0.897  21  0.804   0.547 Y  0.450      SignalP-TM
CP065315.1_195             0.252  30  0.431  30  0.936  21  0.807   0.608 Y  0.570      SignalP-noTM
CP065315.1_1954            0.229  39  0.369  34  0.929   5  0.800   0.537 Y  0.450      SignalP-TM
CP065315.1_1954            0.238  22  0.467  22  0.959   6  0.931   0.685 Y  0.570      SignalP-noTM
CP065315.1_196             0.494  27  0.613  27  0.849  24  0.747   0.665 Y  0.450      SignalP-TM
CP065315.1_196             0.709  27  0.810  27  0.952  22  0.915   0.859 Y  0.570      SignalP-noTM
CP065315.1_1968            0.493  28  0.660  28  0.913  21  0.862   0.739 Y  0.450      SignalP-TM
CP065315.1_1968            0.632  28  0.783  28  0.986  17  0.934   0.854 Y  0.570      SignalP-noTM
CP065315.1_1969            0.468  31  0.632  31  0.969  17  0.890   0.754 Y  0.570      SignalP-noTM
CP065315.1_1969            0.527  31  0.655  31  0.919  15  0.835   0.725 Y  0.450      SignalP-TM
CP065315.1_1973            0.132  37  0.278  12  0.838   7  0.772   0.471 Y  0.450      SignalP-TM
CP065315.1_1979            0.209  41  0.271  12  0.796   8  0.730   0.450 Y  0.450      SignalP-TM
CP065315.1_1985            0.164  24  0.388  24  0.972  17  0.906   0.590 Y  0.450      SignalP-TM
CP065315.1_1985            0.183  24  0.408  24  0.969  18  0.926   0.651 Y  0.570      SignalP-noTM
CP065315.1_1988            0.251  54  0.385  24  0.965   7  0.905   0.588 Y  0.450      SignalP-TM
CP065315.1_1988            0.483  24  0.668  24  0.966   8  0.940   0.796 Y  0.570      SignalP-noTM
CP065315.1_200             0.205  30  0.347  27  0.843  10  0.725   0.494 Y  0.450      SignalP-TM
CP065315.1_200             0.358  23  0.565  23  0.952  18  0.895   0.720 Y  0.570      SignalP-noTM
CP065315.1_2007            0.644  29  0.780  29  0.980  14  0.957   0.863 Y  0.570      SignalP-noTM
CP065315.1_2007            0.653  29  0.782  29  0.961  23  0.941   0.844 Y  0.450      SignalP-TM
CP065315.1_2021            0.454  28  0.636  28  0.973  14  0.916   0.745 Y  0.450      SignalP-TM
CP065315.1_2021            0.802  19  0.889  19  0.993  10  0.973   0.929 Y  0.570      SignalP-noTM
CP065315.1_2040            0.282  43  0.456  43  0.844  39  0.634   0.525 Y  0.450      SignalP-TM
CP065315.1_2041            0.175  26  0.381  26  0.952   5  0.873   0.573 Y  0.450      SignalP-TM
CP065315.1_2041            0.333  23  0.566  23  0.985  10  0.962   0.752 Y  0.570      SignalP-noTM
CP065315.1_2044            0.377  31  0.601  31  0.977  28  0.919   0.725 Y  0.450      SignalP-TM
CP065315.1_2044            0.415  32  0.630  32  0.989  18  0.951   0.781 Y  0.570      SignalP-noTM
CP065315.1_2046            0.779  25  0.848  25  0.965  21  0.907   0.871 Y  0.450      SignalP-TM
CP065315.1_2046            0.886  25  0.926  25  0.977  20  0.938   0.931 Y  0.570      SignalP-noTM
CP065315.1_2057            0.299  26  0.518  26  0.979  18  0.909   0.670 Y  0.450      SignalP-TM
CP065315.1_2057            0.414  20  0.630  20  0.970  17  0.954   0.782 Y  0.570      SignalP-noTM
CP065315.1_2062            0.242  31  0.433  25  0.965  13  0.934   0.669 Y  0.570      SignalP-noTM
CP065315.1_2062            0.257  29  0.479  29  0.957  15  0.873   0.633 Y  0.450      SignalP-TM
CP065315.1_2079            0.338  38  0.446  29  0.941   6  0.856   0.606 Y  0.450      SignalP-TM
CP065315.1_2079            0.346  22  0.568  22  0.952  20  0.932   0.739 Y  0.570      SignalP-noTM
CP065315.1_2081            0.271  30  0.276  11  0.840   3  0.775   0.471 Y  0.450      SignalP-TM
CP065315.1_213             0.525  25  0.700  25  0.961  19  0.901   0.779 Y  0.450      SignalP-TM
CP065315.1_213             0.546  25  0.717  25  0.988  15  0.954   0.828 Y  0.570      SignalP-noTM
CP065315.1_2145            0.371  20  0.596  20  0.971  11  0.952   0.763 Y  0.570      SignalP-noTM
CP065315.1_2145            0.404  29  0.583  29  0.933  18  0.873   0.696 Y  0.450      SignalP-TM
CP065315.1_2152            0.172  52  0.283  11  0.874   5  0.816   0.491 Y  0.450      SignalP-TM
CP065315.1_2155            0.229  26  0.454  26  0.971  18  0.904   0.629 Y  0.450      SignalP-TM
CP065315.1_2155            0.309  26  0.511  26  0.965  11  0.898   0.693 Y  0.570      SignalP-noTM
CP065315.1_2179            0.630  30  0.742  30  0.925  17  0.838   0.779 Y  0.450      SignalP-TM
CP065315.1_2179            0.847  30  0.900  30  0.990  15  0.953   0.925 Y  0.570      SignalP-noTM
CP065315.1_2183            0.421  28  0.621  28  0.948  16  0.909   0.733 Y  0.450      SignalP-TM
CP065315.1_2183            0.829  28  0.894  28  0.987  15  0.964   0.927 Y  0.570      SignalP-noTM
CP065315.1_2233            0.779  28  0.803  28  0.893  12  0.847   0.820 Y  0.450      SignalP-TM
CP065315.1_2233            0.820  28  0.881  28  0.988  13  0.959   0.917 Y  0.570      SignalP-noTM
CP065315.1_2234            0.706  36  0.771  36  0.919  33  0.690   0.740 Y  0.450      SignalP-TM
CP065315.1_2234            0.756  36  0.660  36  0.800  32  0.475   0.591 Y  0.510      SignalP-TM
CP065315.1_2269            0.149  34  0.348  27  0.941  20  0.849   0.543 Y  0.450      SignalP-TM
CP065315.1_2269            0.190  22  0.415  22  0.936  18  0.897   0.641 Y  0.570      SignalP-noTM
CP065315.1_2290            0.230  27  0.447  27  0.966  16  0.900   0.624 Y  0.450      SignalP-TM
CP065315.1_2290            0.416  22  0.637  22  0.988  11  0.972   0.795 Y  0.570      SignalP-noTM
CP065315.1_23              0.260  25  0.459  25  0.892   4  0.815   0.626 Y  0.570      SignalP-noTM
CP065315.1_2315            0.276  31  0.469  31  0.983  16  0.896   0.635 Y  0.450      SignalP-TM
CP065315.1_2315            0.456  21  0.665  21  0.982  11  0.967   0.807 Y  0.570      SignalP-noTM
CP065315.1_2337            0.167  60  0.340  26  0.914  10  0.846   0.537 Y  0.450      SignalP-TM
CP065315.1_2337            0.475  21  0.668  21  0.958   8  0.940   0.796 Y  0.570      SignalP-noTM
CP065315.1_235             0.270  32  0.374  20  0.757  13  0.648   0.481 Y  0.450      SignalP-TM
CP065315.1_2357            0.390  24  0.606  24  0.975  18  0.944   0.765 Y  0.570      SignalP-noTM
CP065315.1_2357            0.394  26  0.584  26  0.950  18  0.884   0.701 Y  0.450      SignalP-TM
CP065315.1_2367            0.307  27  0.539  27  0.982  15  0.954   0.700 Y  0.450      SignalP-TM
CP065315.1_2367            0.334  27  0.530  27  0.979  11  0.908   0.708 Y  0.570      SignalP-noTM
CP065315.1_238             0.174  25  0.396  25  0.970  15  0.924   0.644 Y  0.570      SignalP-noTM
CP065315.1_238             0.265  34  0.414  34  0.968  18  0.813   0.570 Y  0.450      SignalP-TM
CP065315.1_2396            0.215  31  0.400  31  0.980  14  0.867   0.582 Y  0.450      SignalP-TM
CP065315.1_2396            0.473  22  0.676  22  0.982  13  0.965   0.812 Y  0.570      SignalP-noTM
CP065315.1_2400            0.698  29  0.793  29  0.953  12  0.891   0.831 Y  0.450      SignalP-TM
CP065315.1_2400            0.710  29  0.805  29  0.970  15  0.930   0.864 Y  0.570      SignalP-noTM
CP065315.1_2403            0.422  31  0.628  31  0.963  21  0.920   0.742 Y  0.450      SignalP-TM
CP065315.1_2403            0.752  31  0.855  31  0.994  17  0.970   0.909 Y  0.570      SignalP-noTM
CP065315.1_2409            0.544  25  0.691  25  0.970  15  0.916   0.797 Y  0.570      SignalP-noTM
CP065315.1_2409            0.618  25  0.747  25  0.961  14  0.907   0.809 Y  0.450      SignalP-TM
CP065315.1_2410            0.400  28  0.605  28  0.981  18  0.932   0.733 Y  0.450      SignalP-TM
CP065315.1_2410            0.519  25  0.710  25  0.996  10  0.973   0.834 Y  0.570      SignalP-noTM
CP065315.1_2422            0.347  42  0.476  42  0.909  13  0.719   0.571 Y  0.450      SignalP-TM
CP065315.1_244             0.519  27  0.702  27  0.980  17  0.938   0.813 Y  0.570      SignalP-noTM
CP065315.1_244             0.655  27  0.786  27  0.966  19  0.918   0.838 Y  0.450      SignalP-TM
CP065315.1_2464            0.202  31  0.389  31  0.882  17  0.798   0.549 Y  0.450      SignalP-TM
CP065315.1_2464            0.370  24  0.593  24  0.965  18  0.947   0.759 Y  0.570      SignalP-noTM
CP065315.1_2468            0.328  30  0.536  30  0.952  17  0.863   0.663 Y  0.450      SignalP-TM
CP065315.1_2468            0.600  30  0.674  30  0.860  26  0.668   0.672 Y  0.510      SignalP-TM
CP065315.1_247             0.490  26  0.692  26  0.994  18  0.972   0.824 Y  0.570      SignalP-noTM
CP065315.1_247             0.549  33  0.690  33  0.958  25  0.829   0.744 Y  0.450      SignalP-TM
CP065315.1_2480            0.396  30  0.522  30  0.855  17  0.675   0.582 Y  0.450      SignalP-TM
CP065315.1_2480            0.538  30  0.542  30  0.711  26  0.473   0.517 Y  0.510      SignalP-TM
CP065315.1_2481            0.239  26  0.449  26  0.929  10  0.843   0.602 Y  0.450      SignalP-TM
CP065315.1_2481            0.584  26  0.744  26  0.992  13  0.960   0.845 Y  0.570      SignalP-noTM
CP065315.1_2483            0.214  26  0.433  26  0.952  19  0.895   0.613 Y  0.450      SignalP-TM
CP065315.1_2483            0.581  21  0.731  21  0.953  19  0.927   0.823 Y  0.570      SignalP-noTM
CP065315.1_2488            0.789  29  0.702  29  0.884  12  0.735   0.714 Y  0.450      SignalP-TM
CP065315.1_2488            0.877  29  0.894  29  0.982  13  0.936   0.914 Y  0.570      SignalP-noTM
CP065315.1_2505            0.213  27  0.405  27  0.952  18  0.838   0.574 Y  0.450      SignalP-TM
CP065315.1_2505            0.390  22  0.608  22  0.973  18  0.948   0.768 Y  0.570      SignalP-noTM
CP065315.1_2506            0.623  31  0.763  31  0.989  17  0.950   0.836 Y  0.450      SignalP-TM
CP065315.1_2506            0.678  31  0.808  31  0.995  16  0.965   0.882 Y  0.570      SignalP-noTM
CP065315.1_251             0.436  26  0.640  26  0.977  13  0.947   0.785 Y  0.570      SignalP-noTM
CP065315.1_251             0.455  28  0.590  28  0.903  15  0.810   0.676 Y  0.450      SignalP-TM
CP065315.1_2510            0.395  21  0.619  21  0.984  11  0.962   0.780 Y  0.570      SignalP-noTM
CP065315.1_2510            0.605  28  0.711  28  0.966  15  0.887   0.780 Y  0.450      SignalP-TM
CP065315.1_2526            0.198  35  0.373  26  0.969  10  0.935   0.592 Y  0.450      SignalP-TM
CP065315.1_2526            0.312  21  0.551  21  0.981  11  0.969   0.747 Y  0.570      SignalP-noTM
CP065315.1_253             0.191  26  0.352  22  0.886   8  0.769   0.515 Y  0.450      SignalP-TM
CP065315.1_2540            0.447  27  0.536  27  0.804  25  0.626   0.571 Y  0.450      SignalP-TM
CP065315.1_256             0.418  25  0.579  25  0.951   9  0.861   0.689 Y  0.450      SignalP-TM
CP065315.1_256             0.638  25  0.772  25  0.989   9  0.954   0.857 Y  0.570      SignalP-noTM
CP065315.1_2610            0.247  30  0.436  21  0.965  19  0.949   0.677 Y  0.570      SignalP-noTM
CP065315.1_2610            0.425  36  0.556  36  0.956  17  0.853   0.672 Y  0.450      SignalP-TM
CP065315.1_2631            0.253  38  0.422  38  0.912  23  0.714   0.536 Y  0.450      SignalP-TM
CP065315.1_2638            0.313  26  0.542  26  0.973  16  0.936   0.695 Y  0.450      SignalP-TM
CP065315.1_2638            0.834  26  0.898  26  0.983  15  0.955   0.925 Y  0.570      SignalP-noTM
CP065315.1_2645            0.460  29  0.642  29  0.960  15  0.870   0.749 Y  0.570      SignalP-noTM
CP065315.1_2645            0.558  29  0.646  29  0.857  13  0.745   0.685 Y  0.450      SignalP-TM
CP065315.1_2649            0.135  26  0.296  13  0.918   6  0.894   0.530 Y  0.450      SignalP-TM
CP065315.1_2651            0.125  26  0.331  23  0.970   8  0.929   0.564 Y  0.450      SignalP-TM
CP065315.1_2651            0.301  24  0.529  24  0.978  15  0.940   0.722 Y  0.570      SignalP-noTM
CP065315.1_2661            0.389  26  0.618  26  0.992  13  0.970   0.783 Y  0.570      SignalP-noTM
CP065315.1_2661            0.561  28  0.732  28  0.974  19  0.943   0.815 Y  0.450      SignalP-TM
CP065315.1_2664            0.726  33  0.677  33  0.858  27  0.474   0.602 Y  0.510      SignalP-TM
CP065315.1_2664            0.782  33  0.767  33  0.919  27  0.583   0.695 Y  0.450      SignalP-TM
CP065315.1_2670            0.766  27  0.841  27  0.971  10  0.937   0.878 Y  0.450      SignalP-TM
CP065315.1_2670            0.839  27  0.901  27  0.992  14  0.971   0.934 Y  0.570      SignalP-noTM
CP065315.1_2671            0.314  31  0.396  31  0.840   7  0.630   0.487 Y  0.450      SignalP-TM
CP065315.1_2671            0.746  22  0.606  22  0.744   3  0.551   0.585 Y  0.510      SignalP-TM
CP065315.1_2674            0.186  23  0.324  23  0.838   3  0.656   0.454 Y  0.450      SignalP-TM
CP065315.1_2678            0.441  28  0.631  28  0.939  14  0.876   0.726 Y  0.450      SignalP-TM
CP065315.1_2678            0.860  28  0.902  28  0.979  17  0.945   0.922 Y  0.570      SignalP-noTM
CP065315.1_2684            0.470  28  0.624  28  0.955  10  0.888   0.748 Y  0.570      SignalP-noTM
CP065315.1_2684            0.482  28  0.599  28  0.899  10  0.809   0.681 Y  0.450      SignalP-TM
CP065315.1_2703            0.175  27  0.338  22  0.878   9  0.727   0.490 Y  0.450      SignalP-TM
CP065315.1_2703            0.387  22  0.504  22  0.858   1  0.731   0.611 Y  0.570      SignalP-noTM
CP065315.1_2707            0.469  28  0.626  28  0.967   8  0.887   0.727 Y  0.450      SignalP-TM
CP065315.1_2707            0.522  28  0.641  25  0.982  11  0.941   0.782 Y  0.570      SignalP-noTM
CP065315.1_2719            0.222  29  0.423  29  0.953  17  0.876   0.636 Y  0.570      SignalP-noTM
CP065315.1_2719            0.233  46  0.440  30  0.940  22  0.833   0.593 Y  0.450      SignalP-TM
CP065315.1_2731            0.268  27  0.373  27  0.801   1  0.604   0.463 Y  0.450      SignalP-TM
CP065315.1_2740            0.339  27  0.547  25  0.974   9  0.922   0.693 Y  0.450      SignalP-TM
CP065315.1_2740            0.401  25  0.577  25  0.978  10  0.900   0.729 Y  0.570      SignalP-noTM
CP065315.1_2741            0.155  25  0.371  25  0.976   9  0.920   0.585 Y  0.450      SignalP-TM
CP065315.1_2741            0.616  19  0.775  19  0.984  10  0.970   0.867 Y  0.570      SignalP-noTM
CP065315.1_2748            0.682  28  0.813  28  0.991  13  0.963   0.883 Y  0.570      SignalP-noTM
CP065315.1_2748            0.725  28  0.816  28  0.955  12  0.914   0.854 Y  0.450      SignalP-TM
CP065315.1_2751            0.539  37  0.479  37  0.646  28  0.438   0.463 Y  0.450      SignalP-TM
CP065315.1_2755            0.162  24  0.391  24  0.977  18  0.932   0.602 Y  0.450      SignalP-TM
CP065315.1_2755            0.333  21  0.569  21  0.982  12  0.964   0.755 Y  0.570      SignalP-noTM
CP065315.1_2771            0.202  32  0.411  32  0.909  25  0.782   0.556 Y  0.450      SignalP-TM
CP065315.1_2771            0.237  32  0.459  24  0.965  18  0.930   0.680 Y  0.570      SignalP-noTM
CP065315.1_2779            0.483  28  0.680  28  0.988  13  0.956   0.810 Y  0.570      SignalP-noTM
CP065315.1_2779            0.553  28  0.686  28  0.929  12  0.861   0.754 Y  0.450      SignalP-TM
CP065315.1_2785            0.691  28  0.818  28  0.989  13  0.964   0.887 Y  0.570      SignalP-noTM
CP065315.1_2785            0.767  28  0.846  28  0.964  12  0.929   0.878 Y  0.450      SignalP-TM
CP065315.1_2815            0.254  44  0.273  11  0.821   1  0.728   0.451 Y  0.450      SignalP-TM
CP065315.1_2837            0.547  31  0.560  31  0.791  24  0.501   0.537 Y  0.450      SignalP-TM
CP065315.1_2845            0.380  24  0.592  24  0.964  16  0.934   0.753 Y  0.570      SignalP-noTM
CP065315.1_2845            0.434  26  0.625  26  0.963  14  0.904   0.734 Y  0.450      SignalP-TM
CP065315.1_2853            0.667  24  0.736  24  0.908   6  0.839   0.776 Y  0.450      SignalP-TM
CP065315.1_2853            0.851  24  0.905  24  0.985  10  0.963   0.932 Y  0.570      SignalP-noTM
CP065315.1_2854            0.454  26  0.602  26  0.920   8  0.844   0.696 Y  0.450      SignalP-TM
CP065315.1_2854            0.593  26  0.742  26  0.978  10  0.942   0.836 Y  0.570      SignalP-noTM
CP065315.1_2860            0.407  28  0.615  28  0.966  14  0.925   0.761 Y  0.570      SignalP-noTM
CP065315.1_2860            0.563  28  0.732  28  0.976  22  0.922   0.806 Y  0.450      SignalP-TM
CP065315.1_2875            0.204  40  0.387  40  0.916  15  0.772   0.537 Y  0.450      SignalP-TM
CP065315.1_2880            0.202  35  0.353  35  0.844   7  0.704   0.490 Y  0.450      SignalP-TM
CP065315.1_2882            0.147  35  0.279  15  0.837   9  0.775   0.472 Y  0.450      SignalP-TM
CP065315.1_2884            0.532  22  0.699  22  0.971  19  0.896   0.776 Y  0.450      SignalP-TM
CP065315.1_2884            0.715  22  0.831  22  0.978  19  0.957   0.890 Y  0.570      SignalP-noTM
CP065315.1_291             0.395  21  0.613  21  0.967  10  0.950   0.771 Y  0.570      SignalP-noTM
CP065315.1_291             0.398  29  0.547  29  0.931  18  0.830   0.657 Y  0.450      SignalP-TM
CP065315.1_2915            0.594  39  0.526  39  0.689  10  0.489   0.511 Y  0.450      SignalP-TM
CP065315.1_2948            0.397  27  0.580  27  0.965   6  0.895   0.703 Y  0.450      SignalP-TM
CP065315.1_2948            0.789  27  0.849  27  0.980  12  0.942   0.893 Y  0.570      SignalP-noTM
CP065315.1_3031            0.157  44  0.337  22  0.952   9  0.873   0.589 Y  0.570      SignalP-noTM
CP065315.1_3031            0.164  29  0.330  26  0.894  16  0.797   0.512 Y  0.450      SignalP-TM
CP065315.1_3041            0.134  48  0.290  13  0.885   9  0.829   0.500 Y  0.450      SignalP-TM
CP065315.1_3047            0.565  27  0.734  27  0.974  16  0.919   0.806 Y  0.450      SignalP-TM
CP065315.1_3047            0.678  27  0.815  27  0.993  14  0.961   0.883 Y  0.570      SignalP-noTM
CP065315.1_3048            0.652  28  0.775  28  0.972  17  0.913   0.829 Y  0.450      SignalP-TM
CP065315.1_3048            0.724  28  0.802  28  0.980  16  0.915   0.855 Y  0.570      SignalP-noTM
CP065315.1_3062            0.242  23  0.480  20  0.972  18  0.953   0.702 Y  0.570      SignalP-noTM
CP065315.1_3062            0.331  29  0.482  29  0.851   6  0.745   0.584 Y  0.450      SignalP-TM
CP065315.1_3092            0.309  27  0.432  27  0.824  10  0.619   0.505 Y  0.450      SignalP-TM
CP065315.1_3133            0.676  30  0.747  30  0.971  17  0.892   0.803 Y  0.450      SignalP-TM
CP065315.1_3133            0.682  28  0.792  28  0.992  13  0.951   0.867 Y  0.570      SignalP-noTM
CP065315.1_3141            0.274  27  0.460  27  0.905  14  0.785   0.587 Y  0.450      SignalP-TM
CP065315.1_3141            0.602  24  0.764  24  0.981  14  0.966   0.859 Y  0.570      SignalP-noTM
CP065315.1_3156            0.239  24  0.434  24  0.892   7  0.820   0.584 Y  0.450      SignalP-TM
CP065315.1_3156            0.278  22  0.510  22  0.958  19  0.937   0.711 Y  0.570      SignalP-noTM
CP065315.1_3181            0.155  28  0.280  11  0.780   1  0.731   0.456 Y  0.450      SignalP-TM
CP065315.1_3183            0.239  30  0.433  30  0.896  15  0.790   0.572 Y  0.450      SignalP-TM
CP065315.1_3183            0.451  30  0.657  30  0.978  15  0.937   0.789 Y  0.570      SignalP-noTM
CP065315.1_3185            0.439  23  0.535  23  0.770  20  0.641   0.576 Y  0.450      SignalP-TM
CP065315.1_3188            0.453  27  0.633  27  0.992  18  0.925   0.771 Y  0.570      SignalP-noTM
CP065315.1_3188            0.587  27  0.720  27  0.966  17  0.906   0.793 Y  0.450      SignalP-TM
CP065315.1_3192            0.386  28  0.567  28  0.974  18  0.896   0.721 Y  0.570      SignalP-noTM
CP065315.1_3192            0.500  28  0.685  28  0.977  18  0.935   0.783 Y  0.450      SignalP-TM
CP065315.1_3198            0.542  24  0.666  24  0.945   6  0.857   0.740 Y  0.450      SignalP-TM
CP065315.1_3198            0.829  24  0.897  24  0.991  12  0.968   0.930 Y  0.570      SignalP-noTM
CP065315.1_3199            0.277  31  0.503  31  0.997  15  0.951   0.714 Y  0.570      SignalP-noTM
CP065315.1_3199            0.677  31  0.744  31  0.910   7  0.853   0.786 Y  0.450      SignalP-TM
CP065315.1_3238            0.348  29  0.459  29  0.966  15  0.804   0.621 Y  0.570      SignalP-noTM
CP065315.1_3238            0.826  29  0.846  29  0.963  16  0.902   0.868 Y  0.450      SignalP-TM
CP065315.1_324             0.224  31  0.410  31  0.989  18  0.877   0.630 Y  0.570      SignalP-noTM
CP065315.1_324             0.295  33  0.501  33  0.971  20  0.869   0.644 Y  0.450      SignalP-TM
CP065315.1_3242            0.150  67  0.274  11  0.837  10  0.763   0.465 Y  0.450      SignalP-TM
CP065315.1_3255            0.427  27  0.629  27  0.970  16  0.930   0.746 Y  0.450      SignalP-TM
CP065315.1_3255            0.529  27  0.705  27  0.982  12  0.954   0.822 Y  0.570      SignalP-noTM
CP065315.1_3330            0.655  29  0.784  29  0.965  12  0.930   0.841 Y  0.450      SignalP-TM
CP065315.1_3330            0.843  29  0.906  29  0.995  15  0.971   0.937 Y  0.570      SignalP-noTM
CP065315.1_335             0.498  44  0.645  44  0.946  31  0.641   0.644 Y  0.450      SignalP-TM
CP065315.1_335             0.802  44  0.789  44  0.880  37  0.540   0.697 Y  0.510      SignalP-TM
CP065315.1_3350            0.341  38  0.486  38  0.956  24  0.820   0.616 Y  0.450      SignalP-TM
CP065315.1_3350            0.355  28  0.588  28  0.992  13  0.964   0.765 Y  0.570      SignalP-noTM
CP065315.1_3353            0.259  22  0.473  22  0.946   6  0.887   0.634 Y  0.450      SignalP-TM
CP065315.1_3353            0.350  22  0.564  22  0.948   1  0.916   0.730 Y  0.570      SignalP-noTM
CP065315.1_3354            0.410  20  0.637  20  0.994  11  0.982   0.799 Y  0.570      SignalP-noTM
CP065315.1_3354            0.445  37  0.562  37  0.931   3  0.839   0.670 Y  0.450      SignalP-TM
CP065315.1_3362            0.588  27  0.716  27  0.987  12  0.926   0.815 Y  0.570      SignalP-noTM
CP065315.1_3362            0.618  27  0.755  27  0.986  16  0.944   0.829 Y  0.450      SignalP-TM
CP065315.1_3364            0.446  23  0.600  23  0.932   8  0.847   0.697 Y  0.450      SignalP-TM
CP065315.1_3364            0.749  23  0.858  23  0.993  14  0.974   0.913 Y  0.570      SignalP-noTM
CP065315.1_3366            0.822  26  0.883  26  0.988  20  0.954   0.916 Y  0.570      SignalP-noTM
CP065315.1_3366            0.834  26  0.883  26  0.970  16  0.921   0.898 Y  0.450      SignalP-TM
CP065315.1_3367            0.268  23  0.474  23  0.922  17  0.859   0.624 Y  0.450      SignalP-TM
CP065315.1_3367            0.529  22  0.702  22  0.947  19  0.922   0.805 Y  0.570      SignalP-noTM
CP065315.1_3376            0.692  39  0.573  39  0.827   2  0.584   0.577 Y  0.450      SignalP-TM
CP065315.1_3378            0.142  59  0.289  16  0.896  12  0.844   0.505 Y  0.450      SignalP-TM
CP065315.1_338             0.783  25  0.855  25  0.956   8  0.933   0.886 Y  0.450      SignalP-TM
CP065315.1_338             0.862  25  0.908  25  0.988  12  0.960   0.933 Y  0.570      SignalP-noTM
CP065315.1_3383            0.446  30  0.554  30  0.851  13  0.738   0.626 Y  0.450      SignalP-TM
CP065315.1_3383            0.668  28  0.787  28  0.973  18  0.941   0.859 Y  0.570      SignalP-noTM
CP065315.1_339             0.560  24  0.716  24  0.975   6  0.935   0.801 Y  0.450      SignalP-TM
CP065315.1_339             0.786  24  0.868  24  0.980   8  0.959   0.911 Y  0.570      SignalP-noTM
CP065315.1_3394            0.237  26  0.453  26  0.950  17  0.879   0.619 Y  0.450      SignalP-TM
CP065315.1_3394            0.651  22  0.788  22  0.971  18  0.955   0.866 Y  0.570      SignalP-noTM
CP065315.1_340             0.564  25  0.732  25  0.973  17  0.932   0.810 Y  0.450      SignalP-TM
CP065315.1_340             0.800  25  0.884  25  0.993  15  0.969   0.924 Y  0.570      SignalP-noTM
CP065315.1_3400            0.505  26  0.671  26  0.940   8  0.906   0.762 Y  0.450      SignalP-TM
CP065315.1_3400            0.761  26  0.837  26  0.982  11  0.944   0.887 Y  0.570      SignalP-noTM
CP065315.1_3402            0.413  21  0.614  21  0.955  11  0.916   0.756 Y  0.570      SignalP-noTM
CP065315.1_3402            0.529  24  0.666  24  0.934  18  0.853   0.739 Y  0.450      SignalP-TM
CP065315.1_3403            0.563  25  0.740  25  0.992  18  0.969   0.848 Y  0.570      SignalP-noTM
CP065315.1_3403            0.679  25  0.802  25  0.979  18  0.951   0.860 Y  0.450      SignalP-TM
CP065315.1_3408            0.370  33  0.432  23  0.937  13  0.870   0.638 Y  0.570      SignalP-noTM
CP065315.1_3408            0.527  33  0.481  33  0.807   5  0.621   0.536 Y  0.450      SignalP-TM
CP065315.1_3448            0.261  23  0.486  23  0.960  19  0.902   0.681 Y  0.570      SignalP-noTM
CP065315.1_3448            0.308  51  0.477  26  0.865  13  0.787   0.598 Y  0.450      SignalP-TM
CP065315.1_3452            0.213  31  0.390  31  0.947  15  0.835   0.563 Y  0.450      SignalP-TM
CP065315.1_3452            0.534  21  0.707  21  0.967   8  0.940   0.817 Y  0.570      SignalP-noTM
CP065315.1_3472            0.345  27  0.453  27  0.844   7  0.677   0.540 Y  0.450      SignalP-TM
CP065315.1_3519            0.224  25  0.415  25  0.922   4  0.825   0.575 Y  0.450      SignalP-TM
CP065315.1_3519            0.264  25  0.462  25  0.959  10  0.877   0.657 Y  0.570      SignalP-noTM
CP065315.1_3527            0.652  24  0.780  24  0.966  16  0.923   0.836 Y  0.450      SignalP-TM
CP065315.1_3527            0.848  24  0.909  24  0.992  12  0.968   0.937 Y  0.570      SignalP-noTM
CP065315.1_3577            0.221  34  0.414  23  0.928  22  0.885   0.598 Y  0.450      SignalP-TM
CP065315.1_3577            0.369  23  0.590  23  0.966  21  0.939   0.754 Y  0.570      SignalP-noTM
CP065315.1_3584            0.441  25  0.621  25  0.965   9  0.900   0.730 Y  0.450      SignalP-TM
CP065315.1_3584            0.829  25  0.885  25  0.981  11  0.949   0.915 Y  0.570      SignalP-noTM
CP065315.1_3598            0.282  33  0.445  33  0.962  21  0.842   0.600 Y  0.450      SignalP-TM
CP065315.1_3598            0.345  23  0.581  23  0.989  21  0.965   0.761 Y  0.570      SignalP-noTM
CP065315.1_3610            0.731  25  0.781  25  0.889  14  0.814   0.794 Y  0.450      SignalP-TM
CP065315.1_3610            0.846  25  0.880  25  0.988  12  0.940   0.908 Y  0.570      SignalP-noTM
CP065315.1_3611            0.237  44  0.374  34  0.883  27  0.708   0.504 Y  0.450      SignalP-TM
CP065315.1_3618            0.390  38  0.436  38  0.765   8  0.573   0.490 Y  0.450      SignalP-TM
CP065315.1_3630            0.528  39  0.601  39  0.798  28  0.639   0.616 Y  0.450      SignalP-TM
CP065315.1_3630            0.879  39  0.827  39  0.949  26  0.714   0.774 Y  0.570      SignalP-noTM
CP065315.1_376             0.306  28  0.499  28  0.962  12  0.887   0.681 Y  0.570      SignalP-noTM
CP065315.1_376             0.396  31  0.494  31  0.904  11  0.741   0.590 Y  0.450      SignalP-TM
CP065315.1_400             0.249  29  0.429  29  0.936   7  0.828   0.585 Y  0.450      SignalP-TM
CP065315.1_400             0.330  25  0.554  25  0.976  18  0.942   0.736 Y  0.570      SignalP-noTM
CP065315.1_402             0.422  31  0.486  31  0.728   7  0.606   0.533 Y  0.450      SignalP-TM
CP065315.1_424             0.320  27  0.470  22  0.975  10  0.944   0.692 Y  0.570      SignalP-noTM
CP065315.1_424             0.372  27  0.519  27  0.926   4  0.808   0.632 Y  0.450      SignalP-TM
CP065315.1_467             0.354  23  0.532  23  0.942   4  0.848   0.655 Y  0.450      SignalP-TM
CP065315.1_467             0.389  23  0.598  23  0.969  10  0.936   0.757 Y  0.570      SignalP-noTM
CP065315.1_468             0.299  34  0.433  34  0.833  27  0.623   0.507 Y  0.450      SignalP-TM
CP065315.1_530             0.450  28  0.634  28  0.959  14  0.916   0.766 Y  0.570      SignalP-noTM
CP065315.1_530             0.651  28  0.744  28  0.919  24  0.805   0.768 Y  0.450      SignalP-TM
CP065315.1_532             0.699  28  0.768  28  0.965  13  0.886   0.814 Y  0.450      SignalP-TM
CP065315.1_532             0.834  28  0.884  28  0.990  13  0.956   0.918 Y  0.570      SignalP-noTM
CP065315.1_533             0.548  31  0.709  31  0.984  17  0.934   0.797 Y  0.450      SignalP-TM
CP065315.1_533             0.834  31  0.886  31  0.997  18  0.949   0.916 Y  0.570      SignalP-noTM
CP065315.1_539             0.157  33  0.309  26  0.794  16  0.687   0.456 Y  0.450      SignalP-TM
CP065315.1_541             0.289  24  0.491  24  0.880   9  0.831   0.623 Y  0.450      SignalP-TM
CP065315.1_541             0.340  24  0.552  24  0.941  10  0.911   0.721 Y  0.570      SignalP-noTM
CP065315.1_542             0.291  26  0.525  26  0.964  17  0.922   0.680 Y  0.450      SignalP-TM
CP065315.1_542             0.295  27  0.521  24  0.979  10  0.954   0.724 Y  0.570      SignalP-noTM
CP065315.1_543             0.350  27  0.499  27  0.984  10  0.848   0.663 Y  0.570      SignalP-noTM
CP065315.1_543             0.456  27  0.640  27  0.972  17  0.917   0.748 Y  0.450      SignalP-TM
CP065315.1_548             0.241  36  0.411  30  0.992  17  0.951   0.622 Y  0.450      SignalP-TM
CP065315.1_548             0.363  22  0.597  22  0.988  12  0.964   0.770 Y  0.570      SignalP-noTM
CP065315.1_552             0.435  37  0.603  35  0.928  31  0.697   0.640 Y  0.450      SignalP-TM
CP065315.1_553             0.328  35  0.489  35  0.950  14  0.836   0.624 Y  0.450      SignalP-TM
CP065315.1_553             0.543  23  0.713  23  0.964  17  0.915   0.808 Y  0.570      SignalP-noTM
CP065315.1_580             0.556  30  0.672  30  0.950  21  0.855   0.744 Y  0.450      SignalP-TM
CP065315.1_580             0.743  28  0.832  28  0.988  12  0.951   0.888 Y  0.570      SignalP-noTM
CP065315.1_594             0.390  33  0.613  29  0.993  16  0.964   0.778 Y  0.570      SignalP-noTM
CP065315.1_594             0.407  33  0.572  33  0.954  25  0.840   0.676 Y  0.450      SignalP-TM
CP065315.1_603             0.144  31  0.339  23  0.955  20  0.871   0.546 Y  0.450      SignalP-TM
CP065315.1_603             0.168  23  0.404  23  0.984  14  0.966   0.668 Y  0.570      SignalP-noTM
CP065315.1_612             0.600  24  0.763  24  0.987  22  0.955   0.853 Y  0.570      SignalP-noTM
CP065315.1_612             0.699  26  0.803  26  0.961  23  0.906   0.843 Y  0.450      SignalP-TM
CP065315.1_618             0.169  36  0.280  12  0.838   8  0.788   0.478 Y  0.450      SignalP-TM
CP065315.1_632             0.198  22  0.395  22  0.868  18  0.787   0.548 Y  0.450      SignalP-TM
CP065315.1_632             0.705  22  0.771  22  0.920  18  0.853   0.809 Y  0.570      SignalP-noTM
CP065315.1_639             0.386  23  0.557  23  0.865   9  0.808   0.655 Y  0.450      SignalP-TM
CP065315.1_639             0.485  23  0.664  23  0.949  15  0.914   0.782 Y  0.570      SignalP-noTM
CP065315.1_651             0.186  27  0.396  27  0.953   7  0.890   0.589 Y  0.450      SignalP-TM
CP065315.1_651             0.231  24  0.454  24  0.958  13  0.920   0.673 Y  0.570      SignalP-noTM
CP065315.1_673             0.341  25  0.520  25  0.910   8  0.812   0.634 Y  0.450      SignalP-TM
CP065315.1_673             0.431  24  0.625  24  0.966  20  0.904   0.756 Y  0.570      SignalP-noTM
CP065315.1_675             0.123  52  0.282  14  0.838   8  0.793   0.481 Y  0.450      SignalP-TM
CP065315.1_676             0.240  42  0.407  26  0.967  21  0.928   0.610 Y  0.450      SignalP-TM
CP065315.1_676             0.451  26  0.634  26  0.975  21  0.922   0.769 Y  0.570      SignalP-noTM
CP065315.1_688             0.752  25  0.839  25  0.986  12  0.948   0.890 Y  0.570      SignalP-noTM
CP065315.1_688             0.753  25  0.838  25  0.964  10  0.933   0.875 Y  0.450      SignalP-TM
CP065315.1_696             0.259  31  0.483  31  0.988  17  0.943   0.663 Y  0.450      SignalP-TM
CP065315.1_696             0.665  22  0.809  22  0.987  13  0.977   0.888 Y  0.570      SignalP-noTM
CP065315.1_717             0.297  30  0.438  30  0.874   7  0.743   0.557 Y  0.450      SignalP-TM
CP065315.1_72              0.228  56  0.367  21  0.812  19  0.623   0.467 Y  0.450      SignalP-TM
CP065315.1_743             0.386  27  0.573  27  0.962   8  0.886   0.695 Y  0.450      SignalP-TM
CP065315.1_743             0.794  27  0.854  27  0.982  16  0.941   0.895 Y  0.570      SignalP-noTM
CP065315.1_746             0.224  34  0.319  24  0.803  18  0.713   0.472 Y  0.450      SignalP-TM
CP065315.1_746             0.254  22  0.444  22  0.884   5  0.808   0.615 Y  0.570      SignalP-noTM
CP065315.1_75              0.358  22  0.572  22  0.958  14  0.896   0.699 Y  0.450      SignalP-TM
CP065315.1_75              0.774  22  0.869  22  0.982  20  0.961   0.912 Y  0.570      SignalP-noTM
CP065315.1_761             0.173  26  0.377  26  0.971  18  0.873   0.610 Y  0.570      SignalP-noTM
CP065315.1_761             0.180  44  0.365  26  0.943  18  0.851   0.554 Y  0.450      SignalP-TM
CP065315.1_763             0.247  21  0.458  21  0.920   3  0.865   0.649 Y  0.570      SignalP-noTM
CP065315.1_778             0.295  39  0.483  39  0.863  33  0.674   0.557 Y  0.450      SignalP-TM
CP065315.1_824             0.135  24  0.280  14  0.855   8  0.777   0.474 Y  0.450      SignalP-TM
CP065315.1_830             0.279  24  0.438  22  0.865  18  0.688   0.535 Y  0.450      SignalP-TM
CP065315.1_830             0.549  22  0.697  22  0.925  18  0.881   0.783 Y  0.570      SignalP-noTM
CP065315.1_831             0.459  34  0.518  34  0.775  25  0.582   0.543 Y  0.450      SignalP-TM
CP065315.1_855             0.369  25  0.555  25  0.899  21  0.829   0.662 Y  0.450      SignalP-TM
CP065315.1_855             0.490  25  0.682  25  0.976  20  0.946   0.806 Y  0.570      SignalP-noTM
CP065315.1_873             0.449  46  0.399  46  0.846   7  0.587   0.472 Y  0.450      SignalP-TM
CP065315.1_878             0.229  22  0.458  20  0.939  12  0.920   0.638 Y  0.450      SignalP-TM
CP065315.1_878             0.458  22  0.668  22  0.994  17  0.969   0.810 Y  0.570      SignalP-noTM
CP065315.1_891             0.690  28  0.784  28  0.940  12  0.881   0.822 Y  0.450      SignalP-TM
CP065315.1_891             0.706  28  0.824  28  0.989  13  0.959   0.888 Y  0.570      SignalP-noTM
CP065315.1_896             0.548  26  0.704  26  0.961  16  0.904   0.782 Y  0.450      SignalP-TM
CP065315.1_896             0.780  26  0.801  26  0.968  10  0.893   0.844 Y  0.570      SignalP-noTM
CP065315.1_920             0.759  29  0.842  29  0.961  23  0.938   0.879 Y  0.450      SignalP-TM
CP065315.1_920             0.792  29  0.865  29  0.989  13  0.962   0.911 Y  0.570      SignalP-noTM
CP065315.1_93              0.729  28  0.839  28  0.981  17  0.961   0.887 Y  0.450      SignalP-TM
CP065315.1_93              0.896  28  0.936  28  0.992  17  0.974   0.954 Y  0.570      SignalP-noTM
CP065315.1_944             0.450  33  0.599  33  0.984  19  0.889   0.712 Y  0.450      SignalP-TM
CP065315.1_944             0.587  22  0.758  22  0.987  21  0.977   0.861 Y  0.570      SignalP-noTM
CP065315.1_945             0.646  25  0.772  25  0.938  22  0.903   0.823 Y  0.450      SignalP-TM
CP065315.1_945             0.745  25  0.841  25  0.975  11  0.946   0.890 Y  0.570      SignalP-noTM
CP065315.1_959             0.689  28  0.818  28  0.991  13  0.963   0.886 Y  0.570      SignalP-noTM
CP065315.1_959             0.751  28  0.827  28  0.946  12  0.896   0.854 Y  0.450      SignalP-TM
