#                                                                            --- full sequence --- -------------- this domain -------------   hmm coord   ali coord   env coord
# target name        accession   tlen query name           accession   qlen   E-value  score  bias   #  of  c-Evalue  i-Evalue  score  bias  from    to  from    to  from    to  acc description of target
#------------------- ---------- ----- -------------------- ---------- ----- --------- ------ ----- --- --- --------- --------- ------ ----- ----- ----- ----- ----- ----- ----- ---- ---------------------
GT83.hmm             -            540 CP065318.1_8         -            188     0.031    8.2   2.3   1   1   5.2e-05     0.037    8.0   2.3   387   530     8   166     1   177 0.61 -
GH68.hmm             -            417 CP065318.1_9         -            580    5e-146  482.5  16.1   1   1  8.3e-149  5.8e-146  482.3  16.1     8   417     1   441     1   441 0.98 -
GH116.hmm            -            363 CP065318.1_11        -            360   0.00014   16.5   0.1   1   1   3.3e-07   0.00023   15.7   0.1   224   270   308   358   244   359 0.79 -
CE1.hmm              -            227 CP065318.1_19        -            286   7.7e-12   40.8   0.1   1   1   1.5e-13   3.4e-11   38.7   0.1    17   220    43   275    30   282 0.68 -
CE7.hmm              -            313 CP065318.1_19        -            286   0.00094   13.5   0.3   1   3    0.0031      0.73    4.0   0.0    77   127    49   105    43   109 0.73 -
CE7.hmm              -            313 CP065318.1_19        -            286   0.00094   13.5   0.3   2   3    0.0003     0.071    7.4   0.0   158   191   108   141   105   179 0.81 -
CE7.hmm              -            313 CP065318.1_19        -            286   0.00094   13.5   0.3   3   3      0.31        71   -2.5   0.0   256   284   217   245   208   268 0.71 -
CE13.hmm             -            355 CP065318.1_19        -            286    0.0023   12.4   0.0   1   1   1.5e-05    0.0035   11.8   0.0   116   186    90   165    85   280 0.70 -
GH13_37.hmm          -            320 CP065318.1_67        -            143    0.0012   13.2   0.0   1   1   1.8e-06    0.0013   13.1   0.0   235   289    72   128    28   138 0.81 -
GT8.hmm              -            257 CP065318.1_73        -            283     6e-42  139.5   6.1   1   1     2e-44     7e-42  139.3   6.1    31   254     2   247     1   250 0.88 -
GT24.hmm             -            248 CP065318.1_73        -            283   8.3e-07   24.0   0.2   1   1   3.3e-09   1.2e-06   23.5   0.2    15   128    14   127     3   177 0.82 -
GT51.hmm             -            177 CP065318.1_89        -            755   7.9e-64  209.8   1.1   1   2   3.9e-66   2.7e-63  208.0   1.3     2   177    77   257    76   257 0.93 -
GT51.hmm             -            177 CP065318.1_89        -            755   7.9e-64  209.8   1.1   2   2      0.19   1.3e+02   -2.6   0.0    64    78   613   627   599   635 0.76 -
GH36.hmm             -            688 CP065318.1_99        -            730  3.4e-278  920.2   0.1   1   1  1.7e-280  3.9e-278  920.1   0.1     1   686    10   709    10   711 0.99 -
GH13_3.hmm           -            210 CP065318.1_99        -            730   7.1e-05   17.8   0.0   1   1   7.5e-07   0.00017   16.5   0.0    52    98   393   439   377   462 0.90 -
GH13_9.hmm           -            301 CP065318.1_99        -            730    0.0022   12.6   0.1   1   1   2.3e-05    0.0053   11.4   0.1    45   181   394   522   389   524 0.80 -
GH4.hmm              -            179 CP065318.1_102       -            325    0.0032   12.4   0.0   1   1     1e-05    0.0071   11.2   0.0   117   163    97   145    91   154 0.88 -
GT39.hmm             -            223 CP065318.1_150       -             64    0.0033   12.4   2.2   1   1   4.4e-06    0.0031   12.5   2.2   150   198     3    55     1    63 0.76 -
GT66.hmm             -            693 CP065318.1_154       -            108     0.002   11.9  16.2   1   1   3.3e-06    0.0023   11.7  16.2   205   304     8   102     6   107 0.72 -
CE3.hmm              -            194 CP065318.1_168       -            309   2.2e-11   39.4   7.8   1   2     4e-09   1.4e-06   23.8   3.3     1   162    49   224    49   240 0.76 -
CE3.hmm              -            194 CP065318.1_168       -            309   2.2e-11   39.4   7.8   2   2   1.5e-06   0.00053   15.4   0.5   140   191   240   294   221   297 0.57 -
CE2.hmm              -            209 CP065318.1_168       -            309   8.4e-09   31.0   9.4   1   3     0.021       7.3    1.8   0.0     3    18    52    67    50    71 0.80 -
CE2.hmm              -            209 CP065318.1_168       -            309   8.4e-09   31.0   9.4   2   3   2.7e-09   9.4e-07   24.3   0.0    75   145   101   182    70   190 0.88 -
CE2.hmm              -            209 CP065318.1_168       -            309   8.4e-09   31.0   9.4   3   3    0.0011      0.37    6.0   4.0    93   207   191   295   182   297 0.50 -
GT41.hmm             -            705 CP065318.1_175       -            422   6.6e-17   56.7  10.5   1   3     9e-11   6.3e-08   27.0   0.2    39   211    21   194     2   197 0.81 -
GT41.hmm             -            705 CP065318.1_175       -            422   6.6e-17   56.7  10.5   2   3   1.1e-07   7.9e-05   16.7   0.4    89   191   176   267   166   271 0.82 -
GT41.hmm             -            705 CP065318.1_175       -            422   6.6e-17   56.7  10.5   3   3   1.8e-11   1.3e-08   29.3   5.3    56   191   210   369   201   406 0.91 -
GT2_Glyco_tranf_2_5.hmm PF13712.5    210 CP065318.1_236       -            104    0.0011   14.1   0.0   1   1   1.6e-06    0.0011   14.1   0.0   141   194    40    93     1   101 0.73 Glycosyltransferase like family
GH5_20.hmm           -            344 CP065318.1_250       -             97    0.0066   11.1   0.3   1   1     1e-05    0.0072   11.0   0.3   206   262    26    83    14    93 0.80 -
PL21_1.hmm           -             72 CP065318.1_281       -            351    0.0036   12.6   0.0   1   1   1.6e-05     0.011   11.0   0.0    25    48   218   241   214   245 0.90 -
AA3_1.hmm            -            548 CP065318.1_289       -            476   6.4e-08   27.0   1.1   1   2   3.6e-10   6.4e-08   27.0   1.1    15    52     5    42     1    46 0.91 -
AA3_1.hmm            -            548 CP065318.1_289       -            476   6.4e-08   27.0   1.1   2   2     0.038       6.6    0.5   0.2    18    48   186   216   179   265 0.86 -
AA3.hmm              -            618 CP065318.1_289       -            476     2e-05   18.6   0.7   1   2   1.1e-06   0.00019   15.3   0.0    88   122     5    41     1   112 0.81 -
AA3.hmm              -            618 CP065318.1_289       -            476     2e-05   18.6   0.7   2   2     0.013       2.3    1.8   0.1    91   118   186   215   170   278 0.80 -
GH5_42.hmm           -            254 CP065318.1_289       -            476    0.0064   11.4   0.1   1   3     0.054       9.5    1.0   0.2   118   155    77   114    71   124 0.91 -
GH5_42.hmm           -            254 CP065318.1_289       -            476    0.0064   11.4   0.1   2   3    0.0063       1.1    4.1   0.0   147   215   252   319   209   331 0.83 -
GH5_42.hmm           -            254 CP065318.1_289       -            476    0.0064   11.4   0.1   3   3     0.027       4.6    2.0   0.0    58   105   365   412   360   420 0.84 -
AA3_2.hmm            -            568 CP065318.1_289       -            476     0.031    8.3   5.2   1   2   3.3e-05    0.0057   10.8   0.9     4    36     8    39     6    48 0.90 -
AA3_2.hmm            -            568 CP065318.1_289       -            476     0.031    8.3   5.2   2   2      0.15        26   -1.3   0.2     6    35   188   216   186   263 0.78 -
CBM50.hmm            -             40 CP065318.1_299       -            488   6.9e-31  101.8   1.6   1   2   2.2e-15   1.5e-12   43.1   0.1     2    40    48    95    48    95 0.88 -
CBM50.hmm            -             40 CP065318.1_299       -            488   6.9e-31  101.8   1.6   2   2   8.8e-20   6.1e-17   57.2   0.1     1    39   111   153   111   153 0.88 -
GT41.hmm             -            705 CP065318.1_317       -            228   1.3e-12   42.4   0.5   1   1   6.4e-14   4.5e-11   37.4   0.5    63   218    12   193     5   224 0.82 -
GH4.hmm              -            179 CP065318.1_331       -            416    0.0038   12.1   0.4   1   4      0.13        92   -2.2   0.0    69    95    36    62    28    71 0.73 -
GH4.hmm              -            179 CP065318.1_331       -            416    0.0038   12.1   0.4   2   4   3.2e-05     0.023    9.6   0.0    54    86    79   111    67   122 0.85 -
GH4.hmm              -            179 CP065318.1_331       -            416    0.0038   12.1   0.4   3   4      0.15     1e+02   -2.3   0.0    61    80   176   195   154   199 0.78 -
GH4.hmm              -            179 CP065318.1_331       -            416    0.0038   12.1   0.4   4   4      0.29     2e+02   -3.3   0.0    29    45   260   277   253   316 0.52 -
GT28.hmm             -            157 CP065318.1_334       -            371     1e-50  167.0   0.3   1   1   1.1e-52   1.9e-50  166.1   0.3     1   157   189   353   189   353 0.96 -
GT1.hmm              -            382 CP065318.1_334       -            371   5.7e-14   48.3   0.0   1   2       0.2        35   -0.2   0.0     3    58     3    58     1   130 0.81 -
GT1.hmm              -            382 CP065318.1_334       -            371   5.7e-14   48.3   0.0   2   2   1.3e-15   2.3e-13   46.4   0.0   251   379   209   363   136   365 0.87 -
GT19.hmm             -            354 CP065318.1_334       -            371     2e-06   22.0   0.7   1   1   1.1e-07     2e-05   18.8   0.7    61   279    71   288     4   350 0.69 -
GT30.hmm             -            177 CP065318.1_334       -            371   0.00036   15.5   0.0   1   2   3.4e-05     0.006   11.5   0.0    29   115    17   120     9   124 0.69 -
GT30.hmm             -            177 CP065318.1_334       -            371   0.00036   15.5   0.0   2   2       0.7   1.2e+02   -2.5   0.0    70    72   249   251   206   288 0.56 -
GH73.hmm             -            128 CP065318.1_347       -             86   0.00014   17.8   0.2   1   1     2e-07   0.00014   17.8   0.2    60    99    40    79    12    85 0.74 -
GH5_27.hmm           -            324 CP065318.1_361       -            515   2.4e-05   19.1   0.1   1   1   6.9e-08   4.8e-05   18.2   0.1   205   272   225   294   218   310 0.84 -
GH5_31.hmm           -            283 CP065318.1_419       -            211   0.00059   14.6   0.0   1   1   1.1e-06   0.00075   14.3   0.0   144   214    97   168    64   181 0.73 -
GH144.hmm            -            404 CP065318.1_447       -            163    0.0051   11.0   0.0   1   1     1e-05     0.007   10.5   0.0    16    71    85   141    67   149 0.88 -
GT83.hmm             -            540 CP065318.1_468       -            173     0.012    9.5   2.0   1   1   2.1e-05     0.015    9.3   2.0   417   532    14   128     2   144 0.75 -
GH18.hmm             -            296 CP065318.1_478       -            289    0.0016   13.7   0.0   1   2   3.4e-06    0.0024   13.1   0.0   171   211    45   108     8   257 0.71 -
GH18.hmm             -            296 CP065318.1_478       -            289    0.0016   13.7   0.0   2   2      0.16   1.1e+02   -2.3   0.0   194   223   218   252   217   278 0.59 -
CBM50.hmm            -             40 CP065318.1_527       -            204     1e-11   40.5   0.5   1   3   1.5e-14     1e-11   40.5   0.5     1    39    34    79    34    79 0.82 -
CBM50.hmm            -             40 CP065318.1_527       -            204     1e-11   40.5   0.5   2   3      0.59   4.1e+02   -3.1   0.6    22    29    92   101    85   108 0.53 -
CBM50.hmm            -             40 CP065318.1_527       -            204     1e-11   40.5   0.5   3   3      0.11        80   -0.8   0.2    13    27   184   200   182   201 0.65 -
GT68.hmm             -            350 CP065318.1_537       -            132    0.0013   13.7   0.2   1   1   2.3e-06    0.0016   13.4   0.2   251   303    48   105    37   118 0.75 -
AA7.hmm              -            458 CP065318.1_539       -            299   7.8e-06   21.2   0.6   1   1   1.9e-08   1.3e-05   20.4   0.6    18   121    34   138    22   165 0.85 -
CE1.hmm              -            227 CP065318.1_549       -            259   4.1e-09   31.9   0.0   1   1   8.5e-12     6e-09   31.4   0.0   103   208    87   230    12   248 0.78 -
PL6.hmm              -            372 CP065318.1_555       -            402    0.0016   12.7   0.1   1   1   3.7e-06    0.0026   12.0   0.1     4    34    94   124    92   135 0.91 -
AA3_1.hmm            -            548 CP065318.1_573       -            311   3.3e-11   37.8   4.0   1   2   1.8e-11   3.2e-09   31.3   0.1    12    49     2    39     1    79 0.83 -
AA3_1.hmm            -            548 CP065318.1_573       -            311   3.3e-11   37.8   4.0   2   2   0.00024     0.042    7.8   0.4   213   248   189   227   171   237 0.80 -
AA3.hmm              -            618 CP065318.1_573       -            311   1.3e-07   25.8   0.1   1   1   1.2e-09     2e-07   25.1   0.1    86   122     3    41     1   276 0.84 -
AA3_2.hmm            -            568 CP065318.1_573       -            311   2.5e-06   21.9   0.4   1   3   1.4e-08   2.5e-06   21.9   0.4     1    60     5    66     5    87 0.76 -
AA3_2.hmm            -            568 CP065318.1_573       -            311   2.5e-06   21.9   0.4   2   3      0.22        39   -1.9   0.2     6    31   150   176   149   180 0.83 -
AA3_2.hmm            -            568 CP065318.1_573       -            311   2.5e-06   21.9   0.4   3   3     0.015       2.6    2.0   0.4   217   254   191   227   162   236 0.83 -
AA3_4.hmm            -            549 CP065318.1_573       -            311   0.00064   13.9   0.1   1   1   5.7e-06     0.001   13.3   0.1     2    34     6    38     5    51 0.93 -
GH4.hmm              -            179 CP065318.1_578       -            339   2.2e-06   22.6   0.0   1   1   7.6e-09   5.3e-06   21.4   0.0     1    92     4    91     4    98 0.76 -
PL32.hmm             -            620 CP065318.1_580       -            321    0.0028   11.4   0.0   1   1   5.7e-06     0.004   10.9   0.0   225   318   176   270   163   298 0.83 -
GH109.hmm            -            399 CP065318.1_600       -            215   4.8e-05   17.5   0.0   1   1     8e-08   5.6e-05   17.3   0.0     5    86    83   155    79   208 0.80 -
GH109.hmm            -            399 CP065318.1_607       -            258    0.0028   11.7   0.0   1   1   5.4e-06    0.0038   11.3   0.0     7    48     2    43     1   111 0.86 -
GT83.hmm             -            540 CP065318.1_632       -            204         8    0.2  24.9   1   1     0.015        10   -0.1  24.9   124   235    84   194    81   201 0.84 -
GT19.hmm             -            354 CP065318.1_640       -            374   9.9e-07   23.1   0.5   1   3     0.097        68   -2.7   0.0    71   255    78   106    35   111 0.60 -
GT19.hmm             -            354 CP065318.1_640       -            374   9.9e-07   23.1   0.5   2   3   3.3e-09   2.3e-06   21.9   0.0   148   279   163   301   154   307 0.80 -
GT19.hmm             -            354 CP065318.1_640       -            374   9.9e-07   23.1   0.5   3   3      0.16   1.1e+02   -3.4   0.1   321   344   323   346   321   348 0.82 -
GT2_Glyco_tranf_2_3.hmm PF13641.5    230 CP065318.1_641       -            434     3e-30  101.2   0.1   1   1   4.5e-32   3.9e-30  100.8   0.1     4   229    54   286    51   287 0.89 Glycosyltransferase like family 2
GT2_Glycos_transf_2.hmm PF00535.25   170 CP065318.1_641       -            434   2.7e-19   65.0   0.1   1   1   6.6e-21   5.7e-19   64.0   0.1     2   136    56   201    55   228 0.77 Glycosyl transferase family 2
GT2_Glyco_trans_2_3.hmm PF13632.5    197 CP065318.1_641       -            434   2.7e-17   58.7  12.2   1   2      0.53        46   -0.8   0.4   159   180     5    26     1    61 0.69 Glycosyl transferase family group 2
GT2_Glyco_trans_2_3.hmm PF13632.5    197 CP065318.1_641       -            434   2.7e-17   58.7  12.2   2   2   3.1e-19   2.7e-17   58.7  12.2     1   188   145   406   145   417 0.77 Glycosyl transferase family group 2
GT81.hmm                -            293 CP065318.1_641       -            434   5.1e-07   24.3   0.0   1   1   8.9e-09   7.7e-07   23.7   0.0    19   105    50   130    41   162 0.72 -
GT27.hmm                -            295 CP065318.1_641       -            434   1.6e-05   19.7   0.1   1   1     3e-07   2.6e-05   19.1   0.1     2    59    56   105    55   119 0.78 -
GT2_Glyco_tranf_2_4.hmm PF13704.5     96 CP065318.1_641       -            434   2.7e-05   20.1   0.1   1   1   6.2e-07   5.5e-05   19.1   0.1     2    66    62   127    61   164 0.71 Glycosyl transferase family 2
GT2_Glyco_tranf_2_2.hmm PF10111.8    276 CP065318.1_641       -            434   0.00018   16.5   0.4   1   2     4e-06   0.00035   15.5   0.0     3    71    57   121    55   132 0.78 Glycosyltransferase like family 2
GT2_Glyco_tranf_2_2.hmm PF10111.8    276 CP065318.1_641       -            434   0.00018   16.5   0.4   2   2       2.2   1.9e+02   -3.3   0.1   210   236   171   193   160   212 0.48 Glycosyltransferase like family 2
GT21.hmm                -            233 CP065318.1_641       -            434    0.0024   12.8   0.1   1   1   4.5e-05    0.0039   12.1   0.1    86   231   142   286    73   287 0.81 -
GH5.hmm              -            275 CP065318.1_661       -            381    0.0017   13.3   0.1   1   1   3.4e-06    0.0023   12.9   0.1    64   128   149   234   106   269 0.69 -
CE1.hmm              -            227 CP065318.1_662       -            289   2.6e-08   29.3   0.0   1   1   1.3e-09     3e-07   25.8   0.0    15   222    45   281    42   285 0.67 -
CE19.hmm             -            332 CP065318.1_662       -            289   0.00019   16.1   0.1   1   2   2.7e-06   0.00064   14.4   0.0    69   185    45   153    19   158 0.78 -
CE19.hmm             -            332 CP065318.1_662       -            289   0.00019   16.1   0.1   2   2      0.48   1.1e+02   -2.9   0.0    84   271   230   266   214   282 0.55 -
CE7.hmm              -            313 CP065318.1_662       -            289   0.00037   14.9   0.4   1   3    0.0055       1.3    3.2   0.0    73   115    44    92    19    98 0.80 -
CE7.hmm              -            313 CP065318.1_662       -            289   0.00037   14.9   0.4   2   3   6.3e-05     0.015    9.6   0.0   158   191   110   143    93   196 0.78 -
CE7.hmm              -            313 CP065318.1_662       -            289   0.00037   14.9   0.4   3   3      0.66   1.5e+02   -3.6   0.0   261   298   227   265   224   273 0.64 -
GH2.hmm              -            752 CP065318.1_665       -            320   3.3e-26   87.4   0.0   1   1   7.7e-29   5.4e-26   86.7   0.0   591   749    12   191     2   194 0.85 -
GH2.hmm              -            752 CP065318.1_666       -            629  1.3e-137  455.7  13.6   1   1  1.2e-139  1.7e-137  455.3  13.6    17   486    30   624    15   626 0.86 -
GH158.hmm            -            132 CP065318.1_666       -            629   1.9e-06   23.3   0.1   1   1   2.8e-08   3.9e-06   22.4   0.1    16   111   365   478   341   492 0.67 -
GH72.hmm             -            312 CP065318.1_666       -            629   0.00027   15.7   0.2   1   1   3.2e-06   0.00045   14.9   0.2    20   158   344   483   330   489 0.75 -
CBM67.hmm            -            176 CP065318.1_666       -            629   0.00063   14.9   0.0   1   1   1.1e-05    0.0015   13.7   0.0    40   121   157   241   118   244 0.66 -
GH106.hmm            -            824 CP065318.1_666       -            629   0.00081   13.0   0.0   1   1   1.1e-05    0.0015   12.1   0.0   713   790   131   210   115   226 0.88 -
GH86.hmm             -            591 CP065318.1_672       -            240    0.0022   12.0   0.0   1   1   3.9e-06    0.0027   11.7   0.0    19   203     8   199     2   207 0.79 -
GH5_27.hmm           -            324 CP065318.1_682       -            515   2.4e-05   19.1   0.1   1   1   6.9e-08   4.8e-05   18.2   0.1   205   272   225   294   218   310 0.84 -
CE9.hmm              -            373 CP065318.1_700       -            413   1.2e-07   26.0   0.1   1   2   1.7e-06    0.0012   12.9   0.1     3    57     5    57     3    67 0.80 -
CE9.hmm              -            373 CP065318.1_700       -            413   1.2e-07   26.0   0.1   2   2     8e-06    0.0056   10.6   0.0   310   362   327   376   321   384 0.82 -
GH120.hmm            -             91 CP065318.1_720       -            596   2.9e-37  122.6  10.8   1   4   8.9e-08   4.4e-06   22.6   0.0    38    85    10    56     4    60 0.89 -
GH120.hmm            -             91 CP065318.1_720       -            596   2.9e-37  122.6  10.8   2   4   1.2e-32   6.2e-31  102.3   2.5     2    91   264   353   263   353 0.99 -
GH120.hmm            -             91 CP065318.1_720       -            596   2.9e-37  122.6  10.8   3   4       4.1     2e+02   -1.9   0.0    37    64   364   391   360   397 0.85 -
GH120.hmm            -             91 CP065318.1_720       -            596   2.9e-37  122.6  10.8   4   4       1.7        86   -0.7   0.1    82    82   500   500   448   529 0.54 -
PL9_2.hmm            -            368 CP065318.1_720       -            596   6.3e-19   63.4   9.2   1   3   6.9e-17   3.5e-15   51.1   0.1     5    80     2    77     1    85 0.94 -
PL9_2.hmm            -            368 CP065318.1_720       -            596   6.3e-19   63.4   9.2   2   3       0.3        15   -0.4   0.0    96   140   197   242   192   251 0.83 -
PL9_2.hmm            -            368 CP065318.1_720       -            596   6.3e-19   63.4   9.2   3   3   2.3e-05    0.0011   13.2   3.4   191   287   261   368   256   383 0.82 -
PL9.hmm              -            374 CP065318.1_720       -            596   1.3e-13   46.3   7.8   1   3   9.1e-15   4.6e-13   44.5   0.1    14   106     2    92     1   123 0.89 -
PL9.hmm              -            374 CP065318.1_720       -            596   1.3e-13   46.3   7.8   2   3    0.0036      0.18    6.3   0.4    97   159   225   302   155   327 0.73 -
PL9.hmm              -            374 CP065318.1_720       -            596   1.3e-13   46.3   7.8   3   3       2.3   1.2e+02   -3.0   0.3   267   312   415   472   409   526 0.50 -
GH141.hmm            -            527 CP065318.1_720       -            596   2.9e-13   44.5   5.7   1   2   3.6e-13   1.8e-11   38.6   0.1     2   117     2   110     1   176 0.87 -
GH141.hmm            -            527 CP065318.1_720       -            596   2.9e-13   44.5   5.7   2   2    0.0024      0.12    6.2   2.5   427   500   229   299   212   354 0.53 -
PL41.hmm             -            309 CP065318.1_720       -            596   1.2e-12   42.7   4.0   1   3   2.8e-13   1.4e-11   39.2   0.1     4    71     8    77     5    85 0.88 -
PL41.hmm             -            309 CP065318.1_720       -            596   1.2e-12   42.7   4.0   2   3     0.021         1    3.5   0.2   240   288   225   275   205   297 0.68 -
PL41.hmm             -            309 CP065318.1_720       -            596   1.2e-12   42.7   4.0   3   3     0.048       2.4    2.3   0.4   186   282   253   353   247   359 0.59 -
PL9_3.hmm            -            347 CP065318.1_720       -            596   1.1e-10   36.4   0.1   1   2     5e-12   2.5e-10   35.2   0.0     4    80     2    76     1   145 0.90 -
PL9_3.hmm            -            347 CP065318.1_720       -            596   1.1e-10   36.4   0.1   2   2       2.6   1.3e+02   -3.3   0.0   222   253   242   279   212   297 0.47 -
PL6.hmm              -            372 CP065318.1_720       -            596   2.4e-10   35.1   1.2   1   2   1.3e-07   6.5e-06   20.5   0.0    10    65    24    78    21   187 0.86 -
PL6.hmm              -            372 CP065318.1_720       -            596   2.4e-10   35.1   1.2   2   2   5.9e-05     0.003   11.8   0.9   265   360   264   368   260   383 0.81 -
PL9_1.hmm            -            375 CP065318.1_720       -            596   2.5e-10   35.4   0.0   1   3     5e-12   2.5e-10   35.4   0.0     6    82     2    75     1    92 0.88 -
PL9_1.hmm            -            375 CP065318.1_720       -            596   2.5e-10   35.4   0.0   2   3      0.21        10    0.4   0.2    98   158   197   274   157   303 0.73 -
PL9_1.hmm            -            375 CP065318.1_720       -            596   2.5e-10   35.4   0.0   3   3      0.35        18   -0.3   0.5   269   336   410   486   386   519 0.64 -
PL31.hmm             -            187 CP065318.1_720       -            596   1.3e-08   29.9   1.8   1   2   2.5e-08   1.3e-06   23.4   0.0     2    68    26    92    25    97 0.88 -
PL31.hmm             -            187 CP065318.1_720       -            596   1.3e-08   29.9   1.8   2   2     0.014      0.72    4.6   0.9    78   139   255   341   213   393 0.65 -
GH160.hmm            -             96 CP065318.1_720       -            596   1.1e-06   24.6   0.2   1   1   7.6e-08   3.8e-06   22.8   0.0     2    48    33    77    32    92 0.90 -
PL6_2.hmm            -            356 CP065318.1_720       -            596   4.1e-06   21.4   4.3   1   2     1e-06     5e-05   17.8   0.0     7    63    24    78    21    85 0.90 -
PL6_2.hmm            -            356 CP065318.1_720       -            596   4.1e-06   21.4   4.3   2   2     0.082       4.1    1.7   1.9   258   314   264   315   260   365 0.77 -
PL6_1.hmm            -            347 CP065318.1_720       -            596   8.4e-06   20.5   1.1   1   4   1.7e-05   0.00085   13.9   0.0     7    61    24    77    22   105 0.89 -
PL6_1.hmm            -            347 CP065318.1_720       -            596   8.4e-06   20.5   1.1   2   4     0.046       2.3    2.7   0.2   303   343   260   297   232   308 0.77 -
PL6_1.hmm            -            347 CP065318.1_720       -            596   8.4e-06   20.5   1.1   3   4     0.065       3.3    2.2   0.5   296   312   287   303   262   358 0.42 -
PL6_1.hmm            -            347 CP065318.1_720       -            596   8.4e-06   20.5   1.1   4   4         1        50   -1.7   0.0   304   318   340   354   337   372 0.75 -
CE8.hmm              -            288 CP065318.1_720       -            596    0.0028   12.5   0.0   1   1   0.00011    0.0056   11.5   0.0    11    71    20    79     9   139 0.75 -
PL9_4.hmm            -            141 CP065318.1_720       -            596     0.038    9.3   4.3   1   4     0.021         1    4.6   0.2    72   119   225   278   197   281 0.66 -
PL9_4.hmm            -            141 CP065318.1_720       -            596     0.038    9.3   4.3   2   4    0.0081       0.4    5.9   0.3    80   114   266   297   263   309 0.69 -
PL9_4.hmm            -            141 CP065318.1_720       -            596     0.038    9.3   4.3   3   4     0.073       3.6    2.9   0.1    81   115   323   353   306   363 0.76 -
PL9_4.hmm            -            141 CP065318.1_720       -            596     0.038    9.3   4.3   4   4         2     1e+02   -1.8   0.0    70   113   369   414   357   437 0.70 -
GT2_Chitin_synth_1.hmm PF01644.16   163 CP065318.1_722       -            235    0.0015   14.0   0.5   1   1   3.3e-06    0.0023   13.3   0.5    27   108     4    82     1    92 0.76 Chitin synthase
GH5_28.hmm           -            336 CP065318.1_744       -            273    0.0015   12.8   0.1   1   3    0.0013      0.93    3.6   0.0   266   299    73   109    45   127 0.74 -
GH5_28.hmm           -            336 CP065318.1_744       -            273    0.0015   12.8   0.1   2   3   0.00019      0.13    6.3   0.0    81   110   148   177   140   187 0.86 -
GH5_28.hmm           -            336 CP065318.1_744       -            273    0.0015   12.8   0.1   3   3      0.09        63   -2.4   0.0   294   324   224   254   213   260 0.72 -
GH4.hmm              -            179 CP065318.1_762       -            311   0.00073   14.4   0.3   1   2   0.00092      0.64    4.9   0.2    30    81    29    78    22    96 0.79 -
GH4.hmm              -            179 CP065318.1_762       -            311   0.00073   14.4   0.3   2   2   0.00018      0.13    7.1   0.0   120   157   100   137    96   146 0.88 -
CBM11.hmm            -            163 CP065318.1_763       -            284   1.9e-05   20.1   1.6   1   2   3.3e-08   2.3e-05   19.8   0.5    67   140    25    94    22   109 0.88 -
CBM11.hmm            -            163 CP065318.1_763       -            284   1.9e-05   20.1   1.6   2   2      0.27   1.9e+02   -2.7   0.0   103   110   228   236   210   265 0.61 -
AA3_1.hmm            -            548 CP065318.1_781       -            451   6.6e-07   23.6   0.1   1   2   9.6e-08   3.3e-05   18.0   0.1    17    54     4    41     1    47 0.89 -
AA3_1.hmm            -            548 CP065318.1_781       -            451   6.6e-07   23.6   0.1   2   2    0.0026       0.9    3.4   0.0    18    50   161   193   147   236 0.82 -
AA3_2.hmm            -            568 CP065318.1_781       -            451   0.00087   13.5   0.0   1   2   1.7e-05    0.0059   10.7   0.0     6    39     7    39     5    60 0.88 -
AA3_2.hmm            -            568 CP065318.1_781       -            451   0.00087   13.5   0.0   2   2     0.027       9.4    0.2   0.0     6    30   163   188   161   213 0.86 -
CE9.hmm              -            373 CP065318.1_827       -            431   1.7e-14   48.5   0.1   1   2   8.2e-11   5.7e-08   27.1   0.1     2    58     8    64     7   111 0.76 -
CE9.hmm              -            373 CP065318.1_827       -            431   1.7e-14   48.5   0.1   2   2   2.3e-08   1.6e-05   19.0   0.0   291   363   316   386   294   393 0.86 -
GH43_6.hmm           -            292 CP065318.1_828       -            310    0.0028   12.2   0.0   1   2   1.3e-05    0.0093   10.4   0.0   242   290    29    78    21    79 0.84 -
GH43_6.hmm           -            292 CP065318.1_828       -            310    0.0028   12.2   0.0   2   2     0.083        58   -2.0   0.0    96   130   249   283   241   294 0.75 -
CBM29.hmm            -            144 CP065318.1_832       -            382    0.0018   13.8   0.0   1   2      0.22   1.6e+02   -2.2   0.0   103   134   200   231   178   239 0.74 -
CBM29.hmm            -            144 CP065318.1_832       -            382    0.0018   13.8   0.0   2   2   7.8e-06    0.0055   12.2   0.0    24    82   247   305   232   312 0.86 -
AA6.hmm              -            195 CP065318.1_858       -            191    0.0026   12.7   0.0   1   1   4.6e-06    0.0032   12.4   0.0    31   111    35   108     2   122 0.72 -
GH91.hmm             -            395 CP065318.1_860       -            337    0.0017   12.4   0.0   1   1   5.3e-06    0.0037   11.3   0.0   216   265   159   209   155   213 0.85 -
GH13_31.hmm          -            349 CP065318.1_865       -            561  4.5e-170  561.0  10.3   1   1  3.8e-171  6.4e-170  560.5  10.3     1   348    29   381    29   382 0.99 -
GH13_29.hmm          -            344 CP065318.1_865       -            561    4e-150  495.1   8.4   1   1  3.5e-151  5.8e-150  494.6   8.4     1   343    28   381    28   382 0.96 -
GH13_40.hmm          -            359 CP065318.1_865       -            561  1.8e-145  479.8   6.7   1   1  1.6e-146  2.7e-145  479.2   6.7     1   358    29   381    29   382 0.96 -
GH13_23.hmm          -            344 CP065318.1_865       -            561    2e-112  371.6   8.7   1   1  1.2e-113    2e-112  371.6   8.7     1   343    29   382    29   383 0.93 -
GH13_30.hmm          -            365 CP065318.1_865       -            561   9.1e-87  286.9   7.0   1   2   5.5e-88   9.1e-87  286.9   7.0     1   364    29   380    29   381 0.85 -
GH13_30.hmm          -            365 CP065318.1_865       -            561   9.1e-87  286.9   7.0   2   2         6     1e+02   -2.8   0.1   180   254   397   473   391   482 0.58 -
GH13_17.hmm          -            350 CP065318.1_865       -            561   3.5e-85  281.6  10.9   1   3   2.1e-86   3.5e-85  281.6  10.9     1   349    29   381    29   382 0.84 -
GH13_17.hmm          -            350 CP065318.1_865       -            561   3.5e-85  281.6  10.9   2   3       4.9        81   -2.4   0.2    51   103   396   449   390   466 0.68 -
GH13_17.hmm          -            350 CP065318.1_865       -            561   3.5e-85  281.6  10.9   3   3       2.3        38   -1.4   0.1   184   217   517   550   503   554 0.83 -
GH13.hmm             -            299 CP065318.1_865       -            561   2.9e-83  276.0  15.7   1   1   1.7e-84   2.9e-83  276.0  15.7    12   295    28   385    19   389 0.82 -
GH13_36.hmm          -            314 CP065318.1_865       -            561   4.1e-83  274.8   6.7   1   1   2.5e-84   4.1e-83  274.8   6.7     1   313    29   381    29   382 0.86 -
GH13_16.hmm          -            353 CP065318.1_865       -            561   3.4e-79  261.9   6.7   1   2   2.8e-77   4.6e-76  251.6   4.6     1   242    29   286    29   289 0.88 -
GH13_16.hmm          -            353 CP065318.1_865       -            561   3.4e-79  261.9   6.7   2   2    0.0015     0.025    9.1   0.0   326   352   354   380   339   381 0.87 -
GH13_35.hmm          -            351 CP065318.1_865       -            561   4.7e-70  232.0  10.5   1   2   2.8e-71   4.7e-70  232.0  10.5     1   351    29   381    29   381 0.82 -
GH13_35.hmm          -            351 CP065318.1_865       -            561   4.7e-70  232.0  10.5   2   2         2        33   -1.1   0.6    50   107   395   453   385   472 0.75 -
GH13_21.hmm          -            308 CP065318.1_865       -            561   1.4e-61  203.9   4.8   1   1   1.8e-62   2.9e-61  202.9   4.8     1   306    29   381    29   383 0.81 -
GH13_20.hmm          -            300 CP065318.1_865       -            561   3.6e-56  186.1   7.1   1   2     4e-47   6.7e-46  152.4   2.1     1   165    29   206    29   219 0.94 -
GH13_20.hmm          -            300 CP065318.1_865       -            561   3.6e-56  186.1   7.1   2   2   8.1e-12   1.3e-10   36.5   0.2   166   297   236   382   229   385 0.82 -
GH13_4.hmm           -            400 CP065318.1_865       -            561   7.6e-47  155.3   1.1   1   2   7.2e-44   1.2e-42  141.5   0.4     2   196    29   217    28   229 0.88 -
GH13_4.hmm           -            400 CP065318.1_865       -            561   7.6e-47  155.3   1.1   2   2   0.00013    0.0021   12.2   0.0   363   400   344   381   338   381 0.91 -
GH13_14.hmm          -            289 CP065318.1_865       -            561   4.6e-40  133.1   4.5   1   1   6.3e-41   1.1e-39  131.9   4.5     1   289    38   376    38   376 0.80 -
GH13_1.hmm           -            306 CP065318.1_865       -            561   3.3e-38  126.9   3.6   1   1   4.6e-39   7.7e-38  125.7   3.6     2   302    29   383    28   386 0.80 -
GH13_39.hmm          -            316 CP065318.1_865       -            561   1.5e-36  121.8  12.5   1   1   6.4e-37   1.1e-35  119.0  12.5     1   312    29   382    29   386 0.80 -
GH13_2.hmm           -            310 CP065318.1_865       -            561   6.7e-35  116.4  12.8   1   3   5.5e-30   9.2e-29   96.2   2.7     2   175    29   205    28   208 0.87 -
GH13_2.hmm           -            310 CP065318.1_865       -            561   6.7e-35  116.4  12.8   2   3   7.4e-09   1.2e-07   26.8   0.3   176   307   235   376   231   379 0.74 -
GH13_2.hmm           -            310 CP065318.1_865       -            561   6.7e-35  116.4  12.8   3   3         4        67   -1.8   0.1   122   216   476   505   393   547 0.63 -
GH13_41.hmm          -            294 CP065318.1_865       -            561     5e-32  106.9   8.8   1   3   5.6e-27   9.3e-26   86.3   1.0     1   161    29   206    29   221 0.84 -
GH13_41.hmm          -            294 CP065318.1_865       -            561     5e-32  106.9   8.8   2   3   4.3e-08   7.1e-07   24.3   0.1   165   292   239   381   231   383 0.73 -
GH13_41.hmm          -            294 CP065318.1_865       -            561     5e-32  106.9   8.8   3   3         2        33   -0.9   0.1    61    91   392   422   384   473 0.71 -
GH13_37.hmm          -            320 CP065318.1_865       -            561   2.3e-25   84.6   2.6   1   1   1.1e-25   1.8e-24   81.6   2.6     8   320    28   378    21   378 0.70 -
GH13_10.hmm          -            313 CP065318.1_865       -            561     4e-25   84.2   0.1   1   2   8.8e-23   1.5e-21   72.5   0.0     5   148    29   209    26   269 0.88 -
GH13_10.hmm          -            313 CP065318.1_865       -            561     4e-25   84.2   0.1   2   2    0.0021     0.034    8.9   0.0   265   313   329   378   306   378 0.90 -
GH13_18.hmm          -            343 CP065318.1_865       -            561   1.5e-24   82.1   0.8   1   2   2.5e-25   4.2e-24   80.6   0.3     3   203    48   253    46   286 0.77 -
GH13_18.hmm          -            343 CP065318.1_865       -            561   1.5e-24   82.1   0.8   2   2       7.8   1.3e+02   -3.2   0.0   312   342   344   372   337   372 0.62 -
GH13_13.hmm          -            361 CP065318.1_865       -            561   2.6e-24   81.3   1.2   1   3     0.027      0.44    4.9   0.0     1    24    37    60    37    62 0.87 -
GH13_13.hmm          -            361 CP065318.1_865       -            561   2.6e-24   81.3   1.2   2   3   4.1e-21   6.9e-20   66.8   0.4    61   185    62   207    58   211 0.76 -
GH13_13.hmm          -            361 CP065318.1_865       -            561   2.6e-24   81.3   1.2   3   3    0.0061       0.1    7.0   0.0   308   361   328   377   300   377 0.86 -
GH13_12.hmm          -            284 CP065318.1_865       -            561   3.7e-22   74.7   0.6   1   2   2.2e-23   3.7e-22   74.7   0.6     1   154    29   203    29   209 0.83 -
GH13_12.hmm          -            284 CP065318.1_865       -            561   3.7e-22   74.7   0.6   2   2       2.1        35   -0.7   0.7    31    91   362   424   311   467 0.67 -
GH13_32.hmm          -            269 CP065318.1_865       -            561   2.6e-21   71.7   9.4   1   2     3e-22   4.9e-21   70.8   6.6     1   263    45   361    45   367 0.65 -
GH13_32.hmm          -            269 CP065318.1_865       -            561   2.6e-21   71.7   9.4   2   2       2.2        37   -0.9   0.0   201   251   381   431   362   441 0.77 -
GH13_42.hmm          -            421 CP065318.1_865       -            561   3.9e-21   71.0   4.3   1   3   2.6e-17   4.3e-16   54.4   0.1     2    83    29   107    28   116 0.90 -
GH13_42.hmm          -            421 CP065318.1_865       -            561   3.9e-21   71.0   4.3   2   3   5.2e-05   0.00086   13.8   0.1   172   230   149   207   114   211 0.73 -
GH13_42.hmm          -            421 CP065318.1_865       -            561   3.9e-21   71.0   4.3   3   3      0.15       2.5    2.4   0.1   359   417   318   378   306   382 0.60 -
GH13_3.hmm           -            210 CP065318.1_865       -            561     7e-21   70.1   0.3   1   1   2.8e-20   4.7e-19   64.1   0.3     3   147    36   201    34   270 0.80 -
GH13_28.hmm          -            266 CP065318.1_865       -            561   3.3e-20   67.8   0.6   1   1   6.5e-21   1.1e-19   66.2   0.5     5   183    33   226    29   260 0.73 -
GH13_6.hmm           -            289 CP065318.1_865       -            561     8e-20   66.9   3.1   1   2   6.5e-21   1.1e-19   66.5   2.2     2   153    39   223    38   286 0.75 -
GH13_6.hmm           -            289 CP065318.1_865       -            561     8e-20   66.9   3.1   2   2       2.4        41   -1.1   0.0    42   113   233   304   218   364 0.73 -
GH13_9.hmm           -            301 CP065318.1_865       -            561   1.8e-19   65.5   8.1   1   3   1.8e-19   2.9e-18   61.5   1.9     1   181    39   254    39   264 0.77 -
GH13_9.hmm           -            301 CP065318.1_865       -            561   1.8e-19   65.5   8.1   2   3       5.9        98   -2.6   0.0   272   300   350   378   331   379 0.70 -
GH13_9.hmm           -            301 CP065318.1_865       -            561   1.8e-19   65.5   8.1   3   3      0.13       2.2    2.8   0.1    44   118   398   467   390   485 0.71 -
GH13_34.hmm          -            244 CP065318.1_865       -            561   5.8e-19   64.0   0.0   1   3   2.8e-14   4.6e-13   44.7   0.0     2    85    30   116    29   123 0.88 -
GH13_34.hmm          -            244 CP065318.1_865       -            561   5.8e-19   64.0   0.0   2   3     0.007      0.12    7.4   0.0    85   117   174   206   165   222 0.86 -
GH13_34.hmm          -            244 CP065318.1_865       -            561   5.8e-19   64.0   0.0   3   3    0.0045     0.075    8.0   0.0   215   243   352   380   315   381 0.83 -
GH13_11.hmm          -            351 CP065318.1_865       -            561   2.1e-18   62.1   0.2   1   2   2.8e-16   4.7e-15   51.1   0.1     2   181    29   216    28   270 0.73 -
GH13_11.hmm          -            351 CP065318.1_865       -            561   2.1e-18   62.1   0.2   2   2    0.0069      0.11    7.0   0.0   314   351   343   380   309   380 0.86 -
GH13_19.hmm          -            360 CP065318.1_865       -            561   1.5e-17   59.1  13.8   1   2   6.5e-18   1.1e-16   56.3   2.1     1   100    29   110    29   163 0.75 -
GH13_19.hmm          -            360 CP065318.1_865       -            561   1.5e-17   59.1  13.8   2   2      0.02      0.33    5.3   4.5   197   359   176   376   153   377 0.62 -
GH13_26.hmm          -            296 CP065318.1_865       -            561   4.1e-17   58.0   0.1   1   2   2.2e-16   3.6e-15   51.6   0.0     2    72    38   107    37   129 0.88 -
GH13_26.hmm          -            296 CP065318.1_865       -            561   4.1e-17   58.0   0.1   2   2     0.068       1.1    4.1   0.0   208   250   171   212   144   240 0.74 -
GH13_38.hmm          -            375 CP065318.1_865       -            561   2.4e-16   54.9   2.6   1   4      0.27       4.5    1.3   0.0     2    35    27    59    26    75 0.79 -
GH13_38.hmm          -            375 CP065318.1_865       -            561   2.4e-16   54.9   2.6   2   4   3.6e-08   5.9e-07   24.0   0.0    66   116    64   115    57   127 0.77 -
GH13_38.hmm          -            375 CP065318.1_865       -            561   2.4e-16   54.9   2.6   3   4   1.9e-06   3.2e-05   18.3   0.2   211   242   174   205   149   208 0.88 -
GH13_38.hmm          -            375 CP065318.1_865       -            561   2.4e-16   54.9   2.6   4   4    0.0021     0.035    8.3   0.0   324   372   328   380   295   382 0.65 -
GH13_7.hmm           -            289 CP065318.1_865       -            561   2.8e-11   38.7   3.6   1   1   3.8e-12   6.4e-11   37.5   3.6     4   212    40   246    37   284 0.76 -
GH13_5.hmm           -            342 CP065318.1_865       -            561   1.1e-10   36.6   5.4   1   2   2.7e-08   4.5e-07   24.7   0.2     2    95    41   121    40   144 0.85 -
GH13_5.hmm           -            342 CP065318.1_865       -            561   1.1e-10   36.6   5.4   2   2   8.6e-05    0.0014   13.2   1.2   159   251   152   243   139   379 0.81 -
GH13_22.hmm          -            400 CP065318.1_865       -            561   3.6e-10   35.0   0.2   1   1   4.5e-11   7.5e-10   33.9   0.2     2    82    29   107    28   137 0.86 -
GH13_27.hmm          -            318 CP065318.1_865       -            561   6.3e-10   34.2   0.2   1   2   2.2e-09   3.7e-08   28.4   0.1     2    81    34   109    33   130 0.88 -
GH13_27.hmm          -            318 CP065318.1_865       -            561   6.3e-10   34.2   0.2   2   2     0.093       1.6    3.3   0.0   154   189   169   205   148   211 0.81 -
GH13_15.hmm          -            285 CP065318.1_865       -            561   1.4e-08   29.8   0.2   1   2   3.3e-09   5.4e-08   27.9   0.0    32   154    72   202    52   211 0.79 -
GH13_15.hmm          -            285 CP065318.1_865       -            561   1.4e-08   29.8   0.2   2   2       9.4   1.6e+02   -3.2   0.1   247   271   327   353   296   363 0.55 -
GH13_8.hmm           -            293 CP065318.1_865       -            561   2.8e-08   28.7   4.2   1   2   3.4e-09   5.7e-08   27.7   0.7     3    49    63   109    61   363 0.89 -
GH13_8.hmm           -            293 CP065318.1_865       -            561   2.8e-08   28.7   4.2   2   2       2.2        37   -1.2   0.1    23    92   400   463   396   474 0.73 -
GH13_24.hmm          -            295 CP065318.1_865       -            561   1.2e-06   23.3   0.1   1   1   4.1e-07   6.8e-06   20.9   0.1    36   163    73   202    62   214 0.85 -
GH13_33.hmm          -            322 CP065318.1_865       -            561     4e-06   21.6   0.0   1   2    0.0003     0.005   11.4   0.0    23    87    56   121    50   129 0.87 -
GH13_33.hmm          -            322 CP065318.1_865       -            561     4e-06   21.6   0.0   2   2    0.0039     0.065    7.7   0.0   167   185   160   178   156   240 0.84 -
GT4.hmm              -            160 CP065318.1_868       -            501   2.6e-27   90.9   0.0   1   1   1.9e-29   4.3e-27   90.2   0.0    11   155   326   471   318   476 0.95 -
GT41.hmm             -            705 CP065318.1_868       -            501   6.3e-07   23.7   0.0   1   1   3.5e-09   8.1e-07   23.3   0.0   326   495   317   483   261   498 0.73 -
GT94.hmm             -            283 CP065318.1_868       -            501   0.00032   15.1   0.0   1   1   2.1e-06   0.00049   14.5   0.0    91   156   303   370   276   389 0.77 -
GT4.hmm              -            160 CP065318.1_869       -            514     1e-34  115.0   0.0   1   1   9.8e-37   1.7e-34  114.2   0.0     5   159   326   481   324   482 0.94 -
GT5.hmm              -            472 CP065318.1_869       -            514   5.1e-13   43.9   0.0   1   1   4.2e-15   7.3e-13   43.3   0.0   271   464   285   498   230   505 0.77 -
GT28.hmm             -            157 CP065318.1_869       -            514   2.3e-07   26.1   0.0   1   1   3.5e-09   6.1e-07   24.7   0.0    41   151   376   486   346   491 0.81 -
GT41.hmm             -            705 CP065318.1_869       -            514   0.00013   16.0   0.0   1   1   9.8e-07   0.00017   15.6   0.0   311   396   301   394   274   503 0.69 -
GH83.hmm             -            542 CP065318.1_874       -            261      0.31    4.8  19.0   1   2     0.004       2.8    1.6   0.6    46   105    35    96    21   104 0.72 -
GH83.hmm             -            542 CP065318.1_874       -            261      0.31    4.8  19.0   2   2   9.3e-05     0.065    7.0  12.1     7   120   106   222   100   247 0.77 -
GH65.hmm             -            372 CP065318.1_892       -            751  3.7e-150  495.3   0.7   1   1    3e-152    7e-150  494.5   0.7     1   371   322   692   322   693 0.99 -
GH95.hmm             -            722 CP065318.1_892       -            751   5.2e-10   33.6   1.6   1   2     1e-05    0.0024   11.6   0.1   101   284    90   314    76   334 0.66 -
GH95.hmm             -            722 CP065318.1_892       -            751   5.2e-10   33.6   1.6   2   2   1.7e-08   3.9e-06   20.8   0.2   430   531   435   541   431   549 0.75 -
GH94.hmm             -           1036 CP065318.1_892       -            751     4e-08   26.9   0.0   1   2    0.0038      0.89    2.6   0.0   385   417   144   175   123   250 0.73 -
GH94.hmm             -           1036 CP065318.1_892       -            751     4e-08   26.9   0.0   2   2   4.7e-09   1.1e-06   22.2   0.0   943  1019   670   748   636   750 0.80 -
GH5_13.hmm           -            275 CP065318.1_926       -            458    0.0066   11.1   0.1   1   2     0.028        20   -0.2   0.0   162   209    10    58     3    78 0.75 -
GH5_13.hmm           -            275 CP065318.1_926       -            458    0.0066   11.1   0.1   2   2   5.3e-05     0.037    8.7   0.0   148   204   266   322   243   340 0.72 -
AA6.hmm              -            195 CP065318.1_931       -            179     1e-05   20.5   0.0   1   1   1.4e-08     1e-05   20.5   0.0    16   129    20   132     3   167 0.75 -
AA3.hmm              -            618 CP065318.1_974       -            648   0.00012   16.0   0.0   1   1   1.4e-06   0.00033   14.5   0.0    84   285    14   238     2   344 0.61 -
AA3_1.hmm            -            548 CP065318.1_974       -            648    0.0002   15.5   1.9   1   2   9.6e-07   0.00022   15.3   0.1     9    45    12    48     5    61 0.87 -
AA3_1.hmm            -            548 CP065318.1_974       -            648    0.0002   15.5   1.9   2   2      0.13        29   -1.6   0.3   215   261   127   177   121   180 0.64 -
AA3_2.hmm            -            568 CP065318.1_974       -            648      0.03    8.4   2.8   1   2   0.00037     0.086    6.9   0.3     2    18    19    35    18    49 0.79 -
AA3_2.hmm            -            568 CP065318.1_974       -            648      0.03    8.4   2.8   2   2     0.015       3.5    1.6   0.1   197   270   106   170    69   177 0.70 -
CE9.hmm              -            373 CP065318.1_982       -            523   1.6e-12   42.0   0.2   1   2   3.3e-10   2.3e-07   25.1   0.0     3    79     7    89     5    92 0.69 -
CE9.hmm              -            373 CP065318.1_982       -            523   1.6e-12   42.0   0.2   2   2   3.9e-07   0.00028   15.0   0.0   322   364   457   498   445   518 0.83 -
GH5_5.hmm            -            282 CP065318.1_984       -            278     0.005   11.5   0.1   1   1     1e-05    0.0073   10.9   0.1    53    93   154   194   105   239 0.65 -
GT66.hmm             -            693 CP065318.1_1002      -            103      0.23    5.0  10.4   1   1   0.00041      0.28    4.8  10.4   208   416    16    95     2   102 0.40 -
AA6.hmm              -            195 CP065318.1_1012      -            162   5.7e-06   21.3   0.0   1   1   1.3e-08     9e-06   20.7   0.0     2   115     4   118     3   129 0.73 -
GH73.hmm             -            128 CP065318.1_1013      -            145    0.0014   14.5   0.0   1   2   4.1e-06    0.0029   13.5   0.0    35    90    13    77     7   103 0.79 -
GH73.hmm             -            128 CP065318.1_1013      -            145    0.0014   14.5   0.0   2   2      0.14        95   -1.1   0.0    35    49    92   106    75   141 0.61 -
GT2_Glycos_transf_2.hmm PF00535.25   170 CP065318.1_1029      -            376   5.3e-31  103.1   0.1   1   1   1.3e-32   8.7e-31  102.4   0.1     4   169     2   170     1   171 0.88 Glycosyl transferase family 2
GT2_Glyco_tranf_2_3.hmm PF13641.5    230 CP065318.1_1029      -            376   5.1e-26   87.4   0.0   1   1   9.3e-28   6.5e-26   87.0   0.0     7   228     1   222     1   224 0.91 Glycosyltransferase like family 2
GT2_Glyco_trans_2_3.hmm PF13632.5    197 CP065318.1_1029      -            376   1.1e-18   63.3  11.3   1   1   4.3e-20     3e-18   61.9  11.3     1   184    80   279    80   347 0.78 Glycosyl transferase family group 2
GT27.hmm                -            295 CP065318.1_1029      -            376   3.6e-10   35.0   0.0   1   1   8.1e-12   5.7e-10   34.4   0.0     4   100     2    95     1   161 0.89 -
GT81.hmm                -            293 CP065318.1_1029      -            376   3.8e-10   34.5   0.0   1   1   7.6e-12   5.3e-10   34.0   0.0    27   131     2    99     1   122 0.88 -
GT2_Glyco_tranf_2_2.hmm PF10111.8    276 CP065318.1_1029      -            376     5e-09   31.4   0.6   1   2   7.1e-11     5e-09   31.4   0.6     9   184     5   176     1   191 0.78 Glycosyltransferase like family 2
GT2_Glyco_tranf_2_2.hmm PF10111.8    276 CP065318.1_1029      -            376     5e-09   31.4   0.6   2   2       1.7   1.2e+02   -2.6   0.0   156   184   258   286   233   291 0.69 Glycosyltransferase like family 2
GT45.hmm                -            115 CP065318.1_1029      -            376   1.9e-08   29.6   0.2   1   1   5.2e-10   3.6e-08   28.7   0.2     4    78    23    97    19   121 0.89 -
GT21.hmm                -            233 CP065318.1_1029      -            376   6.9e-08   27.7   0.0   1   1   1.5e-09   1.1e-07   27.1   0.0    19   231    14   223     2   224 0.83 -
GT2_Glyco_tranf_2_4.hmm PF13704.5     96 CP065318.1_1029      -            376   9.7e-06   21.5   0.1   1   1   4.4e-07   3.1e-05   19.9   0.0     1    52     5    63     5    89 0.64 Glycosyl transferase family 2
GT2_Chitin_synth_2.hmm  PF03142.14   527 CP065318.1_1029      -            376      0.23    5.4  10.6   1   2     0.035       2.5    2.0   0.0   195   248    71   126    43   164 0.72 Chitin synthase
GT2_Chitin_synth_2.hmm  PF03142.14   527 CP065318.1_1029      -            376      0.23    5.4  10.6   2   2     0.014      0.99    3.3   8.3   337   473   188   338   137   352 0.58 Chitin synthase
CBM50.hmm            -             40 CP065318.1_1070      -            571   2.8e-56  183.1   9.2   1   4   4.7e-16   1.6e-13   46.2   0.3     1    39   324   366   324   366 0.92 -
CBM50.hmm            -             40 CP065318.1_1070      -            571   2.8e-56  183.1   9.2   2   4   5.3e-17   1.8e-14   49.3   0.1     1    39   394   436   394   437 0.91 -
CBM50.hmm            -             40 CP065318.1_1070      -            571   2.8e-56  183.1   9.2   3   4   3.3e-17   1.2e-14   49.9   0.0     1    39   465   507   465   507 0.93 -
CBM50.hmm            -             40 CP065318.1_1070      -            571   2.8e-56  183.1   9.2   4   4   2.4e-14   8.2e-12   40.8   0.1     1    38   528   569   528   570 0.87 -
GH73.hmm             -            128 CP065318.1_1070      -            571   7.5e-37  122.1   1.0   1   2       1.4   4.8e+02   -3.4   1.8    16    38    69    91    54   135 0.47 -
GH73.hmm             -            128 CP065318.1_1070      -            571   7.5e-37  122.1   1.0   2   2   2.2e-39   7.5e-37  122.1   1.0     2   128   155   288   154   288 0.94 -
GT66.hmm             -            693 CP065318.1_1096      -            252       4.6    0.8  17.1   1   2     0.012       8.6   -0.1   7.8   342   417    14   136    12   177 0.77 -
GT66.hmm             -            693 CP065318.1_1096      -            252       4.6    0.8  17.1   2   2    0.0034       2.4    1.7   7.4   216   281   183   248   133   250 0.69 -
GT83.hmm             -            540 CP065318.1_1099      -            124     0.017    9.0   2.0   1   1   2.7e-05     0.019    8.9   2.0   419   522    16   117     4   123 0.75 -
CBM50.hmm            -             40 CP065318.1_1106      -            343   4.9e-12   41.5   0.1   1   1   1.8e-14   1.3e-11   40.2   0.1     3    40    29    70    28    70 0.93 -
GH73.hmm             -            128 CP065318.1_1120      -            198     3e-37  123.4   6.3   1   1   5.2e-40   3.6e-37  123.1   6.3     2   128    52   190    51   190 0.90 -
CE2.hmm              -            209 CP065318.1_1156      -            323   4.8e-15   51.4   0.0   1   1   1.1e-17     8e-15   50.7   0.0     3   166   138   276   137   314 0.81 -
AA6.hmm              -            195 CP065318.1_1208      -            281    0.0028   12.6   0.0   1   1   6.1e-06    0.0042   12.0   0.0    61   119    62   120    43   157 0.80 -
CE7.hmm              -            313 CP065318.1_1216      -            249     2e-14   48.6   0.1   1   1   1.3e-16   3.1e-14   48.0   0.0   155   307    84   238    74   243 0.88 -
CE1.hmm              -            227 CP065318.1_1216      -            249   1.3e-06   23.7   0.1   1   3      0.46   1.1e+02   -2.2   0.0   187   208    49    71    38    83 0.75 -
CE1.hmm              -            227 CP065318.1_1216      -            249   1.3e-06   23.7   0.1   2   3   3.3e-08   7.7e-06   21.2   0.0    93   142    91   140    82   189 0.79 -
CE1.hmm              -            227 CP065318.1_1216      -            249   1.3e-06   23.7   0.1   3   3      0.19        45   -0.9   0.0    52    65   199   218   163   238 0.67 -
CE19.hmm             -            332 CP065318.1_1216      -            249   0.00052   14.6   0.1   1   2   4.2e-05    0.0098   10.5   0.0   100   180    50   121    12   163 0.72 -
CE19.hmm             -            332 CP065318.1_1216      -            249   0.00052   14.6   0.1   2   2     0.012       2.8    2.4   0.0   262   290   219   247   203   248 0.83 -
CE7.hmm              -            313 CP065318.1_1234      -            327   9.1e-14   46.4   2.6   1   2   8.7e-06    0.0031   11.9   0.1    73   123    95   146    65   164 0.81 -
CE7.hmm              -            313 CP065318.1_1234      -            327   9.1e-14   46.4   2.6   2   2     7e-12   2.5e-09   31.9   0.3   172   305   171   310   155   318 0.78 -
CE1.hmm              -            227 CP065318.1_1234      -            327   8.5e-08   27.6   0.7   1   2      0.22        79   -1.7   0.0   141   178    47    79    29    93 0.49 -
CE1.hmm              -            227 CP065318.1_1234      -            327   8.5e-08   27.6   0.7   2   2   4.2e-10   1.5e-07   26.8   0.3    13   143    94   236    83   320 0.63 -
AA3_4.hmm            -            549 CP065318.1_1242      -            252    0.0044   11.2   0.5   1   1   8.2e-06    0.0058   10.8   0.5     3    57     8    63     6    98 0.84 -
CE1.hmm              -            227 CP065318.1_1261      -            304   1.3e-05   20.5   0.1   1   1   2.4e-08   1.7e-05   20.1   0.1    28   208    28   248    12   288 0.66 -
CE7.hmm              -            313 CP065318.1_1262      -            801    0.0025   12.1   0.1   1   3     0.044        31   -1.3   0.0    64    99   205   244   195   249 0.77 -
CE7.hmm              -            313 CP065318.1_1262      -            801    0.0025   12.1   0.1   2   3     0.081        57   -2.2   0.1   173   194   362   383   357   404 0.76 -
CE7.hmm              -            313 CP065318.1_1262      -            801    0.0025   12.1   0.1   3   3   2.9e-05      0.02    9.2   0.0   255   303   478   528   465   536 0.83 -
CBM50.hmm            -             40 CP065318.1_1305      -            357   1.3e-07   27.4   0.1   1   1   5.1e-10   3.5e-07   25.9   0.1     1    39    74   116    74   116 0.76 -
GH160.hmm            -             96 CP065318.1_1306      -            155    0.0035   13.4   0.4   1   1   1.1e-05    0.0078   12.2   0.4    23    56    44    76    14    87 0.75 -
CE9.hmm              -            373 CP065318.1_1332      -            574   1.4e-08   29.0   0.0   1   2   4.1e-06    0.0028   11.6   0.1     6    57    80   141    75   145 0.86 -
CE9.hmm              -            373 CP065318.1_1332      -            574   1.4e-08   29.0   0.0   2   2   3.6e-07   0.00025   15.1   0.0   326   363   406   443   386   456 0.89 -
GH5_25.hmm           -            262 CP065318.1_1341      -            242     0.005   11.4   0.1   1   1   1.2e-05    0.0085   10.6   0.1    39    75   169   205   162   217 0.89 -
GT2_Glycos_transf_2.hmm PF00535.25   170 CP065318.1_1350      -            436   3.3e-21   71.3   0.1   1   1   6.5e-23   5.7e-21   70.5   0.1     1   132    51   187    51   227 0.85 Glycosyl transferase family 2
GT2_Glyco_tranf_2_3.hmm PF13641.5    230 CP065318.1_1350      -            436   3.9e-20   68.1   0.0   1   1   5.9e-22   5.1e-20   67.7   0.0     4   228    50   278    48   280 0.85 Glycosyltransferase like family 2
GT2_Glyco_trans_2_3.hmm PF13632.5    197 CP065318.1_1350      -            436   1.7e-13   46.3   5.0   1   1   5.1e-15   4.5e-13   45.0   5.0     1   182   137   332   137   412 0.67 Glycosyl transferase family group 2
GT27.hmm                -            295 CP065318.1_1350      -            436   5.2e-11   37.8   0.0   1   1   9.5e-13   8.3e-11   37.1   0.0     2   220    52   258    51   297 0.82 -
GT81.hmm                -            293 CP065318.1_1350      -            436   3.3e-10   34.7   0.0   1   1   5.6e-12   4.9e-10   34.2   0.0     6   147    33   170    29   187 0.80 -
GT21.hmm                -            233 CP065318.1_1350      -            436   6.8e-10   34.2   0.0   1   1   1.5e-11   1.3e-09   33.3   0.0     1   231    48   279    48   280 0.89 -
GT2_Cellulose_synt.hmm  PF03552.11   722 CP065318.1_1350      -            436   0.00059   13.8  11.7   1   2     0.012       1.1    3.0   0.1     8    42    53    87    49    95 0.83 Cellulose synthase
GT2_Cellulose_synt.hmm  PF03552.11   722 CP065318.1_1350      -            436   0.00059   13.8  11.7   2   2   2.9e-05    0.0025   11.7   8.3   416   574   228   392   215   416 0.74 Cellulose synthase
GT62.hmm                -            268 CP065318.1_1350      -            436     0.001   13.8   0.0   1   1   1.9e-05    0.0017   13.2   0.0    22    79    46   101    39   134 0.83 -
GH8.hmm              -            320 CP065318.1_1351      -            380   6.8e-71  235.0  13.1   1   1   1.2e-73   8.2e-71  234.7  13.1     2   318    36   375    34   376 0.90 -
AA6.hmm              -            195 CP065318.1_1365      -            179   0.00043   15.2   0.0   1   1   1.4e-06   0.00099   14.0   0.0    11    93    14   106     2   140 0.76 -
CE1.hmm              -            227 CP065318.1_1367      -            239   1.2e-06   23.8   0.1   1   1   5.1e-09   1.8e-06   23.3   0.1    18   211    18   204    12   216 0.68 -
CE7.hmm              -            313 CP065318.1_1367      -            239    0.0011   13.3   0.0   1   1   4.3e-06    0.0015   12.9   0.0   159   207    80   132    53   164 0.77 -
GH13_18.hmm          -            343 CP065318.1_1375      -            486  1.8e-118  390.8   3.2   1   1  5.4e-120  2.7e-118  390.3   3.2     2   343    36   375    35   375 0.99 -
GH13_4.hmm           -            400 CP065318.1_1375      -            486   3.7e-19   64.1   1.7   1   2   7.5e-21   3.7e-19   64.1   0.7    19   229    35   244    18   305 0.76 -
GH13_4.hmm           -            400 CP065318.1_1375      -            486   3.7e-19   64.1   1.7   2   2       1.6        78   -2.8   0.0   374   393   357   376   354   383 0.79 -
GH13_16.hmm          -            353 CP065318.1_1375      -            486   9.1e-16   53.3   6.3   1   2   1.9e-17   9.3e-16   53.2   5.2    20   345    37   375    27   384 0.75 -
GH13_16.hmm          -            353 CP065318.1_1375      -            486   9.1e-16   53.3   6.3   2   2      0.36        18   -0.3   0.0   241   320   342   423   326   428 0.55 -
GH13.hmm             -            299 CP065318.1_1375      -            486   2.1e-15   53.1  12.1   1   1   8.8e-17   4.4e-15   52.1  12.1    30   283    35   375    18   382 0.61 -
GH13_36.hmm          -            314 CP065318.1_1375      -            486   5.7e-14   47.6   9.9   1   1   1.3e-14   6.6e-13   44.1   9.9    18   305    35   375    29   379 0.66 -
GH13_20.hmm          -            300 CP065318.1_1375      -            486     6e-12   40.9   8.0   1   1   2.9e-12   1.5e-10   36.4   8.0    18   288    35   375    20   383 0.67 -
GH13_40.hmm          -            359 CP065318.1_1375      -            486   1.1e-11   39.7   6.6   1   1   2.8e-13   1.4e-11   39.4   5.9    20   192    37   210    18   253 0.79 -
GH13_30.hmm          -            365 CP065318.1_1375      -            486   2.2e-10   35.6   1.5   1   1   6.1e-12     3e-10   35.1   1.5    18   198    35   214    20   289 0.80 -
GH13_17.hmm          -            350 CP065318.1_1375      -            486   3.3e-10   35.0   5.6   1   1     1e-11     5e-10   34.4   5.6    17   189    34   209    18   243 0.80 -
GH13_31.hmm          -            349 CP065318.1_1375      -            486   1.3e-09   33.3   8.5   1   1   4.7e-11   2.3e-09   32.5   8.5    18   190    35   214    25   378 0.71 -
GH13_21.hmm          -            308 CP065318.1_1375      -            486   3.4e-09   31.9   1.5   1   2   4.4e-08   2.2e-06   22.7   0.8    19   100    36   113    21   132 0.88 -
GH13_21.hmm          -            308 CP065318.1_1375      -            486   3.4e-09   31.9   1.5   2   2    0.0018     0.091    7.5   0.0   235   298   311   375   263   380 0.68 -
GH13_1.hmm           -            306 CP065318.1_1375      -            486     1e-08   30.1   1.7   1   2   2.2e-09   1.1e-07   26.7   0.5    43   174    51   201    47   240 0.69 -
GH13_1.hmm           -            306 CP065318.1_1375      -            486     1e-08   30.1   1.7   2   2     0.057       2.9    2.3   0.0   274   292   357   375   332   384 0.80 -
GH13_23.hmm          -            344 CP065318.1_1375      -            486   6.3e-08   27.9   6.3   1   1   3.1e-09   1.5e-07   26.7   6.3    18   187    35   210    27   379 0.75 -
GH13_2.hmm           -            310 CP065318.1_1375      -            486   3.8e-07   25.2   5.3   1   2   2.3e-07   1.2e-05   20.4   2.5    39   174    46   200    31   210 0.70 -
GH13_2.hmm           -            310 CP065318.1_1375      -            486   3.8e-07   25.2   5.3   2   2    0.0098      0.49    5.2   0.0   241   304   315   375   278   377 0.75 -
AA3_1.hmm            -            548 CP065318.1_1391      -            465   2.4e-09   31.7   0.7   1   2   4.2e-08   9.7e-06   19.8   0.1    12    49    12    49     4    73 0.82 -
AA3_1.hmm            -            548 CP065318.1_1391      -            465   2.4e-09   31.7   0.7   2   2   3.2e-05    0.0074   10.3   0.1   212   271   153   209   138   213 0.81 -
AA3_2.hmm            -            568 CP065318.1_1391      -            465   1.3e-06   22.8   1.5   1   2   0.00077      0.18    5.8   0.1     2    35    16    48    15    86 0.78 -
AA3_2.hmm            -            568 CP065318.1_1391      -            465   1.3e-06   22.8   1.5   2   2   8.1e-07   0.00019   15.6   0.1   217   272   154   206   146   209 0.89 -
AA3.hmm              -            618 CP065318.1_1391      -            465   1.1e-05   19.4   0.1   1   1   7.3e-08   1.7e-05   18.8   0.1    81   374     8   443     2   464 0.51 -
GH5.hmm              -            275 CP065318.1_1417      -            252    0.0056   11.7   0.0   1   1   9.4e-06    0.0066   11.4   0.0   118   159    56   145    23   203 0.77 -
CE19.hmm             -            332 CP065318.1_1423      -            321   3.3e-12   41.6   0.0   1   1     3e-14   5.3e-12   40.9   0.0    55   188    22   149    10   161 0.80 -
CE7.hmm              -            313 CP065318.1_1423      -            321   3.7e-09   31.3   0.4   1   2   1.1e-05    0.0019   12.5   0.0    49   114    11    81     4   101 0.83 -
CE7.hmm              -            313 CP065318.1_1423      -            321   3.7e-09   31.3   0.4   2   2   4.4e-07   7.7e-05   17.1   0.3   161   203   107   150    81   181 0.77 -
CE1.hmm              -            227 CP065318.1_1423      -            321   5.6e-05   18.4   0.1   1   1   8.4e-07   0.00015   17.0   0.1     6   135    27   152    23   194 0.75 -
CE15.hmm             -            269 CP065318.1_1423      -            321   0.00027   15.9   0.0   1   1   2.8e-06   0.00049   15.0   0.0    88   146    82   151     4   183 0.75 -
GH73.hmm             -            128 CP065318.1_1471      -            209   1.3e-39  131.0   4.2   1   1   2.5e-42   1.8e-39  130.6   4.2     2   128    66   203    65   203 0.92 -
GT53.hmm             -           1049 CP065318.1_1483      -            409    0.0023   11.0   0.2   1   1   4.8e-06    0.0033   10.5   0.2   620   799   169   357   154   372 0.73 -
AA3_1.hmm            -            548 CP065318.1_1496      -            442   5.4e-05   17.3   0.2   1   2     1e-06   0.00036   14.6   0.0    15    46     2    33     1    46 0.93 -
AA3_1.hmm            -            548 CP065318.1_1496      -            442   5.4e-05   17.3   0.2   2   2     0.026       9.2    0.0   0.1    20    45   167   192   163   203 0.89 -
AA3_2.hmm            -            568 CP065318.1_1496      -            442    0.0032   11.6   0.1   1   2   5.5e-05     0.019    9.0   0.0     2    34     3    34     2    73 0.89 -
AA3_2.hmm            -            568 CP065318.1_1496      -            442    0.0032   11.6   0.1   2   2     0.028       9.8    0.1   0.1     7    70   168   231   167   240 0.71 -
GH109.hmm            -            399 CP065318.1_1513      -            340   1.7e-09   32.2   0.0   1   1   3.9e-12   2.7e-09   31.5   0.0     6   116     2   103     1   117 0.85 -
GT19.hmm             -            354 CP065318.1_1515      -            374   8.5e-06   20.0   0.1   1   2   2.7e-08   1.9e-05   18.9   0.0   156   277   174   302   160   306 0.79 -
GT19.hmm             -            354 CP065318.1_1515      -            374   8.5e-06   20.0   0.1   2   2       0.2   1.4e+02   -3.7   0.1   321   341   326   346   324   350 0.76 -
GT111.hmm            -            217 CP065318.1_1528      -            256   1.8e-86  285.0   1.4   1   1     3e-89   2.1e-86  284.7   1.4     1   216     5   218     5   219 0.98 -
GT2_Glycos_transf_2.hmm PF00535.25   170 CP065318.1_1529      -            310   4.8e-35  116.3   0.0   1   1   7.9e-37   6.9e-35  115.8   0.0     1   163     5   165     5   171 0.90 Glycosyl transferase family 2
GT2_Glyco_tranf_2_3.hmm PF13641.5    230 CP065318.1_1529      -            310   3.9e-15   51.8   0.1   1   2   1.3e-16   1.1e-14   50.3   0.0     1   124     2   123     2   180 0.88 Glycosyltransferase like family 2
GT2_Glyco_tranf_2_3.hmm PF13641.5    230 CP065318.1_1529      -            310   3.9e-15   51.8   0.1   2   2      0.73        63   -1.3   0.0   198   219   188   209   184   215 0.75 Glycosyltransferase like family 2
GT81.hmm                -            293 CP065318.1_1529      -            310   6.5e-11   37.0   0.0   1   1   1.3e-12   1.1e-10   36.3   0.0    22   132     3   108     2   120 0.86 -
GT27.hmm                -            295 CP065318.1_1529      -            310   1.1e-08   30.1   0.0   1   1   1.9e-10   1.6e-08   29.6   0.0     1   115     5   119     5   132 0.89 -
GT21.hmm                -            233 CP065318.1_1529      -            310   2.1e-06   22.8   0.0   1   1   3.2e-08   2.8e-06   22.4   0.0     1   177     2   181     2   247 0.72 -
GT2_Glyco_tranf_2_2.hmm PF10111.8    276 CP065318.1_1529      -            310     4e-06   21.9   0.0   1   2   9.6e-08   8.3e-06   20.8   0.0     1   104     5   109     5   115 0.81 Glycosyltransferase like family 2
GT2_Glyco_tranf_2_2.hmm PF10111.8    276 CP065318.1_1529      -            310     4e-06   21.9   0.0   2   2       1.9   1.7e+02   -3.1   0.0   117   134   167   184   137   193 0.54 Glycosyltransferase like family 2
GT2_Glyco_tranf_2_4.hmm PF13704.5     96 CP065318.1_1529      -            310   0.00012   18.0   0.0   1   1   2.5e-06   0.00022   17.2   0.0     2    81    12    96    11    97 0.72 Glycosyl transferase family 2
GT45.hmm                -            115 CP065318.1_1529      -            310   0.00012   17.4   0.0   1   1   2.7e-06   0.00024   16.4   0.0    12    85    39   113    29   120 0.84 -
GT66.hmm             -            693 CP065318.1_1533      -            185      0.14    5.8   5.3   1   1   0.00022      0.15    5.7   5.3   556   654    32   125     8   159 0.63 -
AA3_2.hmm            -            568 CP065318.1_1534      -            373    0.0002   15.6   0.1   1   1   1.5e-06   0.00026   15.2   0.1     2    63     3    71     2    93 0.69 -
AA3.hmm              -            618 CP065318.1_1534      -            373   0.00084   13.2   0.0   1   1   6.3e-06    0.0011   12.8   0.0    88   121     2    37     1   114 0.80 -
AA3_4.hmm            -            549 CP065318.1_1534      -            373    0.0011   13.2   0.0   1   1     1e-05    0.0018   12.5   0.0     2    35     3    36     2   143 0.76 -
AA3_1.hmm            -            548 CP065318.1_1534      -            373    0.0014   12.6   0.0   1   1   1.2e-05    0.0021   12.1   0.0    15    47     2    34     1    49 0.92 -
GT2_Glycos_transf_2.hmm PF00535.25   170 CP065318.1_1536      -            305     2e-22   75.2   0.0   1   1   3.1e-24   3.6e-22   74.4   0.0     3   169     6   179     5   180 0.90 Glycosyl transferase family 2
GT2_Glyco_tranf_2_3.hmm PF13641.5    230 CP065318.1_1536      -            305   3.8e-21   71.4   0.0   1   1   4.4e-23   5.2e-21   71.0   0.0     7   216     6   220     3   241 0.84 Glycosyltransferase like family 2
GT40.hmm                -            211 CP065318.1_1536      -            305   8.2e-05   17.8   0.0   1   2   0.00039     0.046    8.8   0.0     4    80    33   105    31   119 0.81 -
GT40.hmm                -            211 CP065318.1_1536      -            305   8.2e-05   17.8   0.0   2   2    0.0023      0.27    6.3   0.1   168   202   169   202   152   207 0.75 -
GT2_Glyco_tranf_2_4.hmm PF13704.5     96 CP065318.1_1536      -            305   0.00013   17.8   0.3   1   2   8.5e-06   0.00099   15.1   0.0    20    52    31    68    10   150 0.72 Glycosyl transferase family 2
GT2_Glyco_tranf_2_4.hmm PF13704.5     96 CP065318.1_1536      -            305   0.00013   17.8   0.3   2   2      0.71        83   -0.7   0.2    55    74   230   249   173   252 0.63 Glycosyl transferase family 2
GT27.hmm                -            295 CP065318.1_1536      -            305   0.00014   16.7   0.4   1   1   9.2e-06    0.0011   13.8   0.4     3   252     6   248     5   279 0.63 -
GT81.hmm                -            293 CP065318.1_1536      -            305    0.0036   11.6   0.0   1   1   4.3e-05     0.005   11.2   0.0    40    85    17    59     6   100 0.67 -
GT2_Glycos_transf_2.hmm PF00535.25   170 CP065318.1_1539      -            326   3.1e-22   74.6   0.1   1   1   5.1e-24   5.1e-22   73.9   0.1     2   110     8   117     7   176 0.85 Glycosyl transferase family 2
GT2_Glyco_tranf_2_2.hmm PF10111.8    276 CP065318.1_1539      -            326   1.6e-12   42.9   4.7   1   1   2.3e-14   2.3e-12   42.4   4.7     5   252     9   252     5   275 0.78 Glycosyltransferase like family 2
GT45.hmm                -            115 CP065318.1_1539      -            326   2.8e-08   29.1   1.2   1   1   5.4e-10   5.4e-08   28.2   1.2     3    98    29   129    27   141 0.85 -
GT21.hmm                -            233 CP065318.1_1539      -            326   1.8e-05   19.8   0.2   1   1   2.4e-07   2.4e-05   19.4   0.2     3   170     6   170     4   242 0.81 -
GT2_Glyco_tranf_2_3.hmm PF13641.5    230 CP065318.1_1539      -            326   0.00028   16.2   0.0   1   1   4.1e-06   0.00041   15.7   0.0     3   101     5   100     3   135 0.73 Glycosyltransferase like family 2
GT31.hmm                -            192 CP065318.1_1539      -            326   0.00043   15.5   0.7   1   1   7.3e-06   0.00073   14.7   0.7    51   185    61   200    43   204 0.76 -
GT2_Glyco_tranf_2_4.hmm PF13704.5     96 CP065318.1_1539      -            326   0.00098   15.1   0.2   1   1     2e-05     0.002   14.1   0.2     2    83    14    98    13   111 0.79 Glycosyl transferase family 2
GT2_Glyco_tranf_2_5.hmm PF13712.5    210 CP065318.1_1540      -            255   1.2e-25   85.9   1.1   1   1   6.4e-28   2.2e-25   85.0   1.1     1   197     9   209     9   218 0.84 Glycosyltransferase like family
GT2_Glycos_transf_2.hmm PF00535.25   170 CP065318.1_1540      -            255   1.7e-05   20.1   1.1   1   3     0.048        17    0.6   0.0     3    37    10    43     9    50 0.89 Glycosyl transferase family 2
GT2_Glycos_transf_2.hmm PF00535.25   170 CP065318.1_1540      -            255   1.7e-05   20.1   1.1   2   3   1.8e-07   6.2e-05   18.3   0.2    66   121    49   105    22   154 0.70 Glycosyl transferase family 2
GT2_Glycos_transf_2.hmm PF00535.25   170 CP065318.1_1540      -            255   1.7e-05   20.1   1.1   3   3      0.19        66   -1.3   0.0   133   157   165   189   135   228 0.58 Glycosyl transferase family 2
GT2_Glycos_transf_2.hmm PF00535.25   170 CP065318.1_1541      -            297   1.1e-28   95.5   0.0   1   2   5.5e-30   5.5e-28   93.3   0.0     2   112     7   117     6   129 0.92 Glycosyl transferase family 2
GT2_Glycos_transf_2.hmm PF00535.25   170 CP065318.1_1541      -            297   1.1e-28   95.5   0.0   2   2      0.42        42   -0.7   0.0    99   144   141   190   132   212 0.63 Glycosyl transferase family 2
GT2_Glyco_tranf_2_3.hmm PF13641.5    230 CP065318.1_1541      -            297   6.3e-14   47.8   0.0   1   1   2.4e-15   2.4e-13   45.9   0.0     4   212     5   208     2   228 0.76 Glycosyltransferase like family 2
GT2_Glyco_tranf_2_4.hmm PF13704.5     96 CP065318.1_1541      -            297   9.1e-06   21.6   0.1   1   3   3.4e-06   0.00034   16.6   0.0     2    47    13    60    12    92 0.82 Glycosyl transferase family 2
GT2_Glyco_tranf_2_4.hmm PF13704.5     96 CP065318.1_1541      -            297   9.1e-06   21.6   0.1   2   3      0.23        23    1.1   0.0    19    39    85   104    77   133 0.76 Glycosyl transferase family 2
GT2_Glyco_tranf_2_4.hmm PF13704.5     96 CP065318.1_1541      -            297   9.1e-06   21.6   0.1   3   3      0.63        63   -0.3   0.0    42    65   213   236   200   249 0.75 Glycosyl transferase family 2
GT81.hmm                -            293 CP065318.1_1541      -            297   5.7e-05   17.5   0.0   1   1   7.8e-07   7.8e-05   17.1   0.0    21    79     3    57     1    73 0.84 -
GT45.hmm                -            115 CP065318.1_1541      -            297   8.4e-05   17.9   0.0   1   1   1.8e-06   0.00018   16.9   0.0     3    85    28   111    26   115 0.76 -
GT2_Glyco_trans_2_3.hmm PF13632.5    197 CP065318.1_1541      -            297   0.00017   17.0   0.0   1   1   2.5e-06   0.00025   16.4   0.0     3   145    89   234    87   268 0.78 Glycosyl transferase family group 2
GT2_Glyco_tranf_2_2.hmm PF10111.8    276 CP065318.1_1541      -            297    0.0029   12.5   0.0   1   2   6.1e-05    0.0061   11.4   0.0     8   104    11   107     4   114 0.75 Glycosyltransferase like family 2
GT2_Glyco_tranf_2_2.hmm PF10111.8    276 CP065318.1_1541      -            297    0.0029   12.5   0.0   2   2       1.9   1.9e+02   -3.3   0.0   190   210   182   201   179   218 0.72 Glycosyltransferase like family 2
GH73.hmm             -            128 CP065318.1_1543      -            774   3.5e-35  116.7   0.6   1   5     5e-38   3.5e-35  116.7   0.6     3   128   158   290   156   290 0.94 -
GH73.hmm             -            128 CP065318.1_1543      -            774   3.5e-35  116.7   0.6   2   5      0.19   1.3e+02   -1.6   0.0    69    81   326   338   296   398 0.55 -
GH73.hmm             -            128 CP065318.1_1543      -            774   3.5e-35  116.7   0.6   3   5     0.065        45   -0.1   0.3    34    59   431   470   425   545 0.65 -
GH73.hmm             -            128 CP065318.1_1543      -            774   3.5e-35  116.7   0.6   4   5     0.023        16    1.4   0.5    27    92   554   624   528   649 0.62 -
GH73.hmm             -            128 CP065318.1_1543      -            774   3.5e-35  116.7   0.6   5   5     0.012       8.3    2.3   0.2    27    81   672   733   669   761 0.73 -
GT4.hmm              -            160 CP065318.1_1568      -            406   3.4e-33  110.0   0.0   1   2     0.016       1.8    3.6   0.0   106   147   107   148   106   152 0.90 -
GT4.hmm              -            160 CP065318.1_1568      -            406   3.4e-33  110.0   0.0   2   2   2.1e-33   2.5e-31  104.0   0.0     6   153   204   349   199   356 0.90 -
GT5.hmm              -            472 CP065318.1_1568      -            406   1.5e-17   58.8   0.0   1   2     0.088        10   -0.0   0.0    13    41    12    40     7    97 0.82 -
GT5.hmm              -            472 CP065318.1_1568      -            406   1.5e-17   58.8   0.0   2   2   6.2e-19   7.3e-17   56.5   0.0   273   467   190   394   112   398 0.79 -
GT41.hmm             -            705 CP065318.1_1568      -            406   8.3e-10   33.2   0.0   1   1   9.9e-12   1.2e-09   32.7   0.0   315   502   172   402   143   405 0.80 -
GT33.hmm             -            425 CP065318.1_1568      -            406   8.8e-06   20.1   0.0   1   1   1.3e-07   1.5e-05   19.3   0.0   275   400   234   355   202   376 0.80 -
GT20.hmm             -            475 CP065318.1_1568      -            406     9e-05   16.5   0.3   1   2   6.3e-06   0.00074   13.5   0.0   233   311   163   240   137   307 0.83 -
GT20.hmm             -            475 CP065318.1_1568      -            406     9e-05   16.5   0.3   2   2      0.19        22   -1.3   0.1   121   153   354   388   337   388 0.69 -
GT28.hmm             -            157 CP065318.1_1568      -            406    0.0035   12.5   0.0   1   1   6.9e-05     0.008   11.3   0.0    12    96   223   317   220   321 0.76 -
GT4.hmm              -            160 CP065318.1_1569      -            343     3e-19   64.7   0.0   1   1   1.9e-21   4.5e-19   64.1   0.0     5   151   160   302   156   311 0.84 -
GT5.hmm              -            472 CP065318.1_1569      -            343     2e-06   22.1   0.1   1   1     2e-08   4.6e-06   20.9   0.1   266   471   139   334   122   335 0.73 -
GT41.hmm             -            705 CP065318.1_1569      -            343   0.00028   14.9   0.0   1   1   1.5e-06   0.00036   14.6   0.0   313   494   129   317   104   339 0.75 -
GH5_27.hmm           -            324 CP065318.1_1576      -            515   2.4e-05   19.1   0.1   1   1   6.9e-08   4.8e-05   18.2   0.1   205   272   225   294   218   310 0.84 -
CBM50.hmm            -             40 CP065318.1_1590      -            270   9.8e-13   43.7   0.5   1   1     3e-15   2.1e-12   42.7   0.5     1    39    35    80    35    80 0.87 -
CBM50.hmm            -             40 CP065318.1_1592      -            236   7.3e-12   40.9   1.2   1   2   1.8e-14   1.3e-11   40.2   0.3     1    39    35    80    35    80 0.85 -
CBM50.hmm            -             40 CP065318.1_1592      -            236   7.3e-12   40.9   1.2   2   2      0.47   3.3e+02   -2.8   0.0    13    19   216   223   215   229 0.70 -
GH73.hmm             -            128 CP065318.1_1617      -            344   3.3e-31  103.8   1.7   1   2      0.54   3.8e+02   -3.0   0.1    89    93    65    69    46    97 0.59 -
GH73.hmm             -            128 CP065318.1_1617      -            344   3.3e-31  103.8   1.7   2   2   4.8e-34   3.3e-31  103.8   1.7     2   128   132   267   131   267 0.87 -
GT51.hmm             -            177 CP065318.1_1637      -            722   8.3e-63  206.5   0.2   1   1   2.6e-65   1.8e-62  205.4   0.2     4   177    98   276    95   276 0.93 -
GH13_12.hmm          -            284 CP065318.1_1638      -            124   9.1e-05   17.6   0.9   1   1   1.5e-07    0.0001   17.5   0.9   138   225    27   111     7   121 0.83 -
GH59.hmm             -            631 CP065318.1_1666      -            104    0.0014   12.5   0.0   1   1   2.2e-06    0.0015   12.4   0.0   156   209    31    84    24   100 0.85 -
GT26.hmm             -            171 CP065318.1_1668      -            205    0.0014   13.7   0.0   1   1     3e-06    0.0021   13.1   0.0    31   106    15    88     7    93 0.83 -
CBM50.hmm            -             40 CP065318.1_1686      -            213   1.1e-13   46.8   0.1   1   1     3e-16   2.1e-13   45.9   0.1     2    40    33    75    33    75 0.89 -
GH46.hmm             -            222 CP065318.1_1700      -            448    0.0033   12.4   0.1   1   2      0.79   2.7e+02   -3.7   0.0    65    84   109   128   107   135 0.82 -
GH46.hmm             -            222 CP065318.1_1700      -            448    0.0033   12.4   0.1   2   2   2.2e-05    0.0075   11.2   0.0    65   122   366   423   361   431 0.90 -
GH5_1.hmm            -            310 CP065318.1_1700      -            448     0.004   12.2   0.0   1   1   1.8e-05    0.0064   11.5   0.0    24   136   106   225    99   232 0.83 -
GH42.hmm             -            371 CP065318.1_1779      -            671  7.8e-151  497.8   6.2   1   1  1.9e-152  1.1e-150  497.3   6.2     1   370    14   386    14   387 0.98 -
GH167.hmm            -            717 CP065318.1_1779      -            671   5.4e-18   60.0   4.6   1   2   3.5e-19   2.1e-17   58.1   4.6   156   589    60   487     3   500 0.80 -
GH167.hmm            -            717 CP065318.1_1779      -            671   5.4e-18   60.0   4.6   2   2      0.31        18   -1.2   0.0   650   700   610   656   579   666 0.79 -
GH35.hmm             -            307 CP065318.1_1779      -            671   3.1e-13   45.4   1.4   1   1   3.2e-14   1.9e-12   42.8   1.4     4   180     4   188     1   363 0.86 -
GH5.hmm              -            275 CP065318.1_1779      -            671   2.1e-10   36.0   2.5   1   1   5.9e-12   3.4e-10   35.3   2.5    23   159    16   195     8   290 0.69 -
GH164.hmm            -            670 CP065318.1_1779      -            671   2.8e-09   30.9   2.2   1   3     0.001     0.058    6.8   0.4    50   176    30   175    16   189 0.65 -
GH164.hmm            -            670 CP065318.1_1779      -            671   2.8e-09   30.9   2.2   2   3       1.7     1e+02   -3.9   0.0   208   232   242   266   239   269 0.87 -
GH164.hmm            -            670 CP065318.1_1779      -            671   2.8e-09   30.9   2.2   3   3     3e-08   1.8e-06   21.7   0.0   415   593   430   612   327   646 0.69 -
GH39.hmm             -            431 CP065318.1_1779      -            671     8e-08   27.0   0.6   1   1   3.2e-09   1.9e-07   25.8   0.6    61   175    53   176    27   182 0.76 -
GH10.hmm             -            303 CP065318.1_1779      -            671   4.5e-07   24.8   0.7   1   1   1.3e-08   7.5e-07   24.1   0.7    33   130    35   153     4   190 0.78 -
GH50.hmm             -            653 CP065318.1_1779      -            671   2.4e-06   21.6   0.4   1   1   6.3e-08   3.7e-06   21.0   0.4   361   557   115   307    79   348 0.77 -
GH5_7.hmm            -            289 CP065318.1_1779      -            671   4.6e-05   18.1   0.4   1   2   7.9e-07   4.6e-05   18.1   0.4    40   158    54   171    24   181 0.76 -
GH5_7.hmm            -            289 CP065318.1_1779      -            671   4.6e-05   18.1   0.4   2   2       2.8   1.6e+02   -3.4   0.1    59    98   397   438   392   441 0.77 -
GH2.hmm              -            752 CP065318.1_1779      -            671   0.00026   15.0   0.3   1   2      0.18        11   -0.3   0.0   275   300    17    39     7    49 0.82 -
GH2.hmm              -            752 CP065318.1_1779      -            671   0.00026   15.0   0.3   2   2   3.1e-05    0.0018   12.2   0.6   332   434   118   317    88   321 0.64 -
GH5_28.hmm           -            336 CP065318.1_1779      -            671   0.00073   13.8   0.4   1   2   0.00046     0.027    8.6   0.0    48    72    43    67    20    76 0.76 -
GH5_28.hmm           -            336 CP065318.1_1779      -            671   0.00073   13.8   0.4   2   2     0.027       1.6    2.8   0.1   153   185   127   158   106   188 0.71 -
GH5_19.hmm           -            273 CP065318.1_1779      -            671    0.0023   12.7   0.4   1   2   0.00022     0.013   10.3   0.1   110   164   125   180   112   199 0.82 -
GH5_19.hmm           -            273 CP065318.1_1779      -            671    0.0023   12.7   0.4   2   2      0.51        29   -0.8   0.0   147   211   230   290   223   309 0.72 -
AA3_1.hmm            -            548 CP065318.1_1791      -            556   0.00054   14.0   0.4   1   2   2.2e-06    0.0015   12.5   0.2    13    54     3    44     1    86 0.70 -
AA3_1.hmm            -            548 CP065318.1_1791      -            556   0.00054   14.0   0.4   2   2     0.038        26   -1.5   0.0    19    49   149   179   145   230 0.88 -
GT8.hmm              -            257 CP065318.1_1793      -            400   1.4e-42  141.5  11.9   1   2     6e-45   2.1e-42  141.0  11.2    30   255     4   233     1   235 0.89 -
GT8.hmm              -            257 CP065318.1_1793      -            400   1.4e-42  141.5  11.9   2   2      0.57     2e+02   -3.1   0.0    21    51   261   291   252   321 0.69 -
GT24.hmm             -            248 CP065318.1_1793      -            400   0.00035   15.4   0.2   1   1   2.1e-06   0.00072   14.3   0.2    12   127    14   127     4   136 0.62 -
GT4.hmm              -            160 CP065318.1_1799      -            513   6.3e-22   73.4   0.0   1   1   1.8e-24   1.2e-21   72.4   0.0     7   137   327   455   322   480 0.91 -
CBM50.hmm            -             40 CP065318.1_1815      -            254   2.4e-11   39.3   0.1   1   1   1.8e-13   6.3e-11   37.9   0.1     1    39   210   252   210   253 0.91 -
GH25.hmm             -            177 CP065318.1_1815      -            254   5.7e-10   35.2   0.0   1   1   2.1e-12   7.4e-10   34.8   0.0    14    80    23    92    13   178 0.74 -
GT4.hmm              -            160 CP065318.1_1841      -            406   1.1e-07   27.1   0.0   1   1   2.7e-10   1.9e-07   26.3   0.0     7   149   225   367   221   377 0.85 -
GT4.hmm              -            160 CP065318.1_1842      -            390   2.1e-27   91.2   0.0   1   1   1.5e-29   3.4e-27   90.5   0.0     3   154   196   351   194   356 0.94 -
GT5.hmm              -            472 CP065318.1_1842      -            390   2.2e-15   51.6   0.1   1   1   8.2e-17   1.9e-14   48.6   0.1   205   470   144   379    36   381 0.80 -
GT33.hmm             -            425 CP065318.1_1842      -            390    0.0029   11.8   0.0   1   3      0.09        21   -0.9   0.1    37    86    81   129    72   142 0.76 -
GT33.hmm             -            425 CP065318.1_1842      -            390    0.0029   11.8   0.0   2   3     0.017       3.9    1.5   0.0   150   192   136   179   129   204 0.77 -
GT33.hmm             -            425 CP065318.1_1842      -            390    0.0029   11.8   0.0   3   3    0.0004     0.094    6.8   0.0   340   391   295   348   289   369 0.77 -
GT2_Glycos_transf_2.hmm PF00535.25   170 CP065318.1_1843      -            318   3.6e-18   61.4   3.7   1   2   5.3e-20   6.2e-18   60.6   1.6     2   142     7   165     6   193 0.79 Glycosyl transferase family 2
GT2_Glycos_transf_2.hmm PF00535.25   170 CP065318.1_1843      -            318   3.6e-18   61.4   3.7   2   2      0.24        28   -0.1   0.0   113   150   222   260   203   277 0.65 Glycosyl transferase family 2
GT2_Glyco_tranf_2_3.hmm PF13641.5    230 CP065318.1_1843      -            318   1.6e-08   30.1   0.0   1   1   2.1e-10   2.5e-08   29.5   0.0     4   121     5   130     2   164 0.78 Glycosyltransferase like family 2
GT45.hmm                -            115 CP065318.1_1843      -            318   0.00012   17.3   0.9   1   2       1.3   1.5e+02   -2.3   0.0    87   112     4    31     2    33 0.74 -
GT45.hmm                -            115 CP065318.1_1843      -            318   0.00012   17.3   0.9   2   2   3.1e-06   0.00036   15.8   0.7    14    92    47   130    27   135 0.70 -
GT2_Glyco_tranf_2_4.hmm PF13704.5     96 CP065318.1_1843      -            318    0.0003   16.7   2.2   1   3   2.9e-05    0.0034   13.4   0.3    19    52    32    65    12   106 0.57 Glycosyl transferase family 2
GT2_Glyco_tranf_2_4.hmm PF13704.5     96 CP065318.1_1843      -            318    0.0003   16.7   2.2   2   3     0.081       9.4    2.3   0.1    17    32    95   110    84   144 0.70 Glycosyl transferase family 2
GT2_Glyco_tranf_2_4.hmm PF13704.5     96 CP065318.1_1843      -            318    0.0003   16.7   2.2   3   3         1   1.2e+02   -1.2   0.0    17    47   283   308   274   314 0.67 Glycosyl transferase family 2
GT81.hmm                -            293 CP065318.1_1843      -            318   0.00038   14.8   0.0   1   1   3.9e-06   0.00045   14.6   0.0    21    85     3    63     1   132 0.86 -
GT21.hmm                -            233 CP065318.1_1843      -            318   0.00081   14.4   0.1   1   1   1.2e-05    0.0014   13.6   0.1    86   120    96   129    87   157 0.89 -
GT2_Glycos_transf_2.hmm PF00535.25   170 CP065318.1_1844      -            340   8.6e-24   79.7   0.2   1   1   1.5e-25   1.5e-23   78.9   0.2     1   114     8   121     8   179 0.89 Glycosyl transferase family 2
GT27.hmm                -            295 CP065318.1_1844      -            340   4.1e-12   41.4   0.0   1   1   5.6e-14   5.6e-12   41.0   0.0     2   139     9   143     8   181 0.81 -
GT2_Glyco_tranf_2_2.hmm PF10111.8    276 CP065318.1_1844      -            340   1.3e-10   36.6   0.8   1   1   2.3e-12   2.2e-10   35.8   0.5     1    94     8   100     8   115 0.79 Glycosyltransferase like family 2
GT2_Glyco_tranf_2_3.hmm PF13641.5    230 CP065318.1_1844      -            340   1.2e-07   27.3   0.0   1   1   1.7e-09   1.7e-07   26.8   0.0     4   119     7   118     5   147 0.83 Glycosyltransferase like family 2
GT45.hmm                -            115 CP065318.1_1844      -            340   1.8e-05   20.0   3.4   1   2   2.1e-07   2.1e-05   19.8   1.9     5    90    35   119    32   134 0.88 -
GT45.hmm                -            115 CP065318.1_1844      -            340   1.8e-05   20.0   3.4   2   2       2.4   2.4e+02   -2.9   0.0    76    93   277   294   276   306 0.72 -
GT81.hmm                -            293 CP065318.1_1844      -            340   9.1e-05   16.9   0.0   1   1   1.4e-06   0.00014   16.3   0.0    23   119     7    97     1   118 0.74 -
GT12.hmm                -            134 CP065318.1_1844      -            340    0.0019   13.5   0.2   1   1   4.4e-05    0.0044   12.3   0.2    16    79    29    99    19   133 0.80 -
AA3_2.hmm            -            568 CP065318.1_1847      -            376    0.0002   15.6   0.1   1   1   1.5e-06   0.00026   15.2   0.1     2    63     3    71     2    93 0.69 -
AA3.hmm              -            618 CP065318.1_1847      -            376   0.00085   13.2   0.0   1   1   6.3e-06    0.0011   12.8   0.0    88   121     2    37     1   115 0.79 -
AA3_4.hmm            -            549 CP065318.1_1847      -            376    0.0013   12.9   0.0   1   1   1.1e-05     0.002   12.3   0.0     2    35     3    36     2   142 0.82 -
AA3_1.hmm            -            548 CP065318.1_1847      -            376    0.0014   12.6   0.0   1   1   1.2e-05    0.0021   12.1   0.0    15    47     2    34     1    49 0.92 -
GT4.hmm              -            160 CP065318.1_1849      -            379   1.6e-17   59.1   0.0   1   1   9.6e-20   3.4e-17   58.0   0.0     5   158   194   350   190   352 0.90 -
GT5.hmm              -            472 CP065318.1_1849      -            379   1.9e-10   35.4   0.0   1   1     1e-12   3.6e-10   34.4   0.0   295   421   201   324   112   369 0.80 -
CBM81.hmm            -             96 CP065318.1_1868      -            269    0.0011   15.0   0.6   1   2   4.4e-05     0.031   10.3   0.2    37    69    54    86    49   103 0.83 -
CBM81.hmm            -             96 CP065318.1_1868      -            269    0.0011   15.0   0.6   2   2    0.0086         6    2.9   0.1    37    82   122   168    89   179 0.71 -
GH25.hmm             -            177 CP065318.1_1877      -            181   3.2e-31  104.4   5.8   1   1   5.6e-34   3.9e-31  104.1   5.8    11   167    25   176    18   179 0.88 -
CBM4.hmm             -            126 CP065318.1_1884      -            226   0.00022   17.2   0.1   1   1   6.7e-07   0.00047   16.1   0.1    46   124    42   128    26   130 0.83 -
GH31.hmm             -            427 CP065318.1_1896      -            769  2.6e-168  555.8   4.7   1   1  5.5e-171  3.9e-168  555.3   4.7     1   427   232   672   232   672 0.99 -
#
# Program:         hmmscan
# Version:         3.3 (Nov 2019)
# Pipeline mode:   SCAN
# Query file:      uniInput
# Target file:     /array1/www/dbCAN2/ty/dbCAN.txt
# Option settings: hmmscan -o /dev/null --domtblout h.out --cpu 5 /array1/www/dbCAN2/ty/dbCAN.txt uniInput 
# Current dir:     /array1/www/dbCAN2/data/blast/20220826100027
# Date:            Fri Aug 26 10:20:36 2022
# [ok]
