CP065318.1_1019            0.329  32  0.555  32  0.974  17  0.934   0.703 Y  0.450      SignalP-TM
CP065318.1_1019            0.629  28  0.772  28  0.990  15  0.945   0.854 Y  0.570      SignalP-noTM
CP065318.1_1070            0.353  43  0.551  43  0.940  29  0.737   0.624 Y  0.450      SignalP-TM
CP065318.1_1070            0.430  43  0.593  43  0.949  31  0.663   0.626 Y  0.570      SignalP-noTM
CP065318.1_1080            0.268  29  0.438  29  0.895  27  0.570   0.490 Y  0.450      SignalP-TM
CP065318.1_1083            0.373  33  0.481  25  0.879  10  0.762   0.591 Y  0.450      SignalP-TM
CP065318.1_1083            0.846  25  0.872  25  0.980  16  0.921   0.895 Y  0.570      SignalP-noTM
CP065318.1_1099            0.508  35  0.652  35  0.876  22  0.676   0.661 Y  0.450      SignalP-TM
CP065318.1_1099            0.642  35  0.741  35  0.959  23  0.755   0.748 Y  0.570      SignalP-noTM
CP065318.1_1106            0.698  24  0.730  24  0.950   6  0.847   0.785 Y  0.570      SignalP-noTM
CP065318.1_1106            0.829  24  0.811  24  0.868  18  0.799   0.806 Y  0.450      SignalP-TM
CP065318.1_1127            0.260  49  0.481  22  0.980  13  0.935   0.658 Y  0.450      SignalP-TM
CP065318.1_1127            0.312  20  0.553  20  0.990  15  0.971   0.750 Y  0.570      SignalP-noTM
CP065318.1_1247            0.363  29  0.560  29  0.949  28  0.769   0.658 Y  0.570      SignalP-noTM
CP065318.1_1247            0.363  36  0.563  36  0.955  34  0.764   0.641 Y  0.450      SignalP-TM
CP065318.1_1252            0.359  36  0.511  36  0.934  28  0.740   0.619 Y  0.570      SignalP-noTM
CP065318.1_1252            0.642  36  0.749  36  0.923  28  0.789   0.765 Y  0.450      SignalP-TM
CP065318.1_1254            0.513  20  0.704  20  0.979  11  0.962   0.825 Y  0.570      SignalP-noTM
CP065318.1_1254            0.576  31  0.704  31  0.982  16  0.925   0.790 Y  0.450      SignalP-TM
CP065318.1_1266            0.237  27  0.397  27  0.799  10  0.689   0.511 Y  0.450      SignalP-TM
CP065318.1_1273            0.182  31  0.377  23  0.935  19  0.884   0.615 Y  0.570      SignalP-noTM
CP065318.1_1273            0.249  32  0.450  32  0.922   9  0.823   0.596 Y  0.450      SignalP-TM
CP065318.1_1305            0.207  32  0.406  24  0.959  14  0.910   0.643 Y  0.570      SignalP-noTM
CP065318.1_1305            0.240  32  0.440  32  0.955  17  0.860   0.604 Y  0.450      SignalP-TM
CP065318.1_1311            0.318  39  0.460  28  0.979  16  0.918   0.639 Y  0.450      SignalP-TM
CP065318.1_1311            0.483  19  0.669  19  0.952  15  0.925   0.789 Y  0.570      SignalP-noTM
CP065318.1_1314            0.250  24  0.403  24  0.740  17  0.557   0.463 Y  0.450      SignalP-TM
CP065318.1_1317            0.263  50  0.455  50  0.910  44  0.647   0.530 Y  0.450      SignalP-TM
CP065318.1_1317            0.296  46  0.506  46  0.986  32  0.658   0.578 Y  0.570      SignalP-noTM
CP065318.1_1320            0.597  46  0.680  46  0.942  40  0.522   0.606 Y  0.570      SignalP-noTM
CP065318.1_1320            0.768  46  0.821  46  0.958  40  0.570   0.723 Y  0.450      SignalP-TM
CP065318.1_1323            0.261  22  0.422  22  0.873  15  0.577   0.482 Y  0.450      SignalP-TM
CP065318.1_1339            0.232  29  0.394  29  0.825  25  0.580   0.467 Y  0.450      SignalP-TM
CP065318.1_1343            0.460  25  0.530  25  0.664  18  0.568   0.544 Y  0.450      SignalP-TM
CP065318.1_1360            0.518  32  0.561  32  0.899  15  0.748   0.649 Y  0.570      SignalP-noTM
CP065318.1_1360            0.756  32  0.780  32  0.938  17  0.852   0.808 Y  0.450      SignalP-TM
CP065318.1_1361            0.244  26  0.389  26  0.785  21  0.587   0.466 Y  0.450      SignalP-TM
CP065318.1_1374            0.438  26  0.503  26  0.767  18  0.601   0.540 Y  0.510      SignalP-TM
CP065318.1_1374            0.446  26  0.540  26  0.831   6  0.704   0.604 Y  0.450      SignalP-TM
CP065318.1_1377            0.331  34  0.454  34  0.903   2  0.746   0.568 Y  0.450      SignalP-TM
CP065318.1_1377            0.475  34  0.561  34  0.967  18  0.845   0.694 Y  0.570      SignalP-noTM
CP065318.1_1409            0.344  26  0.567  26  0.982  14  0.952   0.748 Y  0.570      SignalP-noTM
CP065318.1_1409            0.466  30  0.518  30  0.754   9  0.644   0.567 Y  0.450      SignalP-TM
CP065318.1_141             0.523  33  0.633  33  0.907  28  0.738   0.674 Y  0.450      SignalP-TM
CP065318.1_141             0.712  30  0.765  30  0.948  18  0.878   0.818 Y  0.570      SignalP-noTM
CP065318.1_1417            0.139  67  0.272  12  0.808   5  0.737   0.453 Y  0.450      SignalP-TM
CP065318.1_1476            0.243  33  0.439  33  0.976   9  0.893   0.616 Y  0.450      SignalP-TM
CP065318.1_1476            0.543  23  0.723  23  0.983  21  0.960   0.834 Y  0.570      SignalP-noTM
CP065318.1_1512            0.343  27  0.408  27  0.848   4  0.628   0.494 Y  0.450      SignalP-TM
CP065318.1_1531            0.336  37  0.542  37  0.933  32  0.739   0.619 Y  0.450      SignalP-TM
CP065318.1_1531            0.532  37  0.681  37  0.930  32  0.641   0.662 Y  0.570      SignalP-noTM
CP065318.1_1532            0.517  40  0.560  40  0.931  27  0.684   0.618 Y  0.570      SignalP-noTM
CP065318.1_1532            0.784  40  0.781  40  0.852  33  0.629   0.722 Y  0.450      SignalP-TM
CP065318.1_1533            0.362  34  0.551  34  0.991  14  0.925   0.697 Y  0.450      SignalP-TM
CP065318.1_1533            0.410  22  0.628  22  0.977  11  0.961   0.785 Y  0.570      SignalP-noTM
CP065318.1_1543            0.727  36  0.684  36  0.821  26  0.498   0.616 Y  0.510      SignalP-TM
CP065318.1_1543            0.743  36  0.794  36  0.920  29  0.617   0.725 Y  0.450      SignalP-TM
CP065318.1_1549            0.532  40  0.578  40  0.938  27  0.692   0.631 Y  0.570      SignalP-noTM
CP065318.1_1549            0.800  40  0.785  40  0.858  33  0.629   0.724 Y  0.450      SignalP-TM
CP065318.1_1554            0.377  40  0.582  40  0.946  31  0.806   0.669 Y  0.450      SignalP-TM
CP065318.1_1554            0.760  40  0.778  40  0.969  25  0.781   0.779 Y  0.570      SignalP-noTM
CP065318.1_1555            0.606  39  0.597  39  0.810  24  0.611   0.602 Y  0.450      SignalP-TM
CP065318.1_1556            0.538  36  0.560  36  0.766  13  0.606   0.582 Y  0.570      SignalP-noTM
CP065318.1_1556            0.868  36  0.832  36  0.856  29  0.720   0.789 Y  0.450      SignalP-TM
CP065318.1_1590            0.638  32  0.665  32  0.973  14  0.840   0.747 Y  0.570      SignalP-noTM
CP065318.1_1590            0.853  32  0.817  32  0.962  17  0.848   0.829 Y  0.450      SignalP-TM
CP065318.1_1592            0.510  32  0.565  32  0.960  15  0.802   0.676 Y  0.570      SignalP-noTM
CP065318.1_1592            0.765  32  0.749  32  0.964  12  0.844   0.786 Y  0.450      SignalP-TM
CP065318.1_1617            0.470  27  0.563  27  0.806  20  0.643   0.594 Y  0.450      SignalP-TM
CP065318.1_1641            0.244  22  0.486  22  0.977  20  0.950   0.704 Y  0.570      SignalP-noTM
CP065318.1_1641            0.246  29  0.437  29  0.958  16  0.831   0.591 Y  0.450      SignalP-TM
CP065318.1_1662            0.186  36  0.278  11  0.819   4  0.733   0.456 Y  0.450      SignalP-TM
CP065318.1_167             0.526  37  0.686  37  0.971  32  0.509   0.617 Y  0.450      SignalP-TM
CP065318.1_1686            0.356  29  0.517  27  0.953  16  0.843   0.670 Y  0.570      SignalP-noTM
CP065318.1_1686            0.802  29  0.829  29  0.953  15  0.871   0.845 Y  0.450      SignalP-TM
CP065318.1_1766            0.295  24  0.523  24  0.950  16  0.896   0.668 Y  0.450      SignalP-TM
CP065318.1_1766            0.389  19  0.567  19  0.918  18  0.831   0.691 Y  0.570      SignalP-noTM
CP065318.1_1771            0.652  37  0.621  37  0.851  10  0.710   0.656 Y  0.450      SignalP-TM
CP065318.1_1780            0.497  29  0.665  29  0.973  16  0.916   0.763 Y  0.450      SignalP-TM
CP065318.1_1780            0.559  23  0.729  23  0.973  17  0.951   0.833 Y  0.570      SignalP-noTM
CP065318.1_1792            0.665  51  0.554  51  0.793  39  0.443   0.511 Y  0.450      SignalP-TM
CP065318.1_1863            0.191  30  0.375  30  0.895  27  0.647   0.481 Y  0.450      SignalP-TM
CP065318.1_1867            0.797  30  0.782  30  0.912   7  0.810   0.793 Y  0.450      SignalP-TM
CP065318.1_1874            0.581  33  0.581  33  0.955  10  0.788   0.678 Y  0.570      SignalP-noTM
CP065318.1_1874            0.605  33  0.713  33  0.979   6  0.917   0.792 Y  0.450      SignalP-TM
CP065318.1_1884            0.486  30  0.508  30  0.681  26  0.567   0.531 Y  0.450      SignalP-TM
CP065318.1_1885            0.698  29  0.780  29  0.948  23  0.808   0.791 Y  0.450      SignalP-TM
CP065318.1_1885            0.786  29  0.798  29  0.954  17  0.857   0.826 Y  0.570      SignalP-noTM
CP065318.1_1907            0.439  25  0.628  25  0.946  14  0.891   0.730 Y  0.450      SignalP-TM
CP065318.1_1907            0.850  25  0.899  25  0.986  11  0.956   0.926 Y  0.570      SignalP-noTM
CP065318.1_213             0.765  27  0.849  27  0.973  24  0.910   0.872 Y  0.450      SignalP-TM
CP065318.1_213             0.797  27  0.862  27  0.987  12  0.942   0.900 Y  0.570      SignalP-noTM
CP065318.1_299             0.356  42  0.515  42  0.833  37  0.607   0.551 Y  0.450      SignalP-TM
CP065318.1_40              0.224  19  0.446  19  0.920  15  0.888   0.653 Y  0.570      SignalP-noTM
CP065318.1_40              0.383  34  0.482  34  0.956  17  0.779   0.598 Y  0.450      SignalP-TM
CP065318.1_41              0.177  23  0.397  23  0.951  16  0.894   0.591 Y  0.450      SignalP-TM
CP065318.1_413             0.227  31  0.422  22  0.971  19  0.941   0.666 Y  0.570      SignalP-noTM
CP065318.1_413             0.341  31  0.484  31  0.908  11  0.776   0.598 Y  0.450      SignalP-TM
CP065318.1_42              0.209  20  0.439  20  0.957  18  0.900   0.655 Y  0.570      SignalP-noTM
CP065318.1_42              0.365  38  0.401  38  0.945  13  0.713   0.522 Y  0.450      SignalP-TM
CP065318.1_489             0.323  29  0.548  29  0.991  14  0.957   0.740 Y  0.570      SignalP-noTM
CP065318.1_489             0.605  31  0.756  31  0.990  15  0.961   0.836 Y  0.450      SignalP-TM
CP065318.1_525             0.227  36  0.323  25  0.779   1  0.673   0.459 Y  0.450      SignalP-TM
CP065318.1_527             0.647  31  0.729  31  0.962  14  0.876   0.786 Y  0.450      SignalP-TM
CP065318.1_527             0.706  28  0.802  28  0.960  14  0.911   0.853 Y  0.570      SignalP-noTM
CP065318.1_54              0.264  32  0.395  32  0.872  12  0.701   0.514 Y  0.450      SignalP-TM
CP065318.1_54              0.402  29  0.592  29  0.956  17  0.904   0.738 Y  0.570      SignalP-noTM
CP065318.1_550             0.444  28  0.526  28  0.794  15  0.568   0.543 Y  0.450      SignalP-TM
CP065318.1_56              0.692  37  0.714  37  0.882  36  0.620   0.677 Y  0.450      SignalP-TM
CP065318.1_645             0.175  18  0.349  18  0.821  16  0.630   0.459 Y  0.450      SignalP-TM
CP065318.1_658             0.192  28  0.422  21  0.971  12  0.931   0.661 Y  0.570      SignalP-noTM
CP065318.1_658             0.423  28  0.606  28  0.917  19  0.843   0.699 Y  0.450      SignalP-TM
CP065318.1_679             0.210  39  0.368  22  0.917   3  0.880   0.608 Y  0.570      SignalP-noTM
CP065318.1_679             0.332  27  0.543  27  0.970  13  0.872   0.671 Y  0.450      SignalP-TM
CP065318.1_709             0.383  37  0.516  37  0.880  31  0.491   0.506 Y  0.450      SignalP-TM
CP065318.1_711             0.526  53  0.534  53  0.694  48  0.370   0.470 Y  0.450      SignalP-TM
CP065318.1_716             0.352  20  0.459  20  0.736  16  0.567   0.501 Y  0.450      SignalP-TM
CP065318.1_733             0.327  34  0.517  34  0.961  15  0.878   0.658 Y  0.450      SignalP-TM
CP065318.1_733             0.461  25  0.645  25  0.944  14  0.900   0.765 Y  0.570      SignalP-noTM
CP065318.1_772             0.464  30  0.612  30  0.992  13  0.899   0.747 Y  0.570      SignalP-noTM
CP065318.1_772             0.606  30  0.717  30  0.962  16  0.887   0.783 Y  0.450      SignalP-TM
CP065318.1_8               0.396  28  0.593  28  0.969  14  0.911   0.742 Y  0.570      SignalP-noTM
CP065318.1_8               0.614  30  0.742  30  0.946  24  0.851   0.785 Y  0.450      SignalP-TM
CP065318.1_852             0.784  34  0.707  34  0.758  21  0.601   0.665 Y  0.450      SignalP-TM
CP065318.1_854             0.576  47  0.653  47  0.960  39  0.534   0.597 Y  0.570      SignalP-noTM
CP065318.1_854             0.671  47  0.767  47  0.953  40  0.559   0.686 Y  0.450      SignalP-TM
CP065318.1_890             0.276  26  0.425  26  0.782   8  0.681   0.525 Y  0.450      SignalP-TM
CP065318.1_902             0.668  36  0.711  36  0.891  26  0.751   0.726 Y  0.450      SignalP-TM
CP065318.1_922             0.209  37  0.371  37  0.774   2  0.613   0.465 Y  0.450      SignalP-TM
CP065318.1_939             0.238  38  0.373  38  0.761  29  0.589   0.458 Y  0.450      SignalP-TM
CP065318.1_993             0.647  29  0.706  29  0.880  14  0.771   0.731 Y  0.450      SignalP-TM
CP065318.1_993             0.778  29  0.673  29  0.951  16  0.777   0.722 Y  0.570      SignalP-noTM
