CP065313.1_1004            0.175  30  0.361  30  0.894  17  0.779   0.524 Y  0.450      SignalP-TM
CP065313.1_1005            0.522  24  0.607  24  0.878   6  0.755   0.665 Y  0.450      SignalP-TM
CP065313.1_1005            0.685  24  0.762  24  0.928   7  0.879   0.817 Y  0.570      SignalP-noTM
CP065313.1_1012            0.183  34  0.335  28  0.867  18  0.771   0.505 Y  0.450      SignalP-TM
CP065313.1_1012            0.686  28  0.743  28  0.852  26  0.707   0.730 Y  0.510      SignalP-TM
CP065313.1_1014            0.523  23  0.611  23  0.808  10  0.712   0.650 Y  0.450      SignalP-TM
CP065313.1_1014            0.779  23  0.772  23  0.907  21  0.765   0.769 Y  0.570      SignalP-noTM
CP065313.1_1015            0.352  26  0.417  26  0.801   8  0.585   0.482 Y  0.450      SignalP-TM
CP065313.1_1015            0.893  26  0.911  26  0.979  17  0.933   0.921 Y  0.570      SignalP-noTM
CP065313.1_1027            0.115  27  0.284  19  0.874   8  0.753   0.467 Y  0.450      SignalP-TM
CP065313.1_1034            0.175  28  0.327  28  0.859  10  0.653   0.454 Y  0.450      SignalP-TM
CP065313.1_1034            0.562  28  0.714  28  0.994  15  0.929   0.815 Y  0.570      SignalP-noTM
CP065313.1_1040            0.477  23  0.480  23  0.638   4  0.525   0.497 Y  0.450      SignalP-TM
CP065313.1_1040            0.747  23  0.780  23  0.927  20  0.817   0.797 Y  0.570      SignalP-noTM
CP065313.1_1049            0.664  24  0.763  24  0.981  10  0.919   0.836 Y  0.570      SignalP-noTM
CP065313.1_1049            0.799  24  0.873  24  0.973  10  0.951   0.904 Y  0.450      SignalP-TM
CP065313.1_1054            0.261  25  0.461  25  0.900  12  0.822   0.602 Y  0.450      SignalP-TM
CP065313.1_1055            0.429  24  0.533  24  0.769  15  0.648   0.577 Y  0.450      SignalP-TM
CP065313.1_1055            0.750  24  0.705  24  0.828   3  0.700   0.703 Y  0.570      SignalP-noTM
CP065313.1_1056            0.328  29  0.413  29  0.795  13  0.607   0.489 Y  0.450      SignalP-TM
CP065313.1_1056            0.526  29  0.592  24  0.913  17  0.827   0.703 Y  0.570      SignalP-noTM
CP065313.1_106             0.351  27  0.533  27  0.937  16  0.843   0.654 Y  0.450      SignalP-TM
CP065313.1_106             0.721  27  0.767  27  0.948  17  0.860   0.811 Y  0.570      SignalP-noTM
CP065313.1_1066            0.214  25  0.432  25  0.962   6  0.895   0.612 Y  0.450      SignalP-TM
CP065313.1_1066            0.408  23  0.608  23  0.983   8  0.933   0.761 Y  0.570      SignalP-noTM
CP065313.1_1067            0.586  26  0.740  26  0.981  17  0.943   0.836 Y  0.570      SignalP-noTM
CP065313.1_1067            0.619  26  0.727  26  0.938  14  0.873   0.784 Y  0.450      SignalP-TM
CP065313.1_1082            0.638  29  0.675  29  0.900  10  0.791   0.720 Y  0.450      SignalP-TM
CP065313.1_1082            0.646  29  0.662  29  0.789  25  0.700   0.676 Y  0.510      SignalP-TM
CP065313.1_1083            0.766  29  0.793  29  0.947  15  0.864   0.821 Y  0.450      SignalP-TM
CP065313.1_1083            0.804  29  0.812  29  0.977  17  0.897   0.852 Y  0.570      SignalP-noTM
CP065313.1_1084            0.388  22  0.546  22  0.881   7  0.801   0.646 Y  0.450      SignalP-TM
CP065313.1_1084            0.705  22  0.815  22  0.970   9  0.948   0.877 Y  0.570      SignalP-noTM
CP065313.1_1092            0.543  22  0.657  22  0.891  13  0.801   0.725 Y  0.570      SignalP-noTM
CP065313.1_1102            0.681  22  0.800  22  0.973  10  0.931   0.861 Y  0.570      SignalP-noTM
CP065313.1_1102            0.682  22  0.794  22  0.947  11  0.874   0.825 Y  0.450      SignalP-TM
CP065313.1_1103            0.431  28  0.597  28  0.912  24  0.671   0.632 Y  0.570      SignalP-noTM
CP065313.1_1103            0.732  36  0.723  36  0.917  21  0.649   0.694 Y  0.450      SignalP-TM
CP065313.1_1116            0.263  32  0.414  32  0.770  26  0.532   0.460 Y  0.450      SignalP-TM
CP065313.1_1121            0.444  24  0.554  24  0.926   2  0.777   0.659 Y  0.570      SignalP-noTM
CP065313.1_1131            0.198  28  0.336  28  0.882   2  0.667   0.465 Y  0.450      SignalP-TM
CP065313.1_1131            0.641  20  0.734  20  0.925  18  0.852   0.790 Y  0.570      SignalP-noTM
CP065313.1_1135            0.594  20  0.713  20  0.920  19  0.852   0.767 Y  0.450      SignalP-TM
CP065313.1_1135            0.899  20  0.906  20  0.953  19  0.892   0.899 Y  0.570      SignalP-noTM
CP065313.1_1138            0.363  25  0.530  25  0.846  20  0.715   0.602 Y  0.450      SignalP-TM
CP065313.1_1138            0.419  25  0.597  25  0.949  21  0.846   0.714 Y  0.570      SignalP-noTM
CP065313.1_1154            0.700  22  0.748  22  0.909   1  0.814   0.779 Y  0.570      SignalP-noTM
CP065313.1_1154            0.738  22  0.802  22  0.910  20  0.874   0.830 Y  0.450      SignalP-TM
CP065313.1_1159            0.454  36  0.564  28  0.899  22  0.821   0.685 Y  0.570      SignalP-noTM
CP065313.1_1159            0.491  36  0.464  36  0.869  10  0.627   0.528 Y  0.450      SignalP-TM
CP065313.1_1169            0.245  51  0.415  26  0.937  19  0.863   0.589 Y  0.450      SignalP-TM
CP065313.1_1169            0.706  24  0.804  24  0.992  10  0.939   0.867 Y  0.570      SignalP-noTM
CP065313.1_1182            0.768  30  0.768  30  0.912  23  0.814   0.786 Y  0.450      SignalP-TM
CP065313.1_1182            0.776  25  0.819  25  0.943  12  0.887   0.851 Y  0.570      SignalP-noTM
CP065313.1_1189            0.367  21  0.477  21  0.832   1  0.662   0.549 Y  0.450      SignalP-TM
CP065313.1_1189            0.635  21  0.735  21  0.936  18  0.872   0.800 Y  0.570      SignalP-noTM
CP065313.1_1191            0.447  20  0.625  20  0.900  18  0.838   0.708 Y  0.450      SignalP-TM
CP065313.1_1191            0.886  20  0.923  20  0.971  18  0.948   0.935 Y  0.570      SignalP-noTM
CP065313.1_1192            0.270  26  0.457  26  0.904   9  0.802   0.592 Y  0.450      SignalP-TM
CP065313.1_1192            0.695  26  0.726  26  0.918  18  0.819   0.770 Y  0.570      SignalP-noTM
CP065313.1_1197            0.395  29  0.577  29  0.955  21  0.799   0.664 Y  0.450      SignalP-TM
CP065313.1_1197            0.533  26  0.702  26  0.970  12  0.910   0.800 Y  0.570      SignalP-noTM
CP065313.1_1203            0.770  25  0.858  25  0.971  20  0.929   0.886 Y  0.450      SignalP-TM
CP065313.1_1203            0.802  25  0.873  25  0.972  13  0.944   0.907 Y  0.570      SignalP-noTM
CP065313.1_1204            0.276  39  0.403  27  0.912  16  0.826   0.568 Y  0.450      SignalP-TM
CP065313.1_1204            0.330  30  0.492  30  0.907  17  0.741   0.584 Y  0.510      SignalP-TM
CP065313.1_1206            0.462  27  0.637  27  0.988  12  0.900   0.761 Y  0.570      SignalP-noTM
CP065313.1_1206            0.504  27  0.678  27  0.940  23  0.868   0.752 Y  0.450      SignalP-TM
CP065313.1_1207            0.206  18  0.426  18  0.921   5  0.888   0.643 Y  0.570      SignalP-noTM
CP065313.1_1207            0.252  29  0.418  29  0.907  12  0.780   0.559 Y  0.450      SignalP-TM
CP065313.1_1228            0.408  27  0.574  27  0.920  22  0.818   0.669 Y  0.450      SignalP-TM
CP065313.1_1228            0.603  23  0.717  23  0.952  16  0.871   0.790 Y  0.570      SignalP-noTM
CP065313.1_1229            0.355  29  0.562  29  0.946  20  0.894   0.691 Y  0.450      SignalP-TM
CP065313.1_1229            0.566  29  0.699  29  0.956  20  0.894   0.791 Y  0.570      SignalP-noTM
CP065313.1_1230            0.643  23  0.747  23  0.945   9  0.869   0.794 Y  0.450      SignalP-TM
CP065313.1_1230            0.733  23  0.828  23  0.978   9  0.945   0.883 Y  0.570      SignalP-noTM
CP065313.1_1231            0.399  21  0.434  21  0.603   1  0.491   0.456 Y  0.450      SignalP-TM
CP065313.1_1231            0.877  21  0.768  21  0.848  19  0.664   0.719 Y  0.570      SignalP-noTM
CP065313.1_1237            0.465  31  0.598  31  0.953  22  0.807   0.679 Y  0.450      SignalP-TM
CP065313.1_1237            0.491  26  0.634  26  0.951  13  0.863   0.742 Y  0.570      SignalP-noTM
CP065313.1_124             0.302  36  0.509  36  0.959  30  0.579   0.536 Y  0.450      SignalP-TM
CP065313.1_124             0.413  33  0.587  33  0.957  31  0.632   0.608 Y  0.570      SignalP-noTM
CP065313.1_1243            0.419  22  0.619  22  0.971   7  0.928   0.740 Y  0.450      SignalP-TM
CP065313.1_1243            0.743  22  0.847  22  0.979  12  0.961   0.901 Y  0.570      SignalP-noTM
CP065313.1_1246            0.300  19  0.544  19  0.994  15  0.973   0.746 Y  0.570      SignalP-noTM
CP065313.1_1246            0.322  28  0.537  28  0.977  11  0.931   0.691 Y  0.450      SignalP-TM
CP065313.1_1247            0.349  29  0.569  29  0.958  22  0.870   0.686 Y  0.450      SignalP-TM
CP065313.1_1247            0.842  26  0.886  26  0.954  25  0.879   0.883 Y  0.570      SignalP-noTM
CP065313.1_1250            0.225  21  0.418  21  0.837  19  0.751   0.548 Y  0.450      SignalP-TM
CP065313.1_1250            0.679  21  0.787  21  0.957  19  0.913   0.846 Y  0.570      SignalP-noTM
CP065313.1_1259            0.370  24  0.571  24  0.951   7  0.901   0.700 Y  0.450      SignalP-TM
CP065313.1_1259            0.844  24  0.903  24  0.983  11  0.958   0.929 Y  0.570      SignalP-noTM
CP065313.1_1260            0.276  22  0.444  22  0.833   8  0.731   0.556 Y  0.450      SignalP-TM
CP065313.1_1260            0.774  22  0.830  22  0.934  19  0.886   0.856 Y  0.570      SignalP-noTM
CP065313.1_1261            0.319  22  0.510  22  0.912   5  0.841   0.639 Y  0.450      SignalP-TM
CP065313.1_1261            0.763  22  0.851  22  0.978  10  0.951   0.898 Y  0.570      SignalP-noTM
CP065313.1_1262            0.600  32  0.608  32  0.849  22  0.651   0.625 Y  0.450      SignalP-TM
CP065313.1_1262            0.817  32  0.712  32  0.858  22  0.613   0.676 Y  0.510      SignalP-TM
CP065313.1_1271            0.259  30  0.448  30  0.954  19  0.850   0.605 Y  0.450      SignalP-TM
CP065313.1_1271            0.586  22  0.735  22  0.948  17  0.907   0.816 Y  0.570      SignalP-noTM
CP065313.1_1272            0.585  34  0.732  34  0.980  27  0.747   0.739 Y  0.570      SignalP-noTM
CP065313.1_1278            0.482  21  0.651  21  0.919  17  0.876   0.739 Y  0.450      SignalP-TM
CP065313.1_1278            0.827  21  0.874  21  0.944   6  0.926   0.899 Y  0.570      SignalP-noTM
CP065313.1_1279            0.112  43  0.280  15  0.806   9  0.733   0.457 Y  0.450      SignalP-TM
CP065313.1_130             0.224  27  0.450  27  0.955  22  0.898   0.625 Y  0.450      SignalP-TM
CP065313.1_130             0.332  27  0.543  27  0.957  23  0.887   0.704 Y  0.570      SignalP-noTM
CP065313.1_1306            0.623  24  0.725  24  0.970  10  0.893   0.804 Y  0.570      SignalP-noTM
CP065313.1_1306            0.739  24  0.768  24  0.936   7  0.844   0.798 Y  0.450      SignalP-TM
CP065313.1_1310            0.206  25  0.365  25  0.826  23  0.616   0.463 Y  0.450      SignalP-TM
CP065313.1_1310            0.639  25  0.704  25  0.865  15  0.781   0.740 Y  0.570      SignalP-noTM
CP065313.1_1311            0.232  32  0.419  24  0.926  15  0.857   0.590 Y  0.450      SignalP-TM
CP065313.1_1311            0.792  24  0.837  24  0.934  12  0.892   0.863 Y  0.570      SignalP-noTM
CP065313.1_1312            0.518  23  0.658  23  0.955  20  0.841   0.744 Y  0.570      SignalP-noTM
CP065313.1_1316            0.346  26  0.494  26  0.907   8  0.778   0.627 Y  0.570      SignalP-noTM
CP065313.1_1316            0.588  26  0.590  26  0.848  12  0.682   0.626 Y  0.450      SignalP-TM
CP065313.1_1322            0.549  37  0.600  37  0.960  21  0.810   0.682 Y  0.450      SignalP-TM
CP065313.1_1322            0.559  37  0.585  25  0.985  22  0.948   0.755 Y  0.570      SignalP-noTM
CP065313.1_1323            0.322  26  0.428  26  0.734   7  0.623   0.505 Y  0.450      SignalP-TM
CP065313.1_1324            0.189  27  0.348  27  0.823  10  0.707   0.488 Y  0.450      SignalP-TM
CP065313.1_1334            0.332  23  0.546  23  0.972  21  0.896   0.682 Y  0.450      SignalP-TM
CP065313.1_1334            0.606  23  0.755  23  0.976  11  0.939   0.841 Y  0.570      SignalP-noTM
CP065313.1_1337            0.679  20  0.765  20  0.953  18  0.873   0.807 Y  0.450      SignalP-TM
CP065313.1_1337            0.865  20  0.878  20  0.949  18  0.884   0.880 Y  0.570      SignalP-noTM
CP065313.1_1341            0.439  21  0.546  21  0.882   2  0.738   0.621 Y  0.450      SignalP-TM
CP065313.1_1341            0.829  21  0.846  21  0.960  18  0.873   0.859 Y  0.570      SignalP-noTM
CP065313.1_1348            0.126  24  0.277  17  0.786   8  0.722   0.451 Y  0.450      SignalP-TM
CP065313.1_1348            0.228  18  0.454  18  0.970  16  0.908   0.667 Y  0.570      SignalP-noTM
CP065313.1_1362            0.393  22  0.597  22  0.933  13  0.896   0.714 Y  0.450      SignalP-TM
CP065313.1_1362            0.582  22  0.743  22  0.980   8  0.950   0.840 Y  0.570      SignalP-noTM
CP065313.1_1385            0.462  21  0.632  21  0.921  20  0.867   0.724 Y  0.450      SignalP-TM
CP065313.1_1385            0.893  21  0.921  21  0.973  19  0.939   0.930 Y  0.570      SignalP-noTM
CP065313.1_1386            0.244  28  0.436  26  0.939  13  0.860   0.601 Y  0.450      SignalP-TM
CP065313.1_1386            0.339  26  0.528  26  0.956  14  0.864   0.686 Y  0.570      SignalP-noTM
CP065313.1_1387            0.373  46  0.406  19  0.943  18  0.885   0.593 Y  0.450      SignalP-TM
CP065313.1_1387            0.838  19  0.870  19  0.965  18  0.897   0.883 Y  0.570      SignalP-noTM
CP065313.1_141             0.233  20  0.464  20  0.939   7  0.920   0.642 Y  0.450      SignalP-TM
CP065313.1_141             0.647  20  0.791  20  0.988  17  0.960   0.871 Y  0.570      SignalP-noTM
CP065313.1_1416            0.674  27  0.717  27  0.930  14  0.832   0.762 Y  0.450      SignalP-TM
CP065313.1_1416            0.871  27  0.853  27  0.987  10  0.904   0.877 Y  0.570      SignalP-noTM
CP065313.1_1418            0.385  38  0.509  38  0.913  19  0.763   0.608 Y  0.450      SignalP-TM
CP065313.1_1418            0.464  38  0.533  38  0.950  20  0.702   0.612 Y  0.570      SignalP-noTM
CP065313.1_1421            0.441  25  0.565  25  0.897   4  0.792   0.654 Y  0.450      SignalP-TM
CP065313.1_1421            0.494  25  0.627  25  0.916   6  0.841   0.728 Y  0.570      SignalP-noTM
CP065313.1_1422            0.346  26  0.554  26  0.928  22  0.873   0.678 Y  0.450      SignalP-TM
CP065313.1_1422            0.803  24  0.851  24  0.975   9  0.927   0.887 Y  0.570      SignalP-noTM
CP065313.1_1424            0.326  32  0.521  32  0.970  16  0.892   0.666 Y  0.450      SignalP-TM
CP065313.1_1424            0.340  32  0.492  32  0.950  17  0.823   0.648 Y  0.570      SignalP-noTM
CP065313.1_1429            0.181  49  0.271  11  0.789   3  0.737   0.453 Y  0.450      SignalP-TM
CP065313.1_1431            0.389  25  0.530  25  0.947   7  0.829   0.671 Y  0.570      SignalP-noTM
CP065313.1_1431            0.534  25  0.648  25  0.877   1  0.783   0.701 Y  0.450      SignalP-TM
CP065313.1_1433            0.327  28  0.534  28  0.918  17  0.872   0.666 Y  0.450      SignalP-TM
CP065313.1_1433            0.497  27  0.669  27  0.958  16  0.901   0.778 Y  0.570      SignalP-noTM
CP065313.1_1439            0.599  21  0.723  21  0.921  16  0.867   0.779 Y  0.450      SignalP-TM
CP065313.1_1439            0.893  21  0.931  21  0.985  17  0.964   0.946 Y  0.570      SignalP-noTM
CP065313.1_1442            0.585  25  0.665  25  0.884  11  0.793   0.715 Y  0.450      SignalP-TM
CP065313.1_1442            0.740  25  0.778  25  0.928   3  0.860   0.816 Y  0.570      SignalP-noTM
CP065313.1_1453            0.146  21  0.322  21  0.866   9  0.735   0.483 Y  0.450      SignalP-TM
CP065313.1_1454            0.336  22  0.474  22  0.809  19  0.670   0.547 Y  0.510      SignalP-TM
CP065313.1_1455            0.269  67  0.355  30  0.935  17  0.792   0.525 Y  0.450      SignalP-TM
CP065313.1_1455            0.594  30  0.612  30  0.972  15  0.801   0.701 Y  0.570      SignalP-noTM
CP065313.1_1456            0.683  21  0.766  21  0.938   4  0.879   0.810 Y  0.450      SignalP-TM
CP065313.1_1456            0.721  21  0.809  21  0.951  19  0.911   0.857 Y  0.570      SignalP-noTM
CP065313.1_1457            0.384  21  0.540  21  0.897  19  0.744   0.620 Y  0.450      SignalP-TM
CP065313.1_1457            0.731  21  0.810  21  0.957  19  0.905   0.854 Y  0.570      SignalP-noTM
CP065313.1_1465            0.256  33  0.412  33  0.884  12  0.750   0.544 Y  0.450      SignalP-TM
CP065313.1_149             0.286  28  0.449  28  0.920  16  0.774   0.576 Y  0.450      SignalP-TM
CP065313.1_149             0.573  28  0.528  28  0.785  14  0.625   0.574 Y  0.570      SignalP-noTM
CP065313.1_1492            0.240  23  0.464  23  0.932   3  0.901   0.669 Y  0.570      SignalP-noTM
CP065313.1_1492            0.316  32  0.421  32  0.884   7  0.721   0.538 Y  0.450      SignalP-TM
CP065313.1_1498            0.377  24  0.559  24  0.938   3  0.857   0.699 Y  0.570      SignalP-noTM
CP065313.1_1501            0.150  32  0.308  32  0.816  12  0.699   0.460 Y  0.450      SignalP-TM
CP065313.1_1501            0.374  27  0.557  27  0.945  17  0.845   0.692 Y  0.570      SignalP-noTM
CP065313.1_1511            0.445  25  0.609  25  0.905   8  0.845   0.701 Y  0.450      SignalP-TM
CP065313.1_1511            0.676  25  0.702  25  0.898   1  0.797   0.746 Y  0.570      SignalP-noTM
CP065313.1_1520            0.181  23  0.342  23  0.827  17  0.676   0.472 Y  0.450      SignalP-TM
CP065313.1_1520            0.886  21  0.876  21  0.935  17  0.864   0.870 Y  0.570      SignalP-noTM
CP065313.1_1521            0.307  32  0.465  32  0.912  16  0.760   0.580 Y  0.450      SignalP-TM
CP065313.1_1556            0.234  22  0.445  22  0.906  11  0.852   0.604 Y  0.450      SignalP-TM
CP065313.1_1556            0.458  22  0.660  22  0.969  20  0.947   0.795 Y  0.570      SignalP-noTM
CP065313.1_1558            0.603  25  0.556  25  0.791  22  0.396   0.494 Y  0.450      SignalP-TM
CP065313.1_1570            0.475  24  0.644  24  0.919  20  0.878   0.735 Y  0.450      SignalP-TM
CP065313.1_1570            0.730  24  0.828  24  0.976  10  0.945   0.883 Y  0.570      SignalP-noTM
CP065313.1_1575            0.155  20  0.351  20  0.856   3  0.807   0.529 Y  0.450      SignalP-TM
CP065313.1_1575            0.471  20  0.649  20  0.983   8  0.908   0.771 Y  0.570      SignalP-noTM
CP065313.1_1577            0.654  27  0.705  27  0.936   9  0.809   0.745 Y  0.450      SignalP-TM
CP065313.1_1577            0.706  27  0.735  27  0.950  15  0.838   0.783 Y  0.570      SignalP-noTM
CP065313.1_1581            0.275  22  0.450  22  0.901   2  0.773   0.602 Y  0.570      SignalP-noTM
CP065313.1_1582            0.392  22  0.451  22  0.817  20  0.473   0.460 Y  0.450      SignalP-TM
CP065313.1_1587            0.250  27  0.467  27  0.982  13  0.917   0.679 Y  0.570      SignalP-noTM
CP065313.1_1587            0.264  29  0.490  29  0.978  12  0.915   0.656 Y  0.450      SignalP-TM
CP065313.1_16              0.686  40  0.751  40  0.934  36  0.455   0.636 Y  0.450      SignalP-TM
CP065313.1_16              0.879  40  0.841  40  0.916  26  0.657   0.754 Y  0.570      SignalP-noTM
CP065313.1_160             0.284  30  0.438  30  0.912   4  0.784   0.573 Y  0.450      SignalP-TM
CP065313.1_160             0.740  22  0.827  22  0.958  20  0.927   0.874 Y  0.570      SignalP-noTM
CP065313.1_1606            0.244  32  0.446  32  0.953  12  0.880   0.615 Y  0.450      SignalP-TM
CP065313.1_1606            0.385  31  0.524  31  0.963  15  0.845   0.675 Y  0.570      SignalP-noTM
CP065313.1_1636            0.676  24  0.736  24  0.939  10  0.849   0.780 Y  0.450      SignalP-TM
CP065313.1_1636            0.703  24  0.744  24  0.949   9  0.847   0.792 Y  0.570      SignalP-noTM
CP065313.1_1639            0.755  25  0.814  25  0.953  18  0.872   0.841 Y  0.570      SignalP-noTM
CP065313.1_1641            0.518  27  0.582  27  0.828  17  0.682   0.621 Y  0.450      SignalP-TM
CP065313.1_1641            0.612  27  0.644  27  0.947  13  0.806   0.720 Y  0.570      SignalP-noTM
CP065313.1_1642            0.482  31  0.561  31  0.847  15  0.713   0.620 Y  0.450      SignalP-TM
CP065313.1_1642            0.549  31  0.619  31  0.940  17  0.781   0.695 Y  0.570      SignalP-noTM
CP065313.1_1644            0.576  31  0.641  31  0.877  22  0.723   0.673 Y  0.450      SignalP-TM
CP065313.1_1644            0.590  31  0.613  31  0.846  17  0.628   0.618 Y  0.510      SignalP-TM
CP065313.1_1645            0.391  24  0.539  24  0.835  20  0.703   0.603 Y  0.450      SignalP-TM
CP065313.1_1645            0.839  24  0.826  24  0.929  20  0.817   0.821 Y  0.570      SignalP-noTM
CP065313.1_165             0.185  22  0.388  22  0.882  11  0.819   0.556 Y  0.450      SignalP-TM
CP065313.1_165             0.756  22  0.840  22  0.969  17  0.916   0.876 Y  0.570      SignalP-noTM
CP065313.1_1653            0.322  33  0.427  33  0.745  29  0.540   0.471 Y  0.450      SignalP-TM
CP065313.1_166             0.770  33  0.725  33  0.955  19  0.816   0.768 Y  0.570      SignalP-noTM
CP065313.1_166             0.809  33  0.782  33  0.926  16  0.827   0.800 Y  0.450      SignalP-TM
CP065313.1_167             0.718  23  0.819  23  0.967  10  0.939   0.875 Y  0.570      SignalP-noTM
CP065313.1_167             0.724  23  0.822  23  0.951   9  0.918   0.859 Y  0.450      SignalP-TM
CP065313.1_1671            0.453  22  0.600  22  0.881   3  0.824   0.687 Y  0.450      SignalP-TM
CP065313.1_1671            0.775  22  0.842  22  0.951  16  0.906   0.872 Y  0.570      SignalP-noTM
CP065313.1_1672            0.478  41  0.620  41  0.856  38  0.512   0.578 Y  0.450      SignalP-TM
CP065313.1_1672            0.530  41  0.670  41  0.946  23  0.644   0.658 Y  0.570      SignalP-noTM
CP065313.1_1674            0.249  25  0.359  25  0.849   1  0.624   0.462 Y  0.450      SignalP-TM
CP065313.1_1675            0.843  21  0.825  21  0.915  19  0.801   0.814 Y  0.570      SignalP-noTM
CP065313.1_1677            0.136  30  0.288  14  0.897   7  0.829   0.499 Y  0.450      SignalP-TM
CP065313.1_1677            0.276  30  0.432  30  0.939   5  0.812   0.611 Y  0.570      SignalP-noTM
CP065313.1_1678            0.433  50  0.543  50  0.851  31  0.558   0.549 Y  0.450      SignalP-TM
CP065313.1_1678            0.624  50  0.623  50  0.939  36  0.574   0.600 Y  0.570      SignalP-noTM
CP065313.1_1679            0.200  25  0.416  25  0.924  14  0.850   0.585 Y  0.450      SignalP-TM
CP065313.1_1679            0.610  23  0.763  23  0.977  19  0.934   0.844 Y  0.570      SignalP-noTM
CP065313.1_168             0.190  19  0.370  19  0.851  17  0.716   0.505 Y  0.450      SignalP-TM
CP065313.1_168             0.583  19  0.723  19  0.943  12  0.892   0.802 Y  0.570      SignalP-noTM
CP065313.1_1680            0.295  24  0.441  24  0.947   2  0.767   0.568 Y  0.450      SignalP-TM
CP065313.1_1680            0.642  24  0.729  24  0.978  10  0.889   0.805 Y  0.570      SignalP-noTM
CP065313.1_1685            0.316  23  0.543  23  0.965  16  0.900   0.682 Y  0.450      SignalP-TM
CP065313.1_1685            0.650  23  0.791  23  0.975  15  0.949   0.865 Y  0.570      SignalP-noTM
CP065313.1_1686            0.217  29  0.412  28  0.934  20  0.836   0.577 Y  0.450      SignalP-TM
CP065313.1_1686            0.262  25  0.472  25  0.944  18  0.874   0.661 Y  0.570      SignalP-noTM
CP065313.1_1691            0.695  24  0.678  24  0.834  22  0.628   0.658 Y  0.450      SignalP-TM
CP065313.1_1691            0.729  24  0.788  24  0.908   4  0.852   0.818 Y  0.570      SignalP-noTM
CP065313.1_17              0.549  22  0.645  22  0.891  18  0.758   0.689 Y  0.450      SignalP-TM
CP065313.1_17              0.882  22  0.907  22  0.961  18  0.933   0.919 Y  0.570      SignalP-noTM
CP065313.1_1701            0.380  21  0.478  21  0.787   4  0.635   0.539 Y  0.450      SignalP-TM
CP065313.1_1701            0.652  21  0.709  21  0.876  18  0.773   0.739 Y  0.570      SignalP-noTM
CP065313.1_1711            0.251  28  0.382  28  0.925   4  0.718   0.513 Y  0.450      SignalP-TM
CP065313.1_1711            0.805  21  0.854  21  0.955  15  0.919   0.885 Y  0.570      SignalP-noTM
CP065313.1_1717            0.274  21  0.440  21  0.835   1  0.716   0.547 Y  0.450      SignalP-TM
CP065313.1_1717            0.424  21  0.591  21  0.934  17  0.834   0.705 Y  0.570      SignalP-noTM
CP065313.1_1718            0.353  22  0.582  22  0.978  10  0.956   0.758 Y  0.570      SignalP-noTM
CP065313.1_1718            0.536  23  0.661  23  0.907   7  0.843   0.732 Y  0.450      SignalP-TM
CP065313.1_1727            0.373  30  0.438  30  0.725  17  0.561   0.486 Y  0.450      SignalP-TM
CP065313.1_173             0.196  29  0.384  29  0.862  21  0.772   0.535 Y  0.450      SignalP-TM
CP065313.1_173             0.236  27  0.445  27  0.889  16  0.816   0.619 Y  0.570      SignalP-noTM
CP065313.1_1737            0.140  60  0.296  15  0.796   2  0.722   0.462 Y  0.450      SignalP-TM
CP065313.1_1744            0.239  26  0.450  26  0.899  17  0.781   0.579 Y  0.450      SignalP-TM
CP065313.1_1744            0.310  28  0.488  28  0.879  12  0.777   0.624 Y  0.570      SignalP-noTM
CP065313.1_1746            0.786  23  0.674  23  0.843   2  0.640   0.658 Y  0.570      SignalP-noTM
CP065313.1_1747            0.384  21  0.540  21  0.897  19  0.744   0.620 Y  0.450      SignalP-TM
CP065313.1_1747            0.731  21  0.810  21  0.957  19  0.905   0.854 Y  0.570      SignalP-noTM
CP065313.1_1748            0.683  21  0.766  21  0.938   4  0.879   0.810 Y  0.450      SignalP-TM
CP065313.1_1748            0.721  21  0.809  21  0.951  19  0.911   0.857 Y  0.570      SignalP-noTM
CP065313.1_1754            0.216  40  0.355  20  0.836  10  0.771   0.517 Y  0.450      SignalP-TM
CP065313.1_1754            0.676  20  0.790  20  0.941  10  0.911   0.847 Y  0.570      SignalP-noTM
CP065313.1_1773            0.346  21  0.471  21  0.768   4  0.668   0.548 Y  0.450      SignalP-TM
CP065313.1_1773            0.812  21  0.817  21  0.906  12  0.844   0.829 Y  0.570      SignalP-noTM
CP065313.1_1800            0.523  27  0.696  27  0.974  19  0.928   0.805 Y  0.570      SignalP-noTM
CP065313.1_1800            0.533  27  0.686  27  0.946  12  0.899   0.769 Y  0.450      SignalP-TM
CP065313.1_1801            0.428  24  0.433  24  0.682   1  0.507   0.462 Y  0.450      SignalP-TM
CP065313.1_1803            0.643  24  0.603  24  0.804   4  0.633   0.617 Y  0.570      SignalP-noTM
CP065313.1_1804            0.355  25  0.566  25  0.985  17  0.931   0.738 Y  0.570      SignalP-noTM
CP065313.1_1804            0.436  25  0.631  25  0.960  18  0.909   0.740 Y  0.450      SignalP-TM
CP065313.1_1810            0.633  23  0.767  23  0.953  11  0.931   0.831 Y  0.450      SignalP-TM
CP065313.1_1810            0.887  23  0.920  23  0.970  12  0.953   0.935 Y  0.570      SignalP-noTM
CP065313.1_1816            0.128  28  0.277  13  0.855   4  0.769   0.469 Y  0.450      SignalP-TM
CP065313.1_1824            0.232  28  0.422  23  0.943   2  0.904   0.648 Y  0.570      SignalP-noTM
CP065313.1_1824            0.267  30  0.462  28  0.945  12  0.855   0.616 Y  0.450      SignalP-TM
CP065313.1_1835            0.153  27  0.345  15  0.930   2  0.899   0.606 Y  0.570      SignalP-noTM
CP065313.1_1835            0.271  29  0.434  29  0.882  14  0.761   0.562 Y  0.450      SignalP-TM
CP065313.1_1840            0.181  19  0.346  19  0.743  10  0.646   0.463 Y  0.450      SignalP-TM
CP065313.1_1855            0.434  30  0.454  30  0.797   7  0.592   0.508 Y  0.450      SignalP-TM
CP065313.1_1923            0.230  28  0.453  28  0.985  17  0.927   0.676 Y  0.570      SignalP-noTM
CP065313.1_1923            0.279  28  0.511  28  0.990  16  0.939   0.678 Y  0.450      SignalP-TM
CP065313.1_1927            0.559  31  0.590  31  0.887  15  0.754   0.654 Y  0.450      SignalP-TM
CP065313.1_1927            0.572  31  0.666  31  0.923  13  0.829   0.743 Y  0.570      SignalP-noTM
CP065313.1_194             0.367  21  0.578  21  0.938  19  0.891   0.700 Y  0.450      SignalP-TM
CP065313.1_194             0.388  22  0.602  21  0.953   9  0.928   0.755 Y  0.570      SignalP-noTM
CP065313.1_1940            0.260  20  0.400  20  0.823  18  0.640   0.494 Y  0.450      SignalP-TM
CP065313.1_1940            0.793  20  0.849  20  0.949  18  0.905   0.875 Y  0.570      SignalP-noTM
CP065313.1_1960            0.723  20  0.749  20  0.901  18  0.760   0.754 Y  0.570      SignalP-noTM
CP065313.1_1961            0.438  29  0.537  29  0.852  23  0.521   0.531 Y  0.450      SignalP-TM
CP065313.1_197             0.215  20  0.437  20  0.919  12  0.891   0.614 Y  0.450      SignalP-TM
CP065313.1_197             0.652  20  0.784  20  0.980  17  0.934   0.855 Y  0.570      SignalP-noTM
CP065313.1_1982            0.219  36  0.329  29  0.922   4  0.743   0.490 Y  0.450      SignalP-TM
CP065313.1_1982            0.317  20  0.543  20  0.956  18  0.933   0.726 Y  0.570      SignalP-noTM
CP065313.1_1992            0.521  23  0.697  23  0.972  11  0.933   0.808 Y  0.570      SignalP-noTM
CP065313.1_1992            0.606  29  0.738  26  0.956  18  0.890   0.797 Y  0.450      SignalP-TM
CP065313.1_2013            0.420  25  0.547  25  0.839   9  0.749   0.626 Y  0.450      SignalP-TM
CP065313.1_2013            0.463  23  0.651  23  0.985  10  0.932   0.783 Y  0.570      SignalP-noTM
CP065313.1_2017            0.552  21  0.524  21  0.632   3  0.532   0.527 Y  0.510      SignalP-TM
CP065313.1_2029            0.659  20  0.692  20  0.796  13  0.727   0.705 Y  0.510      SignalP-TM
CP065313.1_2048            0.768  29  0.753  29  0.934  17  0.804   0.777 Y  0.570      SignalP-noTM
CP065313.1_2048            0.775  29  0.654  29  0.711  25  0.538   0.609 Y  0.450      SignalP-TM
CP065313.1_2065            0.380  36  0.485  28  0.961  13  0.878   0.638 Y  0.450      SignalP-TM
CP065313.1_2065            0.540  25  0.713  25  0.981  15  0.940   0.819 Y  0.570      SignalP-noTM
CP065313.1_208             0.612  21  0.729  21  0.913  19  0.872   0.785 Y  0.450      SignalP-TM
CP065313.1_208             0.829  21  0.872  21  0.951  11  0.923   0.896 Y  0.570      SignalP-noTM
CP065313.1_2085            0.291  22  0.528  22  0.974  11  0.939   0.689 Y  0.450      SignalP-TM
CP065313.1_2085            0.426  22  0.642  22  0.984  20  0.958   0.791 Y  0.570      SignalP-noTM
CP065313.1_2088            0.371  30  0.574  30  0.978  10  0.917   0.708 Y  0.450      SignalP-TM
CP065313.1_2088            0.843  22  0.897  22  0.973  12  0.950   0.922 Y  0.570      SignalP-noTM
CP065313.1_2089            0.173  19  0.380  19  0.899  15  0.842   0.560 Y  0.450      SignalP-TM
CP065313.1_2089            0.792  19  0.862  19  0.952  11  0.928   0.893 Y  0.570      SignalP-noTM
CP065313.1_2094            0.328  27  0.504  27  0.856  23  0.706   0.582 Y  0.450      SignalP-TM
CP065313.1_2108            0.209  27  0.348  27  0.927   9  0.711   0.490 Y  0.450      SignalP-TM
CP065313.1_2108            0.732  27  0.700  27  0.935  11  0.777   0.736 Y  0.570      SignalP-noTM
CP065313.1_2109            0.229  20  0.435  20  0.883  11  0.740   0.554 Y  0.450      SignalP-TM
CP065313.1_211             0.252  38  0.326  24  0.798  10  0.681   0.465 Y  0.450      SignalP-TM
CP065313.1_2119            0.220  22  0.390  22  0.938   8  0.769   0.537 Y  0.450      SignalP-TM
CP065313.1_2119            0.620  22  0.768  22  0.972  11  0.948   0.852 Y  0.570      SignalP-noTM
CP065313.1_2125            0.331  23  0.537  23  0.929   7  0.885   0.672 Y  0.450      SignalP-TM
CP065313.1_2125            0.575  23  0.739  23  0.965  19  0.944   0.835 Y  0.570      SignalP-noTM
CP065313.1_2126            0.278  21  0.442  21  0.921  18  0.712   0.547 Y  0.450      SignalP-TM
CP065313.1_2126            0.564  21  0.674  21  0.878  19  0.791   0.729 Y  0.570      SignalP-noTM
CP065313.1_2127            0.531  24  0.611  24  0.860  20  0.719   0.653 Y  0.450      SignalP-TM
CP065313.1_2127            0.566  17  0.706  17  0.907  10  0.880   0.788 Y  0.570      SignalP-noTM
CP065313.1_2128            0.505  25  0.696  25  0.991  12  0.968   0.824 Y  0.570      SignalP-noTM
CP065313.1_2128            0.529  29  0.705  29  0.981  14  0.950   0.800 Y  0.450      SignalP-TM
CP065313.1_2129            0.335  24  0.565  24  0.982  17  0.929   0.707 Y  0.450      SignalP-TM
CP065313.1_2129            0.657  21  0.802  21  0.985  12  0.963   0.877 Y  0.570      SignalP-noTM
CP065313.1_2130            0.458  22  0.606  22  0.890   6  0.816   0.688 Y  0.450      SignalP-TM
CP065313.1_2130            0.848  22  0.871  22  0.945  18  0.895   0.882 Y  0.570      SignalP-noTM
CP065313.1_2131            0.143  43  0.321  21  0.928   9  0.787   0.503 Y  0.450      SignalP-TM
CP065313.1_2131            0.805  21  0.872  21  0.958  12  0.939   0.904 Y  0.570      SignalP-noTM
CP065313.1_2134            0.123  37  0.280  17  0.865  11  0.756   0.466 Y  0.450      SignalP-TM
CP065313.1_2135            0.273  31  0.432  31  0.916  12  0.792   0.573 Y  0.450      SignalP-TM
CP065313.1_2135            0.456  29  0.562  29  0.968  15  0.833   0.690 Y  0.570      SignalP-noTM
CP065313.1_2136            0.377  24  0.593  24  0.976  15  0.922   0.722 Y  0.450      SignalP-TM
CP065313.1_2136            0.627  22  0.770  22  0.990  11  0.949   0.854 Y  0.570      SignalP-noTM
CP065313.1_2138            0.313  43  0.439  24  0.902  20  0.847   0.598 Y  0.450      SignalP-TM
CP065313.1_2138            0.669  23  0.787  23  0.940  13  0.920   0.850 Y  0.570      SignalP-noTM
CP065313.1_2141            0.557  27  0.671  27  0.913  12  0.804   0.723 Y  0.450      SignalP-TM
CP065313.1_2141            0.833  27  0.875  27  0.957  16  0.891   0.881 Y  0.510      SignalP-TM
CP065313.1_2142            0.489  26  0.479  26  0.598  19  0.478   0.479 Y  0.450      SignalP-TM
CP065313.1_2142            0.857  26  0.776  26  0.814   5  0.728   0.754 Y  0.570      SignalP-noTM
CP065313.1_2165            0.448  28  0.553  28  0.828  24  0.709   0.614 Y  0.450      SignalP-TM
CP065313.1_2165            0.580  28  0.614  28  0.835  24  0.666   0.639 Y  0.570      SignalP-noTM
CP065313.1_2166            0.167  62  0.340  20  0.843  12  0.779   0.511 Y  0.450      SignalP-TM
CP065313.1_2166            0.427  20  0.546  20  0.887  18  0.705   0.620 Y  0.570      SignalP-noTM
CP065313.1_217             0.420  23  0.566  23  0.868   6  0.785   0.652 Y  0.450      SignalP-TM
CP065313.1_217             0.605  23  0.712  23  0.940  11  0.852   0.778 Y  0.570      SignalP-noTM
CP065313.1_2176            0.701  25  0.741  25  0.896   9  0.805   0.766 Y  0.450      SignalP-TM
CP065313.1_2176            0.806  25  0.837  25  0.972  11  0.906   0.869 Y  0.570      SignalP-noTM
CP065313.1_22              0.150  29  0.320  29  0.879  21  0.685   0.463 Y  0.450      SignalP-TM
CP065313.1_2205            0.217  27  0.363  27  0.799  19  0.618   0.462 Y  0.450      SignalP-TM
CP065313.1_2206            0.250  27  0.474  24  0.957  11  0.908   0.643 Y  0.450      SignalP-TM
CP065313.1_2206            0.601  24  0.750  24  0.977  13  0.938   0.838 Y  0.570      SignalP-noTM
CP065313.1_2216            0.373  22  0.576  22  0.957  20  0.879   0.694 Y  0.450      SignalP-TM
CP065313.1_2216            0.826  22  0.872  22  0.946  17  0.912   0.891 Y  0.570      SignalP-noTM
CP065313.1_2220            0.329  25  0.466  23  0.935  15  0.773   0.610 Y  0.570      SignalP-noTM
CP065313.1_2221            0.368  26  0.565  26  0.907  12  0.870   0.684 Y  0.450      SignalP-TM
CP065313.1_2221            0.498  26  0.656  26  0.972  10  0.908   0.775 Y  0.570      SignalP-noTM
CP065313.1_2223            0.421  24  0.626  24  0.956  14  0.920   0.741 Y  0.450      SignalP-TM
CP065313.1_2223            0.719  24  0.832  24  0.984  11  0.964   0.894 Y  0.570      SignalP-noTM
CP065313.1_2224            0.334  24  0.551  24  0.930  14  0.888   0.683 Y  0.450      SignalP-TM
CP065313.1_2224            0.576  24  0.730  24  0.967  11  0.936   0.827 Y  0.570      SignalP-noTM
CP065313.1_2225            0.332  23  0.456  23  0.831  21  0.618   0.519 Y  0.450      SignalP-TM
CP065313.1_2227            0.283  27  0.472  27  0.965  19  0.863   0.625 Y  0.450      SignalP-TM
CP065313.1_2227            0.500  20  0.693  20  0.976  12  0.952   0.815 Y  0.570      SignalP-noTM
CP065313.1_2228            0.260  22  0.495  22  0.973  18  0.930   0.665 Y  0.450      SignalP-TM
CP065313.1_2228            0.808  22  0.879  22  0.977  12  0.947   0.911 Y  0.570      SignalP-noTM
CP065313.1_2229            0.376  24  0.451  24  0.804  22  0.455   0.452 Y  0.450      SignalP-TM
CP065313.1_2232            0.304  25  0.505  25  0.937  11  0.835   0.633 Y  0.450      SignalP-TM
CP065313.1_2232            0.662  25  0.696  25  0.903  24  0.758   0.725 Y  0.570      SignalP-noTM
CP065313.1_2241            0.636  33  0.706  33  0.932  17  0.840   0.758 Y  0.450      SignalP-TM
CP065313.1_2241            0.770  30  0.804  30  0.897  18  0.789   0.798 Y  0.510      SignalP-TM
CP065313.1_2242            0.171  48  0.307  24  0.816  13  0.705   0.462 Y  0.450      SignalP-TM
CP065313.1_2242            0.259  24  0.433  24  0.846  18  0.729   0.543 Y  0.510      SignalP-TM
CP065313.1_2244            0.178  26  0.370  26  0.876  14  0.799   0.572 Y  0.570      SignalP-noTM
CP065313.1_2244            0.392  34  0.527  29  0.912  24  0.718   0.602 Y  0.450      SignalP-TM
CP065313.1_2247            0.542  28  0.675  28  0.927  16  0.814   0.729 Y  0.450      SignalP-TM
CP065313.1_2247            0.746  28  0.748  28  0.870  22  0.633   0.706 Y  0.510      SignalP-TM
CP065313.1_2248            0.675  30  0.609  30  0.806   1  0.664   0.635 Y  0.570      SignalP-noTM
CP065313.1_2248            0.750  30  0.778  30  0.918  25  0.838   0.801 Y  0.450      SignalP-TM
CP065313.1_2264            0.255  28  0.474  28  0.972  13  0.919   0.683 Y  0.570      SignalP-noTM
CP065313.1_2264            0.334  28  0.511  28  0.918  12  0.827   0.634 Y  0.450      SignalP-TM
CP065313.1_2292            0.303  25  0.506  25  0.954   8  0.878   0.651 Y  0.450      SignalP-TM
CP065313.1_2292            0.591  25  0.752  25  0.995  10  0.963   0.851 Y  0.570      SignalP-noTM
CP065313.1_2299            0.135  25  0.342  25  0.941  13  0.874   0.550 Y  0.450      SignalP-TM
CP065313.1_2299            0.361  20  0.582  20  0.957  18  0.934   0.748 Y  0.570      SignalP-noTM
CP065313.1_23              0.531  26  0.701  26  0.970  14  0.906   0.798 Y  0.570      SignalP-noTM
CP065313.1_23              0.658  26  0.781  26  0.957  16  0.882   0.820 Y  0.450      SignalP-TM
CP065313.1_230             0.415  24  0.550  24  0.909   8  0.785   0.642 Y  0.450      SignalP-TM
CP065313.1_230             0.599  24  0.731  24  0.942  10  0.901   0.811 Y  0.570      SignalP-noTM
CP065313.1_2300            0.229  31  0.427  22  0.836   9  0.759   0.557 Y  0.450      SignalP-TM
CP065313.1_2300            0.335  22  0.553  22  0.952  17  0.906   0.719 Y  0.570      SignalP-noTM
CP065313.1_2302            0.197  30  0.371  30  0.895  19  0.777   0.529 Y  0.450      SignalP-TM
CP065313.1_2302            0.257  25  0.478  25  0.930  18  0.875   0.665 Y  0.570      SignalP-noTM
CP065313.1_2308            0.327  26  0.512  21  0.961  20  0.938   0.712 Y  0.570      SignalP-noTM
CP065313.1_2308            0.351  26  0.537  26  0.943  20  0.841   0.656 Y  0.450      SignalP-TM
CP065313.1_2311            0.531  26  0.708  26  0.964  23  0.933   0.796 Y  0.450      SignalP-TM
CP065313.1_2311            0.859  26  0.849  26  0.975  10  0.903   0.874 Y  0.570      SignalP-noTM
CP065313.1_2325            0.374  22  0.515  22  0.835   7  0.738   0.602 Y  0.450      SignalP-TM
CP065313.1_2325            0.859  22  0.874  22  0.948  20  0.902   0.888 Y  0.570      SignalP-noTM
CP065313.1_2326            0.456  26  0.566  26  0.885   7  0.747   0.637 Y  0.450      SignalP-TM
CP065313.1_2326            0.554  26  0.682  26  0.969  12  0.883   0.776 Y  0.570      SignalP-noTM
CP065313.1_2328            0.367  52  0.520  52  0.803  47  0.540   0.528 Y  0.450      SignalP-TM
CP065313.1_2328            0.629  52  0.752  52  0.954  48  0.559   0.661 Y  0.570      SignalP-noTM
CP065313.1_2339            0.450  34  0.557  34  0.802  31  0.551   0.554 Y  0.450      SignalP-TM
CP065313.1_2340            0.491  23  0.679  23  0.972  19  0.930   0.797 Y  0.570      SignalP-noTM
CP065313.1_2340            0.581  23  0.710  23  0.936  19  0.880   0.777 Y  0.450      SignalP-TM
CP065313.1_235             0.529  22  0.685  22  0.964  18  0.881   0.761 Y  0.450      SignalP-TM
CP065313.1_235             0.794  22  0.854  22  0.945  18  0.910   0.881 Y  0.570      SignalP-noTM
CP065313.1_2365            0.262  22  0.449  22  0.898  18  0.782   0.579 Y  0.450      SignalP-TM
CP065313.1_2365            0.540  22  0.689  22  0.949  17  0.885   0.781 Y  0.570      SignalP-noTM
CP065313.1_2369            0.811  21  0.858  21  0.950  17  0.875   0.866 Y  0.570      SignalP-noTM
CP065313.1_2371            0.233  23  0.432  23  0.947  14  0.826   0.617 Y  0.570      SignalP-noTM
CP065313.1_2371            0.241  34  0.376  21  0.943  16  0.797   0.540 Y  0.450      SignalP-TM
CP065313.1_2372            0.171  42  0.355  28  0.882  15  0.810   0.532 Y  0.450      SignalP-TM
CP065313.1_2376            0.242  21  0.375  21  0.748  17  0.601   0.463 Y  0.450      SignalP-TM
CP065313.1_2376            0.888  21  0.831  21  0.895  17  0.767   0.801 Y  0.570      SignalP-noTM
CP065313.1_2383            0.276  20  0.483  20  0.913  16  0.825   0.617 Y  0.450      SignalP-TM
CP065313.1_2383            0.644  20  0.765  20  0.953  16  0.892   0.824 Y  0.570      SignalP-noTM
CP065313.1_2389            0.666  27  0.760  27  0.930  12  0.805   0.777 Y  0.450      SignalP-TM
CP065313.1_2389            0.746  27  0.818  27  0.948  16  0.882   0.848 Y  0.570      SignalP-noTM
CP065313.1_2392            0.381  22  0.588  22  0.958  18  0.905   0.712 Y  0.450      SignalP-TM
CP065313.1_2392            0.837  22  0.894  22  0.981  11  0.951   0.921 Y  0.570      SignalP-noTM
CP065313.1_2393            0.331  29  0.527  29  0.911  25  0.845   0.651 Y  0.450      SignalP-TM
CP065313.1_2393            0.347  28  0.488  28  0.894   8  0.782   0.626 Y  0.570      SignalP-noTM
CP065313.1_2404            0.467  25  0.546  25  0.787  14  0.676   0.596 Y  0.450      SignalP-TM
CP065313.1_2404            0.788  25  0.610  25  0.602  14  0.499   0.569 Y  0.510      SignalP-TM
CP065313.1_2406            0.639  21  0.723  21  0.931   4  0.849   0.772 Y  0.450      SignalP-TM
CP065313.1_2406            0.681  21  0.780  21  0.938  19  0.900   0.836 Y  0.570      SignalP-noTM
CP065313.1_241             0.330  27  0.517  27  0.925  11  0.823   0.637 Y  0.450      SignalP-TM
CP065313.1_241             0.585  27  0.733  27  0.980  14  0.920   0.821 Y  0.570      SignalP-noTM
CP065313.1_2413            0.391  41  0.511  23  0.928   7  0.842   0.640 Y  0.450      SignalP-TM
CP065313.1_2413            0.690  23  0.805  23  0.984  11  0.944   0.870 Y  0.570      SignalP-noTM
CP065313.1_2425            0.683  22  0.753  22  0.895   6  0.835   0.785 Y  0.450      SignalP-TM
CP065313.1_2425            0.892  22  0.918  22  0.966  15  0.942   0.929 Y  0.570      SignalP-noTM
CP065313.1_2439            0.164  25  0.372  25  0.910  21  0.833   0.588 Y  0.570      SignalP-noTM
CP065313.1_2449            0.245  31  0.425  28  0.969  13  0.861   0.595 Y  0.450      SignalP-TM
CP065313.1_2449            0.433  26  0.616  26  0.992  13  0.918   0.758 Y  0.570      SignalP-noTM
CP065313.1_2453            0.445  21  0.610  21  0.868  17  0.824   0.694 Y  0.450      SignalP-TM
CP065313.1_2453            0.857  21  0.909  21  0.974  17  0.955   0.931 Y  0.570      SignalP-noTM
CP065313.1_2457            0.500  23  0.625  23  0.898   8  0.815   0.699 Y  0.450      SignalP-TM
CP065313.1_2457            0.629  23  0.725  23  0.945  10  0.878   0.797 Y  0.570      SignalP-noTM
CP065313.1_2470            0.144  29  0.289  17  0.868   7  0.768   0.476 Y  0.450      SignalP-TM
CP065313.1_2473            0.522  25  0.675  25  0.956  22  0.884   0.757 Y  0.450      SignalP-TM
CP065313.1_2473            0.618  25  0.722  25  0.953  17  0.890   0.801 Y  0.570      SignalP-noTM
CP065313.1_2476            0.314  34  0.508  24  0.932  15  0.872   0.650 Y  0.450      SignalP-TM
CP065313.1_2476            0.736  24  0.820  24  0.961  17  0.913   0.864 Y  0.570      SignalP-noTM
CP065313.1_2500            0.567  26  0.629  26  0.845  13  0.715   0.662 Y  0.450      SignalP-TM
CP065313.1_2500            0.684  26  0.781  26  0.945  19  0.885   0.830 Y  0.570      SignalP-noTM
CP065313.1_2503            0.548  21  0.644  21  0.868  18  0.776   0.695 Y  0.450      SignalP-TM
CP065313.1_2503            0.877  21  0.873  21  0.925  18  0.884   0.878 Y  0.570      SignalP-noTM
CP065313.1_2522            0.144  32  0.338  15  0.938   4  0.921   0.612 Y  0.570      SignalP-noTM
CP065313.1_2522            0.192  32  0.309  23  0.924   7  0.799   0.500 Y  0.450      SignalP-TM
CP065313.1_2529            0.263  21  0.438  21  0.909  18  0.730   0.552 Y  0.450      SignalP-TM
CP065313.1_2529            0.404  21  0.591  21  0.950  18  0.866   0.720 Y  0.570      SignalP-noTM
CP065313.1_257             0.303  22  0.459  22  0.875   1  0.728   0.585 Y  0.570      SignalP-noTM
CP065313.1_260             0.303  22  0.526  22  0.962   9  0.921   0.712 Y  0.570      SignalP-noTM
CP065313.1_260             0.500  33  0.603  25  0.929  19  0.855   0.701 Y  0.450      SignalP-TM
CP065313.1_264             0.378  21  0.510  21  0.882   3  0.742   0.601 Y  0.450      SignalP-TM
CP065313.1_264             0.571  21  0.688  21  0.936  17  0.854   0.766 Y  0.570      SignalP-noTM
CP065313.1_265             0.411  20  0.565  20  0.923  18  0.799   0.656 Y  0.450      SignalP-TM
CP065313.1_265             0.774  20  0.828  20  0.915  15  0.885   0.855 Y  0.570      SignalP-noTM
CP065313.1_288             0.307  24  0.420  24  0.724   8  0.623   0.499 Y  0.450      SignalP-TM
CP065313.1_293             0.199  25  0.377  25  0.886  20  0.641   0.480 Y  0.450      SignalP-TM
CP065313.1_306             0.217  27  0.352  27  0.736  12  0.624   0.458 Y  0.450      SignalP-TM
CP065313.1_306             0.251  24  0.449  24  0.942  18  0.828   0.627 Y  0.570      SignalP-noTM
CP065313.1_320             0.361  21  0.485  21  0.883   4  0.722   0.577 Y  0.450      SignalP-TM
CP065313.1_320             0.709  21  0.805  21  0.969  17  0.921   0.860 Y  0.570      SignalP-noTM
CP065313.1_360             0.243  21  0.441  21  0.907   6  0.828   0.592 Y  0.450      SignalP-TM
CP065313.1_360             0.878  21  0.924  21  0.988  10  0.963   0.942 Y  0.570      SignalP-noTM
CP065313.1_378             0.722  25  0.777  25  0.934   8  0.867   0.812 Y  0.450      SignalP-TM
CP065313.1_378             0.738  25  0.790  25  0.966  18  0.891   0.837 Y  0.570      SignalP-noTM
CP065313.1_379             0.204  26  0.336  26  0.898   6  0.690   0.474 Y  0.450      SignalP-TM
CP065313.1_379             0.445  26  0.570  24  0.891  22  0.785   0.671 Y  0.570      SignalP-noTM
CP065313.1_402             0.414  28  0.558  28  0.925  12  0.794   0.650 Y  0.450      SignalP-TM
CP065313.1_406             0.209  43  0.368  22  0.933   4  0.843   0.553 Y  0.450      SignalP-TM
CP065313.1_406             0.343  20  0.572  20  0.976  19  0.950   0.750 Y  0.570      SignalP-noTM
CP065313.1_41              0.605  21  0.756  21  0.979  17  0.925   0.822 Y  0.450      SignalP-TM
CP065313.1_41              0.861  21  0.914  21  0.985  20  0.957   0.934 Y  0.570      SignalP-noTM
CP065313.1_427             0.258  31  0.440  27  0.977  12  0.911   0.661 Y  0.570      SignalP-noTM
CP065313.1_427             0.271  37  0.402  37  0.905   6  0.763   0.543 Y  0.450      SignalP-TM
CP065313.1_453             0.280  24  0.493  24  0.954  14  0.863   0.637 Y  0.450      SignalP-TM
CP065313.1_453             0.712  24  0.801  24  0.965  17  0.918   0.856 Y  0.570      SignalP-noTM
CP065313.1_457             0.167  22  0.381  22  0.923   2  0.883   0.617 Y  0.570      SignalP-noTM
CP065313.1_457             0.184  25  0.408  25  0.966  12  0.911   0.604 Y  0.450      SignalP-TM
CP065313.1_459             0.475  27  0.638  27  0.946   9  0.881   0.732 Y  0.450      SignalP-TM
CP065313.1_459             0.669  27  0.789  27  0.979  17  0.941   0.860 Y  0.570      SignalP-noTM
CP065313.1_464             0.738  29  0.715  29  0.880  19  0.695   0.707 Y  0.510      SignalP-TM
CP065313.1_464             0.768  29  0.751  29  0.861  13  0.721   0.739 Y  0.450      SignalP-TM
CP065313.1_465             0.400  33  0.558  33  0.918  25  0.624   0.589 Y  0.570      SignalP-noTM
CP065313.1_475             0.254  38  0.398  54  0.907  49  0.669   0.503 Y  0.450      SignalP-TM
CP065313.1_477             0.581  32  0.642  32  0.933  16  0.822   0.727 Y  0.570      SignalP-noTM
CP065313.1_477             0.584  32  0.568  32  0.806   9  0.665   0.606 Y  0.450      SignalP-TM
CP065313.1_487             0.392  29  0.524  29  0.955  19  0.816   0.638 Y  0.450      SignalP-TM
CP065313.1_487             0.878  23  0.919  23  0.973  19  0.954   0.936 Y  0.570      SignalP-noTM
CP065313.1_49              0.313  23  0.510  23  0.943   7  0.853   0.643 Y  0.450      SignalP-TM
CP065313.1_49              0.696  23  0.816  23  0.980  19  0.952   0.880 Y  0.570      SignalP-noTM
CP065313.1_50              0.317  22  0.510  22  0.921  20  0.801   0.623 Y  0.450      SignalP-TM
CP065313.1_50              0.779  22  0.781  22  0.880   1  0.814   0.797 Y  0.570      SignalP-noTM
CP065313.1_516             0.180  22  0.350  22  0.743  18  0.665   0.472 Y  0.450      SignalP-TM
CP065313.1_516             0.192  22  0.396  22  0.895  12  0.836   0.603 Y  0.570      SignalP-noTM
CP065313.1_517             0.195  31  0.337  27  0.918   6  0.805   0.519 Y  0.450      SignalP-TM
CP065313.1_517             0.761  22  0.830  22  0.949   3  0.914   0.869 Y  0.570      SignalP-noTM
CP065313.1_520             0.414  28  0.570  28  0.903  21  0.818   0.667 Y  0.450      SignalP-TM
CP065313.1_520             0.447  22  0.618  22  0.924   2  0.871   0.737 Y  0.570      SignalP-noTM
CP065313.1_527             0.313  27  0.498  27  0.970  13  0.871   0.674 Y  0.570      SignalP-noTM
CP065313.1_527             0.355  29  0.540  29  0.964  10  0.879   0.672 Y  0.450      SignalP-TM
CP065313.1_528             0.281  24  0.464  24  0.824  15  0.743   0.573 Y  0.450      SignalP-TM
CP065313.1_528             0.619  24  0.727  24  0.926  21  0.857   0.788 Y  0.570      SignalP-noTM
CP065313.1_53              0.390  26  0.603  26  0.969  22  0.929   0.730 Y  0.450      SignalP-TM
CP065313.1_53              0.849  26  0.887  26  0.963  10  0.934   0.909 Y  0.570      SignalP-noTM
CP065313.1_532             0.380  23  0.567  23  0.922   7  0.856   0.680 Y  0.450      SignalP-TM
CP065313.1_532             0.722  23  0.810  23  0.941   8  0.916   0.860 Y  0.570      SignalP-noTM
CP065313.1_536             0.454  37  0.600  26  0.991  17  0.958   0.739 Y  0.450      SignalP-TM
CP065313.1_536             0.732  23  0.850  23  0.992  13  0.974   0.909 Y  0.570      SignalP-noTM
CP065313.1_538             0.402  27  0.588  27  0.979  17  0.897   0.708 Y  0.450      SignalP-TM
CP065313.1_538             0.736  21  0.840  21  0.984  10  0.952   0.893 Y  0.570      SignalP-noTM
CP065313.1_54              0.662  29  0.766  29  0.971  17  0.892   0.815 Y  0.450      SignalP-TM
CP065313.1_54              0.758  29  0.827  29  0.987  15  0.923   0.872 Y  0.570      SignalP-noTM
CP065313.1_586             0.277  22  0.464  22  0.863  10  0.804   0.624 Y  0.570      SignalP-noTM
CP065313.1_587             0.436  25  0.611  25  0.961  11  0.894   0.744 Y  0.570      SignalP-noTM
CP065313.1_587             0.585  25  0.708  25  0.949  21  0.811   0.748 Y  0.450      SignalP-TM
CP065313.1_591             0.640  30  0.686  30  0.984  11  0.855   0.766 Y  0.570      SignalP-noTM
CP065313.1_591             0.852  30  0.748  30  0.884  15  0.732   0.742 Y  0.450      SignalP-TM
CP065313.1_602             0.450  25  0.453  25  0.846   8  0.591   0.507 Y  0.450      SignalP-TM
CP065313.1_605             0.588  22  0.545  22  0.663   6  0.531   0.540 Y  0.450      SignalP-TM
CP065313.1_605             0.828  22  0.606  22  0.657  21  0.418   0.536 Y  0.510      SignalP-TM
CP065313.1_617             0.540  20  0.688  20  0.913   8  0.877   0.762 Y  0.450      SignalP-TM
CP065313.1_617             0.894  20  0.929  20  0.975  17  0.957   0.942 Y  0.570      SignalP-noTM
CP065313.1_619             0.580  20  0.698  20  0.903   8  0.852   0.758 Y  0.450      SignalP-TM
CP065313.1_619             0.892  20  0.926  20  0.971  18  0.954   0.939 Y  0.570      SignalP-noTM
CP065313.1_62              0.488  27  0.497  27  0.786  17  0.586   0.532 Y  0.450      SignalP-TM
CP065313.1_62              0.856  21  0.872  21  0.919  12  0.863   0.869 Y  0.510      SignalP-TM
CP065313.1_620             0.317  22  0.542  22  0.951  14  0.920   0.689 Y  0.450      SignalP-TM
CP065313.1_620             0.681  22  0.790  22  0.971  18  0.925   0.854 Y  0.570      SignalP-noTM
CP065313.1_621             0.585  30  0.664  30  0.913   9  0.809   0.720 Y  0.450      SignalP-TM
CP065313.1_621             0.861  30  0.834  30  0.920  13  0.834   0.834 Y  0.570      SignalP-noTM
CP065313.1_623             0.264  35  0.374  35  0.731   1  0.581   0.455 Y  0.450      SignalP-TM
CP065313.1_634             0.757  26  0.832  26  0.965  16  0.923   0.868 Y  0.450      SignalP-TM
CP065313.1_634             0.833  26  0.888  26  0.990  14  0.953   0.918 Y  0.570      SignalP-noTM
CP065313.1_635             0.216  19  0.432  19  0.906  13  0.860   0.599 Y  0.450      SignalP-TM
CP065313.1_64              0.449  26  0.623  26  0.978  12  0.906   0.733 Y  0.450      SignalP-TM
CP065313.1_64              0.558  26  0.721  26  0.990  11  0.949   0.828 Y  0.570      SignalP-noTM
CP065313.1_65              0.585  20  0.710  20  0.920  16  0.870   0.773 Y  0.450      SignalP-TM
CP065313.1_65              0.884  20  0.913  20  0.958  10  0.937   0.925 Y  0.570      SignalP-noTM
CP065313.1_657             0.253  32  0.427  32  0.903  21  0.742   0.550 Y  0.450      SignalP-TM
CP065313.1_657             0.276  30  0.472  30  0.960  21  0.821   0.636 Y  0.570      SignalP-noTM
CP065313.1_668             0.580  28  0.673  28  0.953  18  0.799   0.732 Y  0.570      SignalP-noTM
CP065313.1_668             0.636  28  0.725  28  0.941  20  0.731   0.727 Y  0.450      SignalP-TM
CP065313.1_673             0.581  24  0.687  24  0.929   7  0.852   0.752 Y  0.450      SignalP-TM
CP065313.1_673             0.840  24  0.886  24  0.982   8  0.946   0.914 Y  0.570      SignalP-noTM
CP065313.1_676             0.232  22  0.364  22  0.754   1  0.616   0.462 Y  0.450      SignalP-TM
CP065313.1_676             0.838  22  0.842  22  0.911   1  0.850   0.846 Y  0.570      SignalP-noTM
CP065313.1_691             0.653  37  0.695  37  0.860  21  0.756   0.719 Y  0.450      SignalP-TM
CP065313.1_692             0.151  20  0.360  20  0.958   8  0.883   0.606 Y  0.570      SignalP-noTM
CP065313.1_698             0.223  28  0.390  28  0.953   9  0.798   0.549 Y  0.450      SignalP-TM
CP065313.1_698             0.768  21  0.858  21  0.971  18  0.949   0.901 Y  0.570      SignalP-noTM
CP065313.1_703             0.192  21  0.414  21  0.935   8  0.897   0.602 Y  0.450      SignalP-TM
CP065313.1_703             0.347  21  0.548  21  0.939   3  0.886   0.707 Y  0.570      SignalP-noTM
CP065313.1_715             0.239  20  0.402  20  0.835  18  0.707   0.521 Y  0.450      SignalP-TM
CP065313.1_715             0.756  20  0.808  20  0.947  18  0.851   0.828 Y  0.570      SignalP-noTM
CP065313.1_718             0.475  23  0.529  23  0.841  21  0.558   0.540 Y  0.450      SignalP-TM
CP065313.1_718             0.836  23  0.783  23  0.878  21  0.753   0.769 Y  0.570      SignalP-noTM
CP065313.1_733             0.446  21  0.595  21  0.879  20  0.797   0.673 Y  0.450      SignalP-TM
CP065313.1_733             0.855  21  0.891  21  0.968  17  0.923   0.906 Y  0.570      SignalP-noTM
CP065313.1_735             0.279  35  0.427  35  0.762  30  0.514   0.461 Y  0.450      SignalP-TM
CP065313.1_747             0.469  26  0.585  26  0.891  17  0.784   0.663 Y  0.450      SignalP-TM
CP065313.1_747             0.835  19  0.890  19  0.962  11  0.939   0.913 Y  0.570      SignalP-noTM
CP065313.1_750             0.364  37  0.496  37  0.777  31  0.649   0.556 Y  0.450      SignalP-TM
CP065313.1_758             0.327  34  0.439  34  0.721  30  0.505   0.465 Y  0.450      SignalP-TM
CP065313.1_759             0.471  25  0.615  25  0.948   7  0.856   0.709 Y  0.450      SignalP-TM
CP065313.1_759             0.602  23  0.745  23  0.987  10  0.932   0.833 Y  0.570      SignalP-noTM
CP065313.1_762             0.275  28  0.448  28  0.908  16  0.786   0.580 Y  0.450      SignalP-TM
CP065313.1_762             0.299  17  0.535  17  0.971  10  0.948   0.729 Y  0.570      SignalP-noTM
CP065313.1_763             0.295  56  0.389  25  0.880  16  0.778   0.541 Y  0.450      SignalP-TM
CP065313.1_766             0.216  24  0.410  24  0.916   7  0.839   0.612 Y  0.570      SignalP-noTM
CP065313.1_766             0.298  31  0.424  31  0.855   5  0.722   0.540 Y  0.450      SignalP-TM
CP065313.1_767             0.832  24  0.811  24  0.871  22  0.780   0.796 Y  0.570      SignalP-noTM
CP065313.1_772             0.256  23  0.496  23  0.985  17  0.943   0.670 Y  0.450      SignalP-TM
CP065313.1_772             0.511  23  0.697  23  0.978  13  0.952   0.817 Y  0.570      SignalP-noTM
CP065313.1_793             0.212  31  0.375  22  0.968   8  0.940   0.641 Y  0.570      SignalP-noTM
CP065313.1_793             0.288  31  0.327  19  0.921   8  0.819   0.519 Y  0.450      SignalP-TM
CP065313.1_797             0.144  27  0.309  23  0.802   4  0.721   0.469 Y  0.450      SignalP-TM
CP065313.1_799             0.586  24  0.522  24  0.743  19  0.418   0.481 Y  0.450      SignalP-TM
CP065313.1_799             0.666  24  0.685  24  0.832  20  0.685   0.685 Y  0.570      SignalP-noTM
CP065313.1_80              0.251  30  0.481  30  0.956  25  0.707   0.587 Y  0.570      SignalP-noTM
CP065313.1_800             0.369  27  0.512  27  0.986   9  0.845   0.669 Y  0.570      SignalP-noTM
CP065313.1_800             0.425  27  0.569  27  0.930  14  0.835   0.672 Y  0.450      SignalP-TM
CP065313.1_81              0.158  25  0.342  25  0.839  21  0.748   0.500 Y  0.450      SignalP-TM
CP065313.1_81              0.254  25  0.443  25  0.891   3  0.820   0.620 Y  0.570      SignalP-noTM
CP065313.1_823             0.443  26  0.522  26  0.871   9  0.713   0.597 Y  0.450      SignalP-TM
CP065313.1_823             0.788  26  0.782  26  0.951  10  0.846   0.812 Y  0.570      SignalP-noTM
CP065313.1_824             0.227  25  0.464  25  0.964  23  0.906   0.636 Y  0.450      SignalP-TM
CP065313.1_824             0.759  25  0.855  25  0.986  11  0.958   0.903 Y  0.570      SignalP-noTM
CP065313.1_829             0.691  24  0.723  24  0.877  18  0.778   0.749 Y  0.570      SignalP-noTM
CP065313.1_830             0.359  31  0.465  31  0.771  27  0.491   0.475 Y  0.450      SignalP-TM
CP065313.1_835             0.147  25  0.302  25  0.865   8  0.709   0.461 Y  0.450      SignalP-TM
CP065313.1_835             0.245  23  0.431  23  0.887   2  0.785   0.597 Y  0.570      SignalP-noTM
CP065313.1_837             0.211  30  0.429  27  0.952  22  0.908   0.654 Y  0.570      SignalP-noTM
CP065313.1_837             0.211  34  0.372  34  0.933  21  0.765   0.525 Y  0.450      SignalP-TM
CP065313.1_840             0.335  21  0.491  21  0.831  17  0.710   0.576 Y  0.450      SignalP-TM
CP065313.1_840             0.624  21  0.748  21  0.930   1  0.899   0.819 Y  0.570      SignalP-noTM
CP065313.1_841             0.218  25  0.426  25  0.968   8  0.895   0.646 Y  0.570      SignalP-noTM
CP065313.1_841             0.231  25  0.418  25  0.922   6  0.826   0.577 Y  0.450      SignalP-TM
CP065313.1_848             0.346  24  0.451  24  0.793   8  0.662   0.533 Y  0.450      SignalP-TM
CP065313.1_848             0.656  24  0.688  24  0.851   9  0.731   0.708 Y  0.570      SignalP-noTM
CP065313.1_85              0.171  50  0.320  23  0.839  19  0.678   0.459 Y  0.450      SignalP-TM
CP065313.1_857             0.391  25  0.584  25  0.963   8  0.907   0.710 Y  0.450      SignalP-TM
CP065313.1_857             0.676  25  0.769  25  0.988  11  0.920   0.840 Y  0.570      SignalP-noTM
CP065313.1_859             0.391  25  0.584  25  0.963   8  0.907   0.710 Y  0.450      SignalP-TM
CP065313.1_859             0.676  25  0.769  25  0.988  11  0.920   0.840 Y  0.570      SignalP-noTM
CP065313.1_863             0.140  30  0.338  24  0.954  15  0.903   0.558 Y  0.450      SignalP-TM
CP065313.1_863             0.183  30  0.402  17  0.944   9  0.911   0.641 Y  0.570      SignalP-noTM
CP065313.1_865             0.286  28  0.476  28  0.899  20  0.799   0.602 Y  0.450      SignalP-TM
CP065313.1_865             0.452  21  0.601  21  0.905  11  0.810   0.699 Y  0.570      SignalP-noTM
CP065313.1_867             0.190  26  0.418  20  0.972  18  0.959   0.672 Y  0.570      SignalP-noTM
CP065313.1_867             0.244  28  0.448  28  0.891  16  0.807   0.588 Y  0.450      SignalP-TM
CP065313.1_875             0.338  30  0.511  30  0.940  19  0.831   0.662 Y  0.570      SignalP-noTM
CP065313.1_875             0.379  30  0.567  30  0.951  20  0.852   0.678 Y  0.450      SignalP-TM
CP065313.1_884             0.250  23  0.459  23  0.924  15  0.852   0.644 Y  0.570      SignalP-noTM
CP065313.1_884             0.386  23  0.566  23  0.925   7  0.861   0.681 Y  0.450      SignalP-TM
CP065313.1_891             0.517  23  0.559  23  0.808   1  0.660   0.598 Y  0.450      SignalP-TM
CP065313.1_891             0.720  23  0.727  23  0.862  12  0.768   0.746 Y  0.570      SignalP-noTM
CP065313.1_892             0.205  34  0.350  34  0.896   6  0.733   0.500 Y  0.450      SignalP-TM
CP065313.1_892             0.316  24  0.522  24  0.953   8  0.892   0.696 Y  0.570      SignalP-noTM
CP065313.1_898             0.320  39  0.469  39  0.955  20  0.840   0.614 Y  0.450      SignalP-TM
CP065313.1_898             0.427  39  0.567  39  0.994  21  0.832   0.692 Y  0.570      SignalP-noTM
CP065313.1_899             0.411  37  0.603  37  0.979  23  0.909   0.722 Y  0.450      SignalP-TM
CP065313.1_899             0.531  28  0.721  28  0.992  17  0.940   0.824 Y  0.570      SignalP-noTM
CP065313.1_906             0.358  25  0.562  25  0.925  16  0.882   0.687 Y  0.450      SignalP-TM
CP065313.1_906             0.511  25  0.679  25  0.961  12  0.919   0.792 Y  0.570      SignalP-noTM
CP065313.1_914             0.725  26  0.796  26  0.947  22  0.768   0.785 Y  0.450      SignalP-TM
CP065313.1_914             0.871  26  0.884  26  0.959  21  0.908   0.895 Y  0.570      SignalP-noTM
CP065313.1_915             0.262  22  0.497  22  0.962  12  0.926   0.664 Y  0.450      SignalP-TM
CP065313.1_915             0.848  22  0.909  22  0.985  15  0.958   0.932 Y  0.570      SignalP-noTM
CP065313.1_936             0.404  20  0.540  20  0.844   1  0.753   0.623 Y  0.450      SignalP-TM
CP065313.1_936             0.777  20  0.814  20  0.914  12  0.843   0.828 Y  0.570      SignalP-noTM
CP065313.1_938             0.491  28  0.503  28  0.664  26  0.533   0.515 Y  0.450      SignalP-TM
CP065313.1_938             0.767  28  0.636  28  0.629  19  0.537   0.599 Y  0.510      SignalP-TM
CP065313.1_945             0.541  32  0.680  32  0.969  15  0.901   0.766 Y  0.450      SignalP-TM
CP065313.1_945             0.548  32  0.683  32  0.983  17  0.893   0.782 Y  0.570      SignalP-noTM
CP065313.1_946             0.272  37  0.391  20  0.858   1  0.787   0.546 Y  0.450      SignalP-TM
CP065313.1_946             0.841  20  0.901  20  0.978  10  0.951   0.924 Y  0.570      SignalP-noTM
CP065313.1_952             0.187  24  0.405  24  0.961   6  0.909   0.642 Y  0.570      SignalP-noTM
CP065313.1_952             0.188  28  0.345  28  0.921   8  0.753   0.504 Y  0.450      SignalP-TM
CP065313.1_958             0.167  25  0.388  25  0.942  21  0.853   0.569 Y  0.450      SignalP-TM
CP065313.1_958             0.298  25  0.532  25  0.978  19  0.951   0.729 Y  0.570      SignalP-noTM
CP065313.1_961             0.463  23  0.642  23  0.959   7  0.908   0.746 Y  0.450      SignalP-TM
CP065313.1_961             0.697  23  0.822  23  0.991  10  0.967   0.890 Y  0.570      SignalP-noTM
CP065313.1_962             0.795  20  0.740  20  0.788  16  0.682   0.712 Y  0.570      SignalP-noTM
CP065313.1_963             0.148  58  0.334  20  0.943  16  0.901   0.555 Y  0.450      SignalP-TM
CP065313.1_963             0.697  26  0.714  26  0.929  18  0.784   0.747 Y  0.570      SignalP-noTM
CP065313.1_965             0.640  26  0.683  26  0.846  16  0.705   0.691 Y  0.450      SignalP-TM
CP065313.1_965             0.846  26  0.869  26  0.955  19  0.917   0.891 Y  0.570      SignalP-noTM
CP065313.1_972             0.516  23  0.576  23  0.805  21  0.644   0.602 Y  0.450      SignalP-TM
CP065313.1_972             0.665  23  0.741  23  0.958  20  0.838   0.787 Y  0.570      SignalP-noTM
CP065313.1_983             0.332  26  0.475  26  0.800  23  0.643   0.541 Y  0.450      SignalP-TM
CP065313.1_983             0.820  26  0.833  26  0.910  18  0.791   0.813 Y  0.570      SignalP-noTM
CP065313.1_990             0.225  26  0.399  26  0.872  15  0.726   0.527 Y  0.450      SignalP-TM
CP065313.1_990             0.249  26  0.408  26  0.941   1  0.777   0.582 Y  0.570      SignalP-noTM
CP065313.1_992             0.474  28  0.613  28  0.943  20  0.822   0.711 Y  0.570      SignalP-noTM
CP065313.1_992             0.591  28  0.720  28  0.925  23  0.851   0.771 Y  0.450      SignalP-TM
CP065313.1_997             0.243  31  0.423  23  0.907  16  0.869   0.597 Y  0.450      SignalP-TM
CP065313.1_997             0.537  23  0.690  23  0.948   7  0.905   0.791 Y  0.570      SignalP-noTM
CP065313.1_998             0.275  24  0.497  24  0.974  20  0.904   0.688 Y  0.570      SignalP-noTM
CP065313.1_998             0.341  24  0.542  24  0.922  20  0.867   0.668 Y  0.450      SignalP-TM
CP065313.1_999             0.471  23  0.599  23  0.881   6  0.794   0.675 Y  0.450      SignalP-TM
CP065313.1_999             0.632  23  0.753  23  0.960  17  0.911   0.827 Y  0.570      SignalP-noTM
