Response_reg	112	CP065321.1_1005	224	5.3e-25	1	112	4	113	0.991071428571
Trans_reg_C	77	CP065321.1_1005	224	9.4e-23	5	77	151	222	0.935064935065
HATPase_c	111	CP065321.1_1006	332	2e-21	2	107	221	323	0.945945945946
PfkB	302	CP065321.1_101	269	5.9e-09	130	282	71	232	0.503311258278
HD	122	CP065321.1_1012	194	1.4e-18	1	122	18	133	0.991803278689
CbiA	128	CP065321.1_1016	411	3.6e-05	9	87	110	258	0.609375
MarR	59	CP065321.1_1025	382	8.8e-06	14	49	334	369	0.593220338983
HD	122	CP065321.1_1032	216	2.2e-10	3	121	30	140	0.967213114754
HD	122	CP065321.1_1038	188	4.7e-06	2	90	19	92	0.72131147541
HTH_3	55	CP065321.1_1047	250	1.8e-12	1	55	7	61	0.981818181818
Peptidase_M23	96	CP065321.1_1053	339	1.3e-19	2	88	178	278	0.895833333333
HTH_3	55	CP065321.1_1056	142	2e-12	1	53	8	61	0.945454545455
HTH_3	55	CP065321.1_1060	69	1.7e-05	1	54	7	60	0.963636363636
HTH_IclR	52	CP065321.1_1074	235	5.3e-05	10	37	11	38	0.519230769231
HTH_5	47	CP065321.1_1124	87	1e-06	23	47	42	66	0.510638297872
PIG-L	131	CP065321.1_1131	210	5.2e-20	4	130	1	117	0.961832061069
HxlR	91	CP065321.1_1141	112	1e-27	1	89	20	109	0.967032967033
PadR	75	CP065321.1_1144	178	8.3e-12	1	74	8	82	0.973333333333
HTH_3	55	CP065321.1_1146	117	3.4e-12	1	54	12	65	0.963636363636
Sigma70_r4	50	CP065321.1_1147	168	4.9e-11	1	49	114	162	0.96
SBP_bac_1	315	CP065321.1_1155	574	7.8e-09	19	311	104	413	0.926984126984
Aminotran_1_2	363	CP065321.1_1165	390	5.3e-78	2	363	32	382	0.994490358127
AsnC_trans_reg	75	CP065321.1_1166	165	1.5e-16	1	73	66	138	0.96
HTH_3	55	CP065321.1_1172	70	2.5e-20	1	55	7	61	0.981818181818
Nitroreductase	170	CP065321.1_1177	175	1.4e-16	2	57	10	68	0.323529411765
Nitroreductase	170	CP065321.1_1177	175	4.9e-07	87	170	76	155	0.488235294118
SBP_bac_1	315	CP065321.1_1178	476	2.8e-21	10	314	71	362	0.965079365079
HTH_3	55	CP065321.1_1185	145	2.3e-17	1	55	18	72	0.981818181818
Response_reg	112	CP065321.1_1203	517	1e-19	1	108	3	112	0.955357142857
HTH_18	81	CP065321.1_1203	517	3.8e-25	2	80	436	513	0.962962962963
AAA	132	CP065321.1_1217	249	8.3e-06	3	110	35	141	0.810606060606
NTP_transf_2	95	CP065321.1_1226	121	1.3e-09	3	75	12	86	0.757894736842
NTP_transf_2	95	CP065321.1_1227	101	3.6e-10	11	44	21	54	0.347368421053
ACT	67	CP065321.1_123	153	1e-05	14	57	28	71	0.641791044776
ACT	67	CP065321.1_123	153	3.3e-06	7	58	100	147	0.761194029851
HTH_6	77	CP065321.1_1254	286	5.6e-19	6	74	7	75	0.883116883117
SIS	131	CP065321.1_1254	286	2.6e-21	2	129	128	255	0.969465648855
SBP_bac_1	315	CP065321.1_1261	518	9.5e-07	8	152	77	224	0.457142857143
LacI	46	CP065321.1_1262	320	1.6e-18	10	46	2	38	0.782608695652
Peripla_BP_3	164	CP065321.1_1262	320	1.4e-20	2	163	154	310	0.981707317073
FeoA	74	CP065321.1_1270	75	4.4e-18	1	73	1	71	0.972972972973
Pribosyltran	159	CP065321.1_1274	419	9.2e-15	13	137	213	340	0.779874213836
Arg_repressor	70	CP065321.1_128	149	4.5e-26	3	68	2	67	0.928571428571
FUR	120	CP065321.1_1287	149	1.9e-25	7	119	9	121	0.933333333333
TrkA_C	70	CP065321.1_1289	221	3.3e-14	5	68	153	215	0.9
Pyr_redox	81	CP065321.1_1290	206	6.7e-05	2	40	3	41	0.469135802469
HTH_11	55	CP065321.1_1315	298	1.8e-14	1	53	5	56	0.945454545455
SBP_bac_5	377	CP065321.1_1332	675	4.8e-49	4	354	123	552	0.928381962865
Sigma70_r4	50	CP065321.1_1337	119	4.2e-19	2	50	57	109	0.96
HTH_3	55	CP065321.1_1345	203	1.3e-13	1	55	13	67	0.981818181818
HTH_3	55	CP065321.1_1352	166	2e-07	1	54	45	99	0.963636363636
HTH_3	55	CP065321.1_1352	166	2.1e-08	1	37	116	152	0.654545454545
Sigma70_r2	71	CP065321.1_1353	122	3.2e-19	1	64	53	116	0.887323943662
Pribosyltran	159	CP065321.1_136	213	3e-08	80	131	120	171	0.320754716981
Sigma70_r3	78	CP065321.1_1365	164	7.9e-12	4	54	29	79	0.641025641026
Sigma70_r4	50	CP065321.1_1365	164	8.3e-15	1	49	110	158	0.96
Sigma70_r4_2	54	CP065321.1_1369	130	6.8e-10	3	54	68	119	0.944444444444
HTH_3	55	CP065321.1_1381	120	6.8e-06	1	53	19	71	0.945454545455
HTH_3	55	CP065321.1_1386	115	1.6e-16	2	55	11	64	0.963636363636
HTH_3	55	CP065321.1_1390	183	2.7e-16	1	51	12	62	0.909090909091
Sigma70_r2	71	CP065321.1_1390	183	3.4e-07	18	54	101	137	0.507042253521
Sigma70_r2	71	CP065321.1_1436	109	1e-14	1	54	41	94	0.746478873239
Sigma70_r3	78	CP065321.1_1461	79	3.4e-05	24	71	21	67	0.602564102564
Fer4	24	CP065321.1_147	258	2e-08	3	24	177	198	0.875
Fer4	24	CP065321.1_147	258	1.2e-06	2	23	205	226	0.875
HATPase_c	111	CP065321.1_1471	583	1.6e-07	13	109	325	472	0.864864864865
Response_reg	112	CP065321.1_1474	134	9.9e-19	1	109	3	118	0.964285714286
LytTR	98	CP065321.1_1475	93	6.4e-12	13	96	1	83	0.84693877551
SBP_bac_1	315	CP065321.1_1480	190	6.4e-05	121	315	16	163	0.615873015873
TetR_N	47	CP065321.1_1485	206	2e-15	3	47	12	56	0.936170212766
AraC_binding	136	CP065321.1_149	133	2.6e-06	19	80	51	114	0.448529411765
Fe_dep_repress	60	CP065321.1_1490	121	4.5e-11	3	57	4	58	0.9
Fe_dep_repr_C	70	CP065321.1_1490	121	4.4e-13	1	51	64	113	0.714285714286
EPSP_synthase	417	CP065321.1_1497	423	1.6e-67	85	416	70	408	0.79376498801
Fer4	24	CP065321.1_1499	374	9.2e-06	7	20	343	356	0.541666666667
SBP_bac_1	315	CP065321.1_15	564	1.3e-10	13	308	93	399	0.936507936508
MarR	59	CP065321.1_1504	156	1.9e-09	18	57	63	102	0.661016949153
Fer4	24	CP065321.1_1509	57	2.1e-09	2	24	3	25	0.916666666667
Fer4	24	CP065321.1_1509	57	1.5e-11	1	23	31	53	0.916666666667
HTH_1	60	CP065321.1_151	290	7.6e-23	1	59	3	61	0.966666666667
LysR_substrate	209	CP065321.1_151	290	2.4e-28	2	205	86	284	0.971291866029
Fe_dep_repress	60	CP065321.1_1510	123	4.6e-10	3	56	6	59	0.883333333333
Fe_dep_repr_C	70	CP065321.1_1510	123	4.6e-18	1	56	66	120	0.785714285714
HATPase_c	111	CP065321.1_1519	658	2.5e-06	9	69	29	81	0.540540540541
AAA	132	CP065321.1_1547	766	3e-14	2	112	176	291	0.833333333333
AAA	132	CP065321.1_1547	766	5.2e-11	2	110	509	626	0.818181818182
TrmB	68	CP065321.1_155	121	1.4e-06	4	58	25	86	0.794117647059
Phage_AlpA	51	CP065321.1_156	72	8.5e-06	3	41	15	52	0.745098039216
AAA	132	CP065321.1_1566	373	8.7e-21	1	131	82	206	0.984848484848
AraC_binding	136	CP065321.1_1567	109	6.6e-10	17	72	46	101	0.404411764706
Sigma70_r4	50	CP065321.1_157	126	9.2e-12	3	49	75	121	0.92
NUDIX	131	CP065321.1_1574	207	2.4e-11	9	116	76	178	0.81679389313
HATPase_c	111	CP065321.1_1575	661	8.4e-09	5	94	36	159	0.801801801802
AAA	132	CP065321.1_1576	663	1.7e-47	1	131	211	343	0.984848484848
Pribosyltran	159	CP065321.1_1577	179	1.4e-24	4	158	8	159	0.968553459119
Fer4	24	CP065321.1_159	258	2e-08	3	24	177	198	0.875
Fer4	24	CP065321.1_159	258	1.2e-06	2	23	205	226	0.875
Sigma70_r2	71	CP065321.1_1592	186	1.8e-11	4	68	24	85	0.901408450704
Sigma70_r4	50	CP065321.1_1592	186	3e-07	1	49	127	175	0.96
AAA	132	CP065321.1_1603	313	2.8e-05	2	111	38	147	0.825757575758
AraC_binding	136	CP065321.1_162	133	1.6e-05	19	80	51	114	0.448529411765
CbiA	128	CP065321.1_1623	259	1e-27	1	128	5	236	0.9921875
HTH_IclR	52	CP065321.1_1630	483	2.7e-06	11	50	431	469	0.75
HMA	62	CP065321.1_1635	73	3.2e-15	2	59	5	60	0.91935483871
HTH_5	47	CP065321.1_1637	116	1.1e-19	1	47	40	86	0.978723404255
HTH_1	60	CP065321.1_164	290	7.6e-23	1	59	3	61	0.966666666667
LysR_substrate	209	CP065321.1_164	290	2.4e-28	2	205	86	284	0.971291866029
HTH_7	45	CP065321.1_1653	377	2e-05	18	43	15	40	0.555555555556
HATPase_c	111	CP065321.1_1654	1038	2e-07	13	110	411	559	0.873873873874
Response_reg	112	CP065321.1_1659	712	1.7e-22	1	105	10	116	0.928571428571
HD	122	CP065321.1_1659	712	4.9e-17	13	121	184	302	0.885245901639
GGDEF	161	CP065321.1_1659	712	1.1e-31	1	160	519	667	0.987577639752
dCache_1	249	CP065321.1_1661	885	2.3e-08	8	247	51	286	0.95983935743
HisKA	64	CP065321.1_1661	885	6.7e-17	1	64	372	438	0.984375
HATPase_c	111	CP065321.1_1661	885	2e-29	1	110	485	603	0.981981981982
Response_reg	112	CP065321.1_1661	885	1.9e-20	2	107	620	731	0.9375
Response_reg	112	CP065321.1_1661	885	3.2e-23	1	109	763	876	0.964285714286
PfkB	302	CP065321.1_1672	307	6.6e-42	27	294	27	287	0.884105960265
MarR	59	CP065321.1_1680	336	5.3e-09	6	58	234	286	0.881355932203
HxlR	91	CP065321.1_1680	336	7.6e-05	37	86	263	313	0.538461538462
CBS	57	CP065321.1_1681	457	7.9e-09	8	56	326	373	0.842105263158
FeS	33	CP065321.1_1684	264	1.4e-13	1	33	43	75	0.969696969697
Fer4	24	CP065321.1_1684	264	5.3e-10	2	23	163	184	0.875
Fer4	24	CP065321.1_1684	264	5.8e-11	3	24	238	259	0.875
Fer4	24	CP065321.1_1691	453	5.9e-07	5	21	377	393	0.666666666667
HTH_3	55	CP065321.1_1694	148	2.9e-18	3	53	9	59	0.909090909091
Pribosyltran	159	CP065321.1_1701	248	5.5e-11	57	125	148	217	0.427672955975
HisKA	64	CP065321.1_1745	469	1e-18	1	64	248	313	0.984375
HATPase_c	111	CP065321.1_1745	469	6.4e-26	1	109	359	465	0.972972972973
Response_reg	112	CP065321.1_1746	232	5.6e-30	1	111	4	115	0.982142857143
Trans_reg_C	77	CP065321.1_1746	232	7.8e-25	1	76	153	228	0.974025974026
SpoIIE	193	CP065321.1_1763	785	4.3e-29	3	192	604	783	0.979274611399
Aminotran_1_2	363	CP065321.1_1764	397	1.3e-37	3	361	29	385	0.986225895317
Sigma70_r2	71	CP065321.1_1768	175	1.1e-14	1	69	19	85	0.957746478873
Sigma70_r4_2	54	CP065321.1_1768	175	1.3e-14	4	53	108	157	0.907407407407
HD	122	CP065321.1_1773	521	2e-22	1	121	336	428	0.983606557377
HTH_3	55	CP065321.1_1774	101	1.3e-15	1	55	10	64	0.981818181818
HTH_3	55	CP065321.1_1786	74	7.5e-10	3	54	10	62	0.927272727273
HTH_18	81	CP065321.1_18	692	1.6e-22	3	80	609	685	0.950617283951
Nitroreductase	170	CP065321.1_1803	262	5.2e-30	1	170	8	175	0.994117647059
Fer4	24	CP065321.1_1804	205	8e-05	4	20	154	170	0.666666666667
Fer4	24	CP065321.1_1804	205	1.7e-08	2	23	180	201	0.875
HxlR	91	CP065321.1_1807	113	1.7e-33	1	87	18	104	0.945054945055
GerE	57	CP065321.1_1810	768	1.7e-09	4	56	708	760	0.912280701754
CbiA	128	CP065321.1_1818	259	1.1e-27	1	128	5	236	0.9921875
HTH_3	55	CP065321.1_183	797	6.8e-05	2	50	684	732	0.872727272727
HTH_1	60	CP065321.1_1845	301	4e-21	3	59	5	61	0.933333333333
LysR_substrate	209	CP065321.1_1845	301	5.8e-13	3	207	88	294	0.976076555024
Fer4	24	CP065321.1_1848	253	3.7e-05	7	21	222	236	0.583333333333
Fer4	24	CP065321.1_1849	263	3e-06	5	21	208	224	0.666666666667
HTH_3	55	CP065321.1_1850	105	6.5e-08	1	54	10	63	0.963636363636
HxlR	91	CP065321.1_1853	117	1.4e-29	1	88	16	103	0.956043956044
Nitroreductase	170	CP065321.1_1854	173	8.6e-18	2	57	8	63	0.323529411765
Nitroreductase	170	CP065321.1_1854	173	6.6e-11	85	170	63	145	0.5
HTH_5	47	CP065321.1_1855	104	2.6e-16	2	45	28	71	0.914893617021
HTH_5	47	CP065321.1_1856	121	1.9e-20	1	47	39	85	0.978723404255
HTH_3	55	CP065321.1_1861	402	6.7e-16	1	55	11	64	0.981818181818
TetR_N	47	CP065321.1_1863	185	3.4e-07	11	47	27	63	0.765957446809
Fer4	24	CP065321.1_1864	97	1.2e-05	8	20	66	78	0.5
HTH_18	81	CP065321.1_1869	317	3.5e-21	1	79	28	105	0.962962962963
TrmB	68	CP065321.1_187	121	1.8e-06	4	62	25	87	0.852941176471
Phage_AlpA	51	CP065321.1_188	90	7.8e-05	3	41	33	70	0.745098039216
HTH_3	55	CP065321.1_1883	766	9.3e-07	1	55	17	71	0.981818181818
NUDIX	131	CP065321.1_1885	162	1.9e-16	3	116	5	126	0.862595419847
Sigma70_r2	71	CP065321.1_1889	161	3.4e-12	3	60	11	66	0.802816901408
Sigma70_r4_2	54	CP065321.1_1889	161	1.9e-15	10	53	105	148	0.796296296296
Sigma70_r4_2	54	CP065321.1_1893	187	5.3e-09	3	54	124	175	0.944444444444
Pribosyltran	159	CP065321.1_1896	179	2.3e-17	15	131	37	163	0.729559748428
AraC_binding	136	CP065321.1_190	288	4.3e-07	16	93	35	111	0.566176470588
HTH_18	81	CP065321.1_190	288	2.9e-23	2	79	203	279	0.950617283951
HTH_18	81	CP065321.1_1914	295	2.2e-16	3	80	29	105	0.950617283951
GyrI-like	155	CP065321.1_1914	295	9.9e-16	3	154	130	288	0.974193548387
CBS	57	CP065321.1_1918	540	4.5e-08	8	51	149	191	0.754385964912
CBS	57	CP065321.1_1918	540	2.9e-11	1	54	203	257	0.929824561404
B12-binding	121	CP065321.1_1918	540	3.2e-05	34	114	277	354	0.661157024793
CbiA	128	CP065321.1_1923	255	5.3e-30	1	128	5	229	0.9921875
HTH_3	55	CP065321.1_1924	265	8.9e-05	10	27	120	137	0.309090909091
AraC_binding	136	CP065321.1_193	277	9.6e-09	16	81	24	88	0.477941176471
HTH_18	81	CP065321.1_193	277	6e-20	2	80	190	267	0.962962962963
PadR	75	CP065321.1_1933	100	9.2e-17	1	74	11	81	0.973333333333
AAA	132	CP065321.1_1935	401	1.1e-08	2	128	100	217	0.954545454545
HATPase_c	111	CP065321.1_1941	662	8.4e-19	3	93	43	146	0.810810810811
NUDIX	131	CP065321.1_1944	183	4.4e-16	4	116	43	155	0.854961832061
NUDIX	131	CP065321.1_1987	168	1.6e-22	2	123	30	145	0.923664122137
HhH-GPD	108	CP065321.1_1991	273	7.5e-17	1	88	111	242	0.805555555556
GyrI-like	155	CP065321.1_1995	211	5.8e-32	2	154	18	205	0.98064516129
Nitroreductase	170	CP065321.1_1999	178	3.1e-12	1	54	7	61	0.311764705882
Nitroreductase	170	CP065321.1_1999	178	2.9e-15	86	170	68	151	0.494117647059
Pribosyltran	159	CP065321.1_2008	221	2.3e-13	4	114	40	148	0.691823899371
Pyr_redox_2	292	CP065321.1_2021	422	3.1e-35	2	280	4	300	0.952054794521
Pyr_redox_2	292	CP065321.1_2025	306	1.7e-48	1	292	5	292	0.996575342466
NUDIX	131	CP065321.1_2028	148	3.9e-15	8	85	23	98	0.587786259542
TPR_2	34	CP065321.1_2031	206	1.2e-08	1	34	114	147	0.970588235294
HTH_6	77	CP065321.1_2033	291	8.1e-17	2	74	4	76	0.935064935065
SIS	131	CP065321.1_2033	291	1.8e-26	2	130	129	255	0.977099236641
TetR_N	47	CP065321.1_2054	200	5.6e-17	4	45	10	51	0.872340425532
LexA_DNA_bind	65	CP065321.1_2056	194	3.2e-18	1	64	1	63	0.969230769231
Peptidase_M23	96	CP065321.1_2057	265	6e-21	2	96	160	256	0.979166666667
Response_reg	112	CP065321.1_2058	301	4.6e-26	2	110	1	109	0.964285714286
GGDEF	161	CP065321.1_2058	301	1.8e-41	2	161	128	287	0.987577639752
PALP	294	CP065321.1_2068	311	1.6e-72	3	293	10	296	0.986394557823
NUDIX	131	CP065321.1_2070	474	2.7e-18	4	115	336	446	0.847328244275
ACT	67	CP065321.1_2072	94	5.2e-10	2	45	8	51	0.641791044776
Response_reg	112	CP065321.1_2076	229	4.2e-29	1	112	4	115	0.991071428571
Trans_reg_C	77	CP065321.1_2076	229	2.2e-27	1	77	150	223	0.987012987013
HisKA	64	CP065321.1_2077	474	2.8e-23	2	64	244	307	0.96875
HATPase_c	111	CP065321.1_2077	474	3.4e-25	2	110	350	460	0.972972972973
CbiA	128	CP065321.1_2080	280	9.3e-11	2	125	43	258	0.9609375
HTH_3	55	CP065321.1_2095	217	7.9e-14	1	55	15	69	0.981818181818
PfkB	302	CP065321.1_2097	332	1.3e-70	1	297	1	306	0.980132450331
NTP_transf_2	95	CP065321.1_21	101	3.2e-10	8	83	16	84	0.789473684211
NTP_transf_2	95	CP065321.1_2106	100	1.9e-10	14	43	23	52	0.305263157895
HTH_3	55	CP065321.1_2113	110	2.2e-18	7	55	15	63	0.872727272727
HTH_psq	45	CP065321.1_2114	51	5.5e-05	10	34	15	39	0.533333333333
Fer4	24	CP065321.1_2118	393	5e-05	6	20	345	359	0.583333333333
dCache_1	249	CP065321.1_2119	656	1.3e-24	6	248	39	265	0.971887550201
MCPsignal	172	CP065321.1_2119	656	2.4e-38	17	164	478	625	0.854651162791
HTH_18	81	CP065321.1_2120	290	8.7e-21	2	79	27	103	0.950617283951
GyrI-like	155	CP065321.1_2120	290	2.9e-15	2	155	128	288	0.987096774194
Response_reg	112	CP065321.1_2147	233	4e-30	1	112	5	114	0.991071428571
Trans_reg_C	77	CP065321.1_2147	233	5e-26	2	77	157	230	0.974025974026
HisKA	64	CP065321.1_2148	381	6.6e-15	2	60	158	220	0.90625
HATPase_c	111	CP065321.1_2148	381	5.9e-22	1	109	269	378	0.972972972973
MarR	59	CP065321.1_2156	215	8.3e-16	5	59	48	102	0.915254237288
MerR	38	CP065321.1_2172	323	3.8e-10	1	38	6	43	0.973684210526
GyrI-like	155	CP065321.1_2172	323	3.2e-05	66	155	215	312	0.574193548387
Peripla_BP_2	238	CP065321.1_2181	350	1.2e-29	1	236	68	315	0.987394957983
Response_reg	112	CP065321.1_2205	511	7.9e-23	1	107	4	108	0.946428571429
Trans_reg_C	77	CP065321.1_2205	511	1.2e-13	3	53	148	198	0.649350649351
HisKA	64	CP065321.1_2205	511	1.2e-08	2	61	278	340	0.921875
HATPase_c	111	CP065321.1_2205	511	4.3e-12	6	105	391	489	0.891891891892
AraC_binding	136	CP065321.1_2206	271	4.5e-22	14	124	26	137	0.808823529412
HTH_18	81	CP065321.1_2206	271	2.2e-23	1	79	189	265	0.962962962963
HTH_3	55	CP065321.1_2212	117	8.5e-14	1	55	20	74	0.981818181818
Peptidase_M23	96	CP065321.1_2244	417	6.4e-32	2	96	312	410	0.979166666667
Citrate_synt	361	CP065321.1_2248	448	1.9e-115	3	360	44	435	0.98891966759
Sigma70_r4_2	54	CP065321.1_225	141	2.3e-07	4	53	82	131	0.907407407407
HTH_3	55	CP065321.1_2266	105	1.6e-17	1	55	5	59	0.981818181818
ATPase_2	233	CP065321.1_2268	471	0.0001	25	142	152	264	0.502145922747
TetR_N	47	CP065321.1_227	184	6e-10	8	44	24	60	0.765957446809
HD	122	CP065321.1_2278	333	1.6e-21	1	121	75	185	0.983606557377
HTH_3	55	CP065321.1_228	121	2e-09	1	54	19	72	0.963636363636
Sigma70_r2	71	CP065321.1_2280	361	7.5e-25	3	70	129	196	0.943661971831
Sigma70_r3	78	CP065321.1_2280	361	8.6e-31	1	77	206	282	0.974358974359
Sigma70_r4	50	CP065321.1_2280	361	6.6e-22	1	50	295	348	0.98
Rrf2	83	CP065321.1_2282	134	3.8e-21	4	83	2	79	0.951807228916
Sigma70_r2	71	CP065321.1_2295	181	7.1e-10	2	67	23	89	0.915492957746
Sigma70_r4_2	54	CP065321.1_2295	181	2.4e-14	2	54	117	169	0.962962962963
Response_reg	112	CP065321.1_2297	229	1.6e-31	1	112	4	113	0.991071428571
Trans_reg_C	77	CP065321.1_2297	229	1.6e-27	3	77	151	224	0.961038961039
HisKA	64	CP065321.1_2298	521	4.5e-20	1	64	253	319	0.984375
HATPase_c	111	CP065321.1_2298	521	5.8e-30	1	110	365	476	0.981981981982
B12-binding	121	CP065321.1_2310	435	5.5e-05	43	112	29	98	0.570247933884
AAA	132	CP065321.1_2316	590	4.9e-05	2	90	378	528	0.666666666667
Glycos_trans_3N	63	CP065321.1_2320	436	7.9e-24	2	63	5	66	0.968253968254
PfkB	302	CP065321.1_2322	318	1.8e-56	4	301	3	301	0.983443708609
GAF	133	CP065321.1_2346	156	3.9e-11	36	129	56	144	0.699248120301
Sigma70_r2	71	CP065321.1_2355	161	2.4e-09	2	67	11	74	0.915492957746
Sigma70_r4_2	54	CP065321.1_2355	161	2.8e-17	2	54	98	150	0.962962962963
SBP_bac_1	315	CP065321.1_2357	450	2.8e-10	40	314	87	341	0.869841269841
cNMP_binding	88	CP065321.1_2364	211	5.4e-08	2	87	33	119	0.965909090909
Response_reg	112	CP065321.1_238	223	3.6e-29	1	110	5	112	0.973214285714
Trans_reg_C	77	CP065321.1_238	223	2.8e-27	1	77	147	218	0.987012987013
HD	122	CP065321.1_2388	732	2.5e-11	1	121	51	149	0.983606557377
HisKA	64	CP065321.1_239	449	4.1e-10	3	62	237	299	0.921875
HATPase_c	111	CP065321.1_239	449	2.6e-17	1	107	345	447	0.954954954955
Pyr_redox_2	292	CP065321.1_2391	528	1e-06	4	112	98	268	0.369863013699
Pyr_redox_2	292	CP065321.1_2392	400	4.9e-07	2	112	4	166	0.376712328767
Response_reg	112	CP065321.1_2395	235	5.5e-31	1	111	8	116	0.982142857143
Trans_reg_C	77	CP065321.1_2395	235	3.6e-26	2	77	156	231	0.974025974026
HisKA	64	CP065321.1_2396	558	1e-16	3	62	333	394	0.921875
HATPase_c	111	CP065321.1_2396	558	2.2e-10	2	95	443	536	0.837837837838
NUDIX	131	CP065321.1_2397	163	4.7e-18	2	121	18	136	0.908396946565
Pyr_redox_2	292	CP065321.1_2398	465	2.6e-37	1	291	141	447	0.993150684932
HATPase_c	111	CP065321.1_24	658	2.5e-06	9	69	29	81	0.540540540541
Sigma70_r2	71	CP065321.1_2400	236	9.4e-20	1	69	58	126	0.957746478873
Sigma70_r4	50	CP065321.1_2400	236	1.4e-17	2	50	177	229	0.96
NTP_transf_2	95	CP065321.1_2402	208	6.8e-07	4	44	8	48	0.421052631579
MerR	38	CP065321.1_2413	245	3.2e-14	1	38	3	40	0.973684210526
FIST	172	CP065321.1_2418	366	4.7e-21	2	172	31	225	0.988372093023
SKI	158	CP065321.1_2420	199	7.6e-05	2	50	36	83	0.303797468354
PadR	75	CP065321.1_2427	109	7.5e-23	1	74	16	89	0.973333333333
HTH_3	55	CP065321.1_2431	182	1.5e-13	1	53	12	64	0.945454545455
FHA	69	CP065321.1_2443	564	4e-16	2	69	69	132	0.971014492754
Response_reg	112	CP065321.1_245	239	1.3e-15	1	111	4	118	0.982142857143
LytTR	98	CP065321.1_245	239	3.1e-13	2	97	140	231	0.969387755102
NUDIX	131	CP065321.1_2451	167	4.7e-15	2	115	29	145	0.862595419847
HTH_3	55	CP065321.1_2461	90	5.1e-13	4	55	33	84	0.927272727273
PALP	294	CP065321.1_2489	457	1.9e-47	5	294	82	419	0.982993197279
Sigma70_r4_2	54	CP065321.1_249	154	2e-08	3	54	94	145	0.944444444444
Peripla_BP_2	238	CP065321.1_2494	447	2.8e-07	1	237	54	272	0.991596638655
CBS	57	CP065321.1_2496	421	4.7e-07	3	55	204	259	0.912280701754
CBS	57	CP065321.1_2496	421	2.9e-09	8	56	272	320	0.842105263158
Sigma70_r2	71	CP065321.1_2500	199	3.4e-10	3	68	35	101	0.915492957746
Sigma70_r4_2	54	CP065321.1_2500	199	2.9e-07	10	54	145	188	0.814814814815
AAA	132	CP065321.1_2510	313	1.2e-05	5	115	40	150	0.833333333333
HisKA	64	CP065321.1_2517	626	3.5e-13	1	64	114	180	0.984375
HATPase_c	111	CP065321.1_2517	626	3.9e-27	2	110	228	344	0.972972972973
Response_reg	112	CP065321.1_2517	626	2e-23	2	111	501	616	0.973214285714
SBP_bac_5	377	CP065321.1_2518	758	6.6e-42	4	371	250	744	0.973474801061
LacI	46	CP065321.1_2534	345	3.3e-11	6	43	9	46	0.804347826087
Peripla_BP_3	164	CP065321.1_2534	345	3.1e-37	1	164	167	329	0.993902439024
HTH_7	45	CP065321.1_2539	384	6.6e-05	3	39	2	38	0.8
Sigma70_r2	71	CP065321.1_2558	167	5.9e-12	1	69	11	77	0.957746478873
Sigma70_r4_2	54	CP065321.1_2558	167	3.8e-10	2	54	105	157	0.962962962963
HTH_3	55	CP065321.1_256	105	1.2e-09	1	55	10	64	0.981818181818
Sigma70_ECF	185	CP065321.1_2564	143	2.5e-06	110	180	66	138	0.378378378378
Sigma70_r4_2	54	CP065321.1_2565	160	1.8e-10	1	54	95	148	0.981481481481
TetR_N	47	CP065321.1_257	211	5.8e-14	1	45	15	59	0.936170212766
Peptidase_M23	96	CP065321.1_258	235	1.8e-19	13	89	75	184	0.791666666667
Sigma70_r2	71	CP065321.1_2589	185	4.1e-14	2	70	23	89	0.957746478873
Sigma70_r4_2	54	CP065321.1_2589	185	2e-11	4	54	120	170	0.925925925926
Trans_reg_C	77	CP065321.1_259	96	2.7e-09	2	39	56	93	0.480519480519
Response_reg	112	CP065321.1_2593	242	1.8e-16	1	109	4	113	0.964285714286
LytTR	98	CP065321.1_2593	242	8.8e-23	4	95	144	229	0.928571428571
HTH_3	55	CP065321.1_2594	186	1.3e-13	1	53	12	64	0.945454545455
AraC_binding	136	CP065321.1_2594	186	5e-05	16	76	121	181	0.441176470588
HxlR	91	CP065321.1_2597	122	2.8e-20	2	89	18	106	0.956043956044
AraC_binding	136	CP065321.1_2600	132	1.6e-07	11	70	62	121	0.433823529412
AraC_binding	136	CP065321.1_2601	248	7.3e-05	11	84	19	91	0.536764705882
HTH_18	81	CP065321.1_2601	248	5.4e-22	2	80	160	236	0.962962962963
HxlR	91	CP065321.1_2602	117	2e-30	1	88	16	103	0.956043956044
Nitroreductase	170	CP065321.1_2603	173	8.3e-18	2	58	8	64	0.329411764706
Nitroreductase	170	CP065321.1_2603	173	1.7e-12	84	170	62	145	0.505882352941
HxlR	91	CP065321.1_2606	89	2.7e-20	1	60	24	84	0.648351648352
HxlR	91	CP065321.1_2608	124	1.1e-34	1	88	19	106	0.956043956044
Pkinase	264	CP065321.1_2631	193	5.7e-26	46	209	1	167	0.617424242424
HTH_3	55	CP065321.1_2641	73	1.3e-06	7	54	16	62	0.854545454545
Response_reg	112	CP065321.1_2645	222	3.6e-26	1	111	3	111	0.982142857143
Trans_reg_C	77	CP065321.1_2645	222	3.9e-27	1	76	142	217	0.974025974026
HisKA	64	CP065321.1_2646	408	7e-12	2	62	189	253	0.9375
HATPase_c	111	CP065321.1_2646	408	1.1e-18	2	93	301	391	0.81981981982
Sigma70_r4_2	54	CP065321.1_2647	133	3.8e-09	2	46	75	119	0.814814814815
HTH_DeoR	57	CP065321.1_2651	107	8.1e-11	1	50	8	57	0.859649122807
Fe_dep_repress	60	CP065321.1_2653	114	2e-06	25	54	62	91	0.483333333333
AAA	132	CP065321.1_2656	269	2.4e-07	1	117	116	222	0.878787878788
HTH_3	55	CP065321.1_2673	119	1.8e-10	1	55	17	71	0.981818181818
Penicillinase_R	115	CP065321.1_2674	127	4.1e-26	1	114	5	121	0.982608695652
Sigma70_r4_2	54	CP065321.1_2676	141	3.9e-09	4	45	82	123	0.759259259259
HTH_3	55	CP065321.1_2679	114	2.5e-12	1	52	17	68	0.927272727273
Response_reg	112	CP065321.1_2681	234	1.5e-31	1	111	4	114	0.982142857143
Trans_reg_C	77	CP065321.1_2681	234	1.5e-27	3	77	155	229	0.961038961039
HisKA	64	CP065321.1_2682	306	9.6e-11	3	64	86	150	0.953125
HATPase_c	111	CP065321.1_2682	306	2.2e-25	2	109	197	303	0.963963963964
Sigma70_r4	50	CP065321.1_2687	143	1.6e-08	1	50	83	132	0.98
Response_reg	112	CP065321.1_269	244	1.6e-30	1	112	6	114	0.991071428571
Trans_reg_C	77	CP065321.1_269	244	8.6e-27	2	77	157	233	0.974025974026
Response_reg	112	CP065321.1_2693	237	3.9e-18	2	110	5	114	0.964285714286
LytTR	98	CP065321.1_2693	237	5.4e-19	5	97	140	227	0.938775510204
HisKA	64	CP065321.1_270	451	1.5e-14	3	59	234	294	0.875
LytTR	98	CP065321.1_2701	150	2.8e-25	2	97	52	147	0.969387755102
Response_reg	112	CP065321.1_2703	221	4.5e-17	1	110	5	112	0.973214285714
Trans_reg_C	77	CP065321.1_2703	221	1.6e-22	3	77	146	216	0.961038961039
HisKA	64	CP065321.1_2704	450	2.1e-14	2	61	236	298	0.921875
HATPase_c	111	CP065321.1_2704	450	1.2e-18	2	104	345	445	0.918918918919
HATPase_c	111	CP065321.1_2707	632	2.6e-15	2	110	25	177	0.972972972973
HTH_3	55	CP065321.1_2718	71	4.8e-16	1	53	12	64	0.945454545455
HTH_3	55	CP065321.1_2719	77	3.1e-09	1	55	11	66	0.981818181818
HTH_3	55	CP065321.1_2720	87	9.3e-11	4	55	15	66	0.927272727273
HisKA	64	CP065321.1_2724	853	6.5e-18	1	64	336	402	0.984375
HATPase_c	111	CP065321.1_2724	853	9.7e-26	2	110	450	567	0.972972972973
Response_reg	112	CP065321.1_2724	853	3.7e-17	2	106	584	693	0.928571428571
Response_reg	112	CP065321.1_2724	853	7.1e-20	1	107	727	839	0.946428571429
Response_reg	112	CP065321.1_273	242	2.4e-15	2	109	2	116	0.955357142857
LytTR	98	CP065321.1_273	242	8.5e-14	9	96	146	232	0.887755102041
Response_reg	112	CP065321.1_2730	256	1e-10	18	111	24	118	0.830357142857
Spo0A_C	104	CP065321.1_2730	256	5.6e-49	1	104	142	245	0.990384615385
Fer4	24	CP065321.1_2734	578	8.2e-05	2	16	525	539	0.583333333333
Fer4	24	CP065321.1_2734	578	6.8e-06	3	23	554	574	0.833333333333
ACT	67	CP065321.1_2737	145	5.4e-07	3	50	6	50	0.701492537313
ACT	67	CP065321.1_2737	145	1e-08	3	60	72	129	0.850746268657
NUDIX	131	CP065321.1_2773	326	1.6e-11	6	114	17	130	0.824427480916
NUDIX	131	CP065321.1_2773	326	1.7e-14	4	118	178	295	0.870229007634
EPSP_synthase	417	CP065321.1_2774	431	2.3e-89	3	417	8	409	0.992805755396
NTP_transf_2	95	CP065321.1_278	114	1.1e-11	10	69	20	79	0.621052631579
MerR	38	CP065321.1_2783	118	1.3e-15	1	38	2	39	0.973684210526
TetR_N	47	CP065321.1_2792	364	5.2e-14	1	47	12	58	0.978723404255
Penicillinase_R	115	CP065321.1_281	122	2.4e-22	3	114	7	116	0.965217391304
FeoA	74	CP065321.1_2814	95	1.5e-12	2	73	4	74	0.959459459459
TrkA_C	70	CP065321.1_2815	454	1.1e-13	1	69	152	221	0.971428571429
TrkA_C	70	CP065321.1_2815	454	2.4e-09	3	69	385	451	0.942857142857
Sigma70_r4	50	CP065321.1_2817	114	5.1e-14	4	49	49	94	0.9
SBP_bac_5	377	CP065321.1_2818	531	1.4e-37	1	373	70	457	0.986737400531
SKI	158	CP065321.1_2824	178	3.1e-45	1	153	11	163	0.962025316456
Response_reg	112	CP065321.1_2828	228	2.2e-24	1	111	4	109	0.982142857143
Trans_reg_C	77	CP065321.1_2828	228	1.7e-21	1	77	142	217	0.987012987013
HisKA	64	CP065321.1_2833	302	6.6e-14	5	56	89	142	0.796875
HATPase_c	111	CP065321.1_2833	302	9.9e-13	2	93	197	281	0.81981981982
AAA	132	CP065321.1_2835	399	1.5e-08	1	119	206	309	0.893939393939
Response_reg	112	CP065321.1_284	221	8.9e-26	1	111	4	112	0.982142857143
Trans_reg_C	77	CP065321.1_284	221	7.1e-19	1	76	144	214	0.974025974026
ACT	67	CP065321.1_2841	170	5.5e-11	2	66	5	69	0.955223880597
PALP	294	CP065321.1_2844	401	4.1e-86	5	294	18	301	0.982993197279
HisKA	64	CP065321.1_285	318	2.8e-07	3	63	105	160	0.9375
HATPase_c	111	CP065321.1_285	318	1.1e-19	8	109	215	316	0.90990990991
Rrf2	83	CP065321.1_2860	136	4.3e-25	1	82	1	82	0.975903614458
TetR_N	47	CP065321.1_2861	194	2.3e-07	7	45	24	62	0.808510638298
HTH_11	55	CP065321.1_2863	213	5.6e-05	13	43	29	59	0.545454545455
AraC_binding	136	CP065321.1_2871	282	1.1e-11	7	81	24	95	0.544117647059
HTH_18	81	CP065321.1_2871	282	1.9e-26	1	81	197	276	0.987654320988
HTH_3	55	CP065321.1_2875	71	3.6e-07	5	52	12	58	0.854545454545
HTH_6	77	CP065321.1_2878	284	8.3e-21	3	75	4	76	0.935064935065
SIS	131	CP065321.1_2878	284	4.4e-19	1	129	128	256	0.977099236641
NTP_transf_2	95	CP065321.1_288	107	5.3e-13	10	80	20	83	0.736842105263
HTH_3	55	CP065321.1_2881	74	1.4e-13	1	55	5	59	0.981818181818
dCache_1	249	CP065321.1_2888	593	2.5e-14	19	197	50	239	0.714859437751
HATPase_c	111	CP065321.1_2888	593	1.6e-09	5	109	472	583	0.936936936937
Response_reg	112	CP065321.1_2889	522	2.6e-25	1	102	6	109	0.901785714286
HTH_18	81	CP065321.1_2889	522	1.1e-20	1	80	439	517	0.975308641975
SBP_bac_1	315	CP065321.1_2890	440	8.3e-30	23	311	88	354	0.914285714286
Fer4	24	CP065321.1_2897	301	1.8e-08	3	23	49	69	0.833333333333
Fer4	24	CP065321.1_2897	301	1.7e-06	3	23	78	98	0.833333333333
TrmB	68	CP065321.1_29	121	9.4e-05	4	58	25	86	0.794117647059
HD	122	CP065321.1_2900	189	1e-06	2	92	50	149	0.737704918033
CtsR	149	CP065321.1_2905	151	4.3e-50	2	147	2	146	0.973154362416
AAA	132	CP065321.1_2909	813	2.2e-14	2	124	208	337	0.924242424242
AAA	132	CP065321.1_2909	813	5e-10	2	111	545	663	0.825757575758
HxlR	91	CP065321.1_2910	112	1e-29	1	86	22	108	0.934065934066
PadR	75	CP065321.1_2914	118	1.6e-18	7	74	21	85	0.893333333333
MCPsignal	172	CP065321.1_2922	550	5.7e-40	3	171	359	527	0.976744186047
NUDIX	131	CP065321.1_2929	322	1.9e-15	3	115	184	293	0.854961832061
Aminotran_1_2	363	CP065321.1_2935	388	4.6e-37	7	363	37	381	0.980716253444
HhH-GPD	108	CP065321.1_2938	211	9.9e-23	3	108	37	170	0.972222222222
HD	122	CP065321.1_2940	220	1.9e-12	2	119	34	132	0.959016393443
Hemerythrin	131	CP065321.1_2943	458	1e-08	3	127	15	131	0.946564885496
Response_reg	112	CP065321.1_2943	458	3.1e-24	1	111	338	448	0.982142857143
SBP_bac_1	315	CP065321.1_2945	556	6.2e-23	14	313	97	400	0.949206349206
HTH_18	81	CP065321.1_2948	711	1.4e-17	1	80	629	706	0.975308641975
Response_reg	112	CP065321.1_2955	242	1.6e-15	3	108	5	113	0.9375
LytTR	98	CP065321.1_2955	242	9.3e-16	3	94	138	226	0.928571428571
CbiA	128	CP065321.1_2965	162	3.3e-18	1	52	6	57	0.3984375
Response_reg	112	CP065321.1_2966	222	4.7e-24	2	110	5	111	0.964285714286
Trans_reg_C	77	CP065321.1_2966	222	6.3e-26	2	76	147	216	0.961038961039
HisKA	64	CP065321.1_2967	372	6.9e-07	3	62	156	218	0.921875
HATPase_c	111	CP065321.1_2967	372	1.9e-17	3	108	267	371	0.945945945946
Response_reg	112	CP065321.1_2973	91	2.6e-05	46	111	4	85	0.580357142857
GntR	64	CP065321.1_2976	122	5.6e-05	27	59	66	98	0.5
HisKA	64	CP065321.1_2983	456	4.2e-12	3	62	240	302	0.921875
HATPase_c	111	CP065321.1_2983	456	4.3e-16	8	107	356	454	0.891891891892
Response_reg	112	CP065321.1_2984	225	1.1e-27	1	111	5	113	0.982142857143
Trans_reg_C	77	CP065321.1_2984	225	6.7e-25	2	77	149	219	0.974025974026
Pribosyltran	159	CP065321.1_2985	472	2.3e-06	15	119	260	372	0.654088050314
Aminotran_1_2	363	CP065321.1_2986	435	3.1e-13	22	361	60	415	0.933884297521
HTH_5	47	CP065321.1_2990	97	2.2e-14	1	46	13	58	0.957446808511
HTH_3	55	CP065321.1_2994	90	3.3e-07	27	55	2	30	0.509090909091
Phage_AlpA	51	CP065321.1_30	71	2.1e-06	3	41	15	52	0.745098039216
HTH_3	55	CP065321.1_300	115	7.3e-16	1	54	8	61	0.963636363636
LacI	46	CP065321.1_3009	337	2.7e-14	1	46	8	52	0.978260869565
Peripla_BP_3	164	CP065321.1_3009	337	1.6e-23	1	164	168	331	0.993902439024
SBP_bac_1	315	CP065321.1_3012	569	7e-10	11	308	80	406	0.942857142857
Response_reg	112	CP065321.1_302	240	9e-18	1	111	4	118	0.982142857143
LytTR	98	CP065321.1_302	240	6.8e-17	2	95	140	229	0.948979591837
HTH_3	55	CP065321.1_3041	73	8.1e-13	1	55	6	60	0.981818181818
HTH_3	55	CP065321.1_3045	142	3.2e-16	1	55	11	65	0.981818181818
HTH_3	55	CP065321.1_3046	70	6e-17	1	50	5	54	0.890909090909
Sigma70_r4_2	54	CP065321.1_306	154	2e-08	3	54	94	145	0.944444444444
HTH_3	55	CP065321.1_3061	114	2.5e-12	1	52	17	68	0.927272727273
Response_reg	112	CP065321.1_3062	228	4.4e-28	2	111	4	112	0.973214285714
Trans_reg_C	77	CP065321.1_3062	228	2.9e-23	1	76	146	220	0.974025974026
HisKA	64	CP065321.1_3063	341	7.2e-09	2	64	121	186	0.96875
HATPase_c	111	CP065321.1_3063	341	6.7e-22	2	109	232	339	0.963963963964
HisKA	64	CP065321.1_3068	408	8.5e-12	3	63	190	253	0.9375
HATPase_c	111	CP065321.1_3068	408	1.1e-20	5	107	303	406	0.918918918919
MarR	59	CP065321.1_3070	341	2.1e-05	19	51	72	104	0.542372881356
CbiA	128	CP065321.1_3076	259	3.6e-27	1	128	5	236	0.9921875
Sigma70_r4_2	54	CP065321.1_3092	130	8.3e-09	2	54	66	118	0.962962962963
HTH_3	55	CP065321.1_3106	106	8.3e-10	5	38	50	83	0.6
Sigma70_r2	71	CP065321.1_3120	183	1.3e-09	4	69	13	80	0.915492957746
Penicillinase_R	115	CP065321.1_3122	136	4.5e-10	1	94	6	107	0.808695652174
SBP_bac_1	315	CP065321.1_3126	417	2.5e-08	39	314	88	329	0.873015873016
SBP_bac_1	315	CP065321.1_3133	512	8.9e-10	5	172	70	249	0.530158730159
HTH_3	55	CP065321.1_3138	267	1.1e-14	8	55	18	66	0.854545454545
TrmB	68	CP065321.1_3140	132	3.8e-05	32	66	75	117	0.5
HTH_3	55	CP065321.1_3176	184	7.3e-16	1	53	12	64	0.945454545455
Sigma70_r2	71	CP065321.1_3176	184	6.5e-08	17	55	101	139	0.535211267606
HTH_3	55	CP065321.1_3181	126	2.6e-17	2	55	11	64	0.963636363636
Sigma70_r4_2	54	CP065321.1_3189	130	9.1e-09	4	54	69	119	0.925925925926
ACT	67	CP065321.1_3197	403	5.2e-08	5	63	266	321	0.865671641791
ACT	67	CP065321.1_3197	403	1.8e-08	3	57	344	393	0.805970149254
Penicillinase_R	115	CP065321.1_3199	134	1.3e-12	1	113	11	126	0.973913043478
Aminotran_1_2	363	CP065321.1_3203	399	7.5e-67	4	361	47	387	0.98347107438
PfkB	302	CP065321.1_3206	278	3.7e-07	156	293	100	252	0.453642384106
AAA	132	CP065321.1_321	446	2.5e-18	1	127	54	161	0.954545454545
Aminotran_1_2	363	CP065321.1_3210	429	3.7e-12	18	237	34	223	0.603305785124
AraC_binding	136	CP065321.1_322	296	8.5e-13	11	87	30	105	0.558823529412
HTH_18	81	CP065321.1_322	296	1e-17	1	80	211	288	0.975308641975
HATPase_c	111	CP065321.1_3231	637	1.1e-09	5	63	23	83	0.522522522523
HTH_1	60	CP065321.1_325	294	2e-25	2	59	4	61	0.95
LysR_substrate	209	CP065321.1_325	294	1.9e-24	3	208	88	291	0.980861244019
SpoIIE	193	CP065321.1_3250	246	6.5e-09	2	143	27	204	0.730569948187
Pkinase	264	CP065321.1_3251	694	2.4e-56	1	214	13	226	0.806818181818
Fer4	24	CP065321.1_3259	69	9.2e-10	1	23	4	26	0.916666666667
Fer4	24	CP065321.1_3259	69	3e-07	5	24	46	65	0.791666666667
TOBE	64	CP065321.1_3272	371	7.4e-08	7	64	307	359	0.890625
HTH_3	55	CP065321.1_3277	186	8.9e-08	1	51	7	61	0.909090909091
Fe_dep_repress	60	CP065321.1_3280	114	7.4e-07	25	54	62	91	0.483333333333
AAA	132	CP065321.1_3283	283	1e-06	1	116	116	221	0.871212121212
TetR_N	47	CP065321.1_3285	197	2e-09	7	46	25	64	0.829787234043
Sigma70_r4_2	54	CP065321.1_3308	158	2.3e-10	4	53	97	146	0.907407407407
Sigma70_r4_2	54	CP065321.1_3309	142	6e-07	4	54	88	137	0.925925925926
PadR	75	CP065321.1_331	123	4.9e-18	1	74	22	94	0.973333333333
Sigma70_r4	50	CP065321.1_3310	172	6e-10	1	50	116	165	0.98
TetR_N	47	CP065321.1_3314	190	1.1e-08	1	47	12	58	0.978723404255
Penicillinase_R	115	CP065321.1_3326	136	4e-10	1	76	6	86	0.652173913043
Penicillinase_R	115	CP065321.1_3337	144	6.7e-06	2	75	10	90	0.634782608696
Sigma70_r4_2	54	CP065321.1_3351	140	1.3e-05	1	41	78	118	0.740740740741
TetR_N	47	CP065321.1_3357	286	4e-12	8	47	117	156	0.829787234043
HTH_3	55	CP065321.1_3359	121	3.2e-08	4	53	16	65	0.890909090909
HisKA	64	CP065321.1_3363	285	5.4e-13	2	55	58	115	0.828125
HATPase_c	111	CP065321.1_3363	285	5.2e-24	2	108	175	282	0.954954954955
Response_reg	112	CP065321.1_3370	225	7.4e-30	1	112	5	113	0.991071428571
Trans_reg_C	77	CP065321.1_3370	225	2.8e-24	2	76	148	221	0.961038961039
HisKA	64	CP065321.1_3371	424	7.4e-13	2	63	207	275	0.953125
HATPase_c	111	CP065321.1_3371	424	1.8e-12	3	105	322	418	0.918918918919
Aminotran_1_2	363	CP065321.1_3382	369	7.9e-07	72	194	55	161	0.33608815427
SIS	131	CP065321.1_3397	216	5.4e-10	30	104	111	185	0.564885496183
Phage_AlpA	51	CP065321.1_34	71	5.9e-06	3	41	15	52	0.745098039216
B12-binding	121	CP065321.1_3401	492	1.6e-17	9	116	26	142	0.884297520661
GntR	64	CP065321.1_3409	127	5.2e-14	4	63	15	74	0.921875
HTH_1	60	CP065321.1_3429	290	7.6e-23	1	59	3	61	0.966666666667
LysR_substrate	209	CP065321.1_3429	290	8.7e-28	2	207	86	286	0.980861244019
Response_reg	112	CP065321.1_3431	348	6.3e-27	1	109	4	115	0.964285714286
HTH_18	81	CP065321.1_3431	348	2.5e-23	1	79	265	342	0.962962962963
HATPase_c	111	CP065321.1_3432	420	4.8e-10	6	109	301	410	0.927927927928
HTH_1	60	CP065321.1_3447	293	1.7e-22	1	59	3	61	0.966666666667
LysR_substrate	209	CP065321.1_3447	293	1.9e-24	3	201	88	284	0.947368421053
Fer4	24	CP065321.1_3450	365	1.6e-05	5	21	332	348	0.666666666667
Fer4	24	CP065321.1_3451	374	1.7e-05	7	20	343	356	0.541666666667
HxlR	91	CP065321.1_3464	112	4.3e-29	1	89	20	109	0.967032967033
Response_reg	112	CP065321.1_3467	222	6.1e-22	1	110	4	111	0.973214285714
Trans_reg_C	77	CP065321.1_3467	222	2.5e-24	3	77	148	217	0.961038961039
HisKA	64	CP065321.1_3468	457	8.4e-11	4	62	244	305	0.90625
HATPase_c	111	CP065321.1_3468	457	3.5e-13	6	103	356	452	0.873873873874
HTH_3	55	CP065321.1_3473	116	9e-08	1	52	12	63	0.927272727273
Sigma70_r4	50	CP065321.1_3474	168	2.3e-10	3	50	115	162	0.94
SBP_bac_1	315	CP065321.1_3482	583	6.8e-16	9	301	89	392	0.926984126984
HATPase_c	111	CP065321.1_3486	577	1.5e-08	10	109	472	569	0.891891891892
Response_reg	112	CP065321.1_3487	257	1.5e-22	2	110	5	115	0.964285714286
HTH_18	81	CP065321.1_3487	257	1.2e-15	9	79	178	249	0.864197530864
Sigma70_r4_2	54	CP065321.1_3494	144	3.9e-06	11	54	91	134	0.796296296296
PadR	75	CP065321.1_3497	126	3.8e-17	2	74	16	92	0.96
Peptidase_M23	96	CP065321.1_3499	447	3e-27	2	92	326	428	0.9375
HTH_11	55	CP065321.1_3510	334	2.2e-18	4	55	6	57	0.927272727273
PAS	113	CP065321.1_3521	632	2.1e-07	2	68	200	262	0.58407079646
AAA	132	CP065321.1_3521	632	7.2e-06	1	73	353	432	0.545454545455
HTH_8	42	CP065321.1_3521	632	1.6e-10	4	42	586	624	0.904761904762
Fer4	24	CP065321.1_3525	300	6.2e-06	6	24	45	63	0.75
dCache_1	249	CP065321.1_3528	753	3.8e-07	17	202	61	240	0.74297188755
HTH_18	81	CP065321.1_3528	753	4.4e-22	1	80	662	740	0.975308641975
SBP_bac_1	315	CP065321.1_3531	535	9.5e-09	30	311	101	378	0.892063492063
HTH_18	81	CP065321.1_3532	169	7.1e-20	2	81	88	167	0.975308641975
SBP_bac_1	315	CP065321.1_3535	468	7e-09	20	312	100	402	0.926984126984
dCache_1	249	CP065321.1_3540	747	1.1e-07	22	239	60	266	0.871485943775
HTH_18	81	CP065321.1_3540	747	7.1e-22	2	81	663	741	0.975308641975
SBP_bac_1	315	CP065321.1_3543	560	1.1e-11	17	267	104	366	0.793650793651
FeoA	74	CP065321.1_3551	71	1.7e-20	1	72	2	70	0.959459459459
FeoA	74	CP065321.1_3552	74	4.1e-16	1	72	2	72	0.959459459459
Pkinase	264	CP065321.1_3555	568	1.1e-05	54	212	152	312	0.598484848485
HisKA	64	CP065321.1_3565	418	1.1e-13	2	63	201	261	0.953125
HATPase_c	111	CP065321.1_3565	418	1.6e-12	2	93	308	401	0.81981981982
Response_reg	112	CP065321.1_3566	226	2.9e-28	2	111	4	112	0.973214285714
Trans_reg_C	77	CP065321.1_3566	226	4e-17	5	77	149	220	0.935064935065
cNMP_binding	88	CP065321.1_3579	207	1.9e-11	2	84	33	116	0.931818181818
NUDIX	131	CP065321.1_3596	153	4.3e-22	7	130	12	127	0.93893129771
NUDIX	131	CP065321.1_3597	154	8.8e-19	8	115	13	113	0.81679389313
NUDIX	131	CP065321.1_3598	94	3.2e-15	8	57	11	60	0.374045801527
SBP_bac_1	315	CP065321.1_3602	529	5.9e-08	17	183	80	258	0.526984126984
Fer4	24	CP065321.1_3603	1224	8e-07	1	24	689	712	0.958333333333
Fer4	24	CP065321.1_3603	1224	9.3e-06	2	20	744	762	0.75
CBS	57	CP065321.1_3605	449	7.7e-07	1	52	221	275	0.894736842105
CBS	57	CP065321.1_3605	449	5.3e-07	1	56	288	342	0.964912280702
NUDIX	131	CP065321.1_3613	183	5.9e-24	2	121	29	144	0.908396946565
NIR_SIR_ferr	69	CP065321.1_362	299	2.5e-11	13	68	36	91	0.797101449275
NIR_SIR	159	CP065321.1_362	299	1.7e-33	2	150	100	296	0.930817610063
NUDIX	131	CP065321.1_3628	141	1.4e-20	5	131	10	133	0.961832061069
NUDIX	131	CP065321.1_363	156	3.8e-24	4	119	20	134	0.87786259542
PfkB	302	CP065321.1_3630	309	6.6e-66	1	300	1	295	0.990066225166
Fer4	24	CP065321.1_3639	302	1.1e-07	2	20	237	255	0.75
Fer4	24	CP065321.1_3639	302	7.2e-08	3	24	263	284	0.875
dCache_1	249	CP065321.1_3640	850	6.7e-07	3	192	42	205	0.759036144578
HisKA	64	CP065321.1_3640	850	1.8e-19	1	64	346	412	0.984375
HATPase_c	111	CP065321.1_3640	850	4.9e-29	1	110	459	576	0.981981981982
Response_reg	112	CP065321.1_3640	850	4.2e-23	2	111	721	836	0.973214285714
SBP_bac_1	315	CP065321.1_3641	434	1.6e-17	24	313	75	349	0.91746031746
STAS	117	CP065321.1_3643	106	3e-16	5	103	6	96	0.837606837607
HATPase_c	111	CP065321.1_3644	144	3.9e-15	4	106	40	136	0.918918918919
Sigma70_r2	71	CP065321.1_3645	219	1.6e-17	1	67	8	74	0.929577464789
Sigma70_r3	78	CP065321.1_3645	219	2.5e-08	2	51	87	136	0.628205128205
Sigma70_r4	50	CP065321.1_3645	219	1.8e-10	4	49	167	212	0.9
AraC_binding	136	CP065321.1_3651	276	8.1e-16	15	94	29	108	0.580882352941
HTH_18	81	CP065321.1_3651	276	4.2e-25	5	80	197	271	0.925925925926
Fer4	24	CP065321.1_3653	296	1.4e-08	3	24	81	102	0.875
SBP_bac_1	315	CP065321.1_3656	549	5.2e-14	10	313	82	390	0.961904761905
dCache_1	249	CP065321.1_3659	775	1.2e-10	3	246	42	284	0.975903614458
HTH_18	81	CP065321.1_3659	775	8.3e-21	1	80	683	761	0.975308641975
AraC_binding	136	CP065321.1_3661	300	2.8e-12	19	98	41	121	0.580882352941
HTH_18	81	CP065321.1_3661	300	2.4e-24	3	80	210	286	0.950617283951
HTH_18	81	CP065321.1_3663	216	1.7e-19	2	81	124	202	0.975308641975
AraC_binding	136	CP065321.1_3670	127	1.2e-07	17	79	47	111	0.455882352941
HTH_11	55	CP065321.1_3673	342	8.9e-07	5	43	14	52	0.690909090909
Fer4	24	CP065321.1_3680	557	8.4e-06	6	24	10	28	0.75
Fer4	24	CP065321.1_3680	557	4.8e-08	2	22	35	55	0.833333333333
FeS	33	CP065321.1_3680	557	6e-10	4	33	360	389	0.878787878788
PAS	113	CP065321.1_3680	557	1.4e-08	4	113	400	496	0.964601769912
SpoIIE	193	CP065321.1_3681	391	1.8e-17	2	192	32	220	0.984455958549
Fer4	24	CP065321.1_3682	480	5.7e-10	2	23	129	150	0.875
Fer4	24	CP065321.1_3682	480	1.5e-09	2	24	175	197	0.916666666667
AAA	132	CP065321.1_3689	458	1.3e-07	1	111	94	219	0.833333333333
B12-binding_2	75	CP065321.1_3693	794	1.4e-13	5	74	590	658	0.92
B12-binding	121	CP065321.1_3693	794	1.1e-26	2	119	673	782	0.96694214876
Trp_repressor	88	CP065321.1_3698	98	4.4e-30	2	87	9	93	0.965909090909
AAA	132	CP065321.1_3701	818	3.3e-23	1	127	359	496	0.954545454545
AAA	132	CP065321.1_3702	436	2.7e-17	1	100	115	240	0.75
PALP	294	CP065321.1_3706	501	1.1e-13	30	292	106	427	0.891156462585
T2SSE	273	CP065321.1_3721	353	7.1e-35	119	264	115	263	0.531135531136
AAA	132	CP065321.1_3745	583	2.5e-05	2	99	373	532	0.734848484848
Aminotran_1_2	363	CP065321.1_375	352	4.6e-44	4	359	23	339	0.977961432507
HTH_3	55	CP065321.1_3750	170	5.1e-17	1	53	6	58	0.945454545455
HTH_3	55	CP065321.1_3751	69	1.5e-18	1	55	11	65	0.981818181818
HTH_11	55	CP065321.1_3768	312	3.9e-08	4	52	259	307	0.872727272727
HTH_11	55	CP065321.1_3778	302	2.5e-15	1	53	5	56	0.945454545455
Sigma70_r4	50	CP065321.1_3780	172	6.5e-09	1	50	116	165	0.98
Sigma70_r4_2	54	CP065321.1_3781	142	1.9e-07	13	54	97	137	0.759259259259
TrmB	68	CP065321.1_3785	121	8.3e-05	4	62	25	87	0.852941176471
Phage_AlpA	51	CP065321.1_3786	71	4.4e-06	3	41	15	52	0.745098039216
PadR	75	CP065321.1_3792	114	3.3e-16	3	67	18	84	0.853333333333
Phage_AlpA	51	CP065321.1_3798	71	2.1e-06	3	41	15	52	0.745098039216
Response_reg	112	CP065321.1_3800	255	1.7e-05	2	111	6	118	0.973214285714
LytTR	98	CP065321.1_3800	255	1.3e-17	6	97	150	245	0.928571428571
Pyr_redox_2	292	CP065321.1_3807	287	2.7e-10	1	133	2	134	0.452054794521
HTH_3	55	CP065321.1_3813	195	2.1e-11	6	55	19	68	0.890909090909
TetR_N	47	CP065321.1_3818	191	4.3e-05	1	46	12	57	0.957446808511
HTH_3	55	CP065321.1_3822	297	1e-15	1	54	9	61	0.963636363636
Rrf2	83	CP065321.1_396	143	1.5e-18	1	83	1	82	0.987951807229
Fer4	24	CP065321.1_397	256	1.7e-07	7	23	183	199	0.666666666667
Fer4	24	CP065321.1_397	256	7.1e-06	6	22	210	226	0.666666666667
PadR	75	CP065321.1_40	114	2.3e-17	2	73	17	90	0.946666666667
Nitroreductase	170	CP065321.1_410	177	4.2e-27	1	170	7	151	0.994117647059
NTP_transf_2	95	CP065321.1_42	100	8.2e-11	3	52	12	59	0.515789473684
Sigma70_r4_2	54	CP065321.1_422	141	2.6e-09	2	54	79	131	0.962962962963
SBP_bac_1	315	CP065321.1_427	621	3.4e-15	17	300	110	396	0.898412698413
HATPase_c	111	CP065321.1_428	582	5.2e-10	6	110	475	578	0.936936936937
Response_reg	112	CP065321.1_429	547	4.1e-26	2	111	5	116	0.973214285714
HTH_18	81	CP065321.1_429	547	1.3e-18	1	79	454	530	0.962962962963
HTH_IclR	52	CP065321.1_431	91	4.8e-07	20	49	36	65	0.557692307692
HTH_3	55	CP065321.1_44	195	5.2e-13	6	55	19	68	0.890909090909
MarR	59	CP065321.1_450	341	2.1e-05	19	51	72	104	0.542372881356
CbiA	128	CP065321.1_457	259	4.8e-27	1	128	5	236	0.9921875
NTP_transf_2	95	CP065321.1_467	101	1.3e-11	1	91	11	94	0.947368421053
HTH_3	55	CP065321.1_471	415	9.7e-19	1	54	11	63	0.963636363636
Phage_AlpA	51	CP065321.1_473	71	2.9e-06	3	41	15	52	0.745098039216
CBS	57	CP065321.1_485	453	1.3e-10	1	55	135	194	0.947368421053
CBS	57	CP065321.1_485	453	1.3e-10	2	56	200	254	0.947368421053
dCache_1	249	CP065321.1_487	786	2.7e-07	2	117	51	159	0.461847389558
HTH_18	81	CP065321.1_487	786	1.7e-22	2	80	699	776	0.962962962963
Response_reg	112	CP065321.1_504	239	8.2e-20	1	108	4	115	0.955357142857
LytTR	98	CP065321.1_504	239	5.1e-13	5	95	142	228	0.918367346939
HATPase_c	111	CP065321.1_505	248	1.6e-07	6	99	143	238	0.837837837838
Sigma70_r2	71	CP065321.1_51	251	1.6e-13	6	64	32	88	0.816901408451
Sigma70_r4_2	54	CP065321.1_51	251	5.9e-05	7	53	139	185	0.851851851852
Diacid_rec	134	CP065321.1_510	363	3.2e-09	2	60	2	60	0.432835820896
CbiA	128	CP065321.1_516	138	1.9e-18	1	55	6	80	0.421875
TetR_N	47	CP065321.1_52	190	1.3e-08	2	46	12	56	0.936170212766
Peptidase_M23	96	CP065321.1_522	602	1.7e-28	2	92	481	583	0.9375
CbiA	128	CP065321.1_526	262	1e-27	1	128	8	239	0.9921875
PAS	113	CP065321.1_527	549	1.8e-05	2	92	223	304	0.796460176991
HisKA	64	CP065321.1_527	549	6.3e-19	1	64	331	397	0.984375
HATPase_c	111	CP065321.1_527	549	8.2e-24	3	105	442	546	0.918918918919
Response_reg	112	CP065321.1_528	224	3.5e-26	1	111	2	113	0.982142857143
Trans_reg_C	77	CP065321.1_528	224	6.1e-28	2	77	147	219	0.974025974026
LysR_substrate	209	CP065321.1_533	269	5.9e-05	26	100	46	124	0.354066985646
Phage_AlpA	51	CP065321.1_535	71	4.6e-06	3	41	15	52	0.745098039216
TrmB	68	CP065321.1_536	121	7.7e-05	4	58	25	86	0.794117647059
CbiA	128	CP065321.1_537	259	5.2e-26	1	128	5	236	0.9921875
HTH_DeoR	57	CP065321.1_539	107	8e-11	1	54	8	64	0.929824561404
GntR	64	CP065321.1_559	243	0.0001	41	61	61	81	0.3125
Response_reg	112	CP065321.1_565	195	3.4e-17	1	100	4	102	0.883928571429
HATPase_c	111	CP065321.1_571	464	2.2e-22	7	108	360	461	0.90990990991
CbiA	128	CP065321.1_576	274	6.6e-29	1	128	6	237	0.9921875
Response_reg	112	CP065321.1_59	235	1.2e-24	1	111	11	120	0.982142857143
Trans_reg_C	77	CP065321.1_59	235	4.8e-23	1	77	153	229	0.987012987013
Sigma70_r4_2	54	CP065321.1_595	140	2e-07	2	52	79	129	0.925925925926
HTH_3	55	CP065321.1_597	81	1.6e-08	3	55	13	66	0.945454545455
HTH_3	55	CP065321.1_598	99	8.5e-18	3	55	8	60	0.945454545455
HisKA	64	CP065321.1_60	464	4.1e-17	2	62	238	301	0.9375
HATPase_c	111	CP065321.1_60	464	1.5e-15	2	109	352	461	0.963963963964
TrmB	68	CP065321.1_603	151	3.4e-05	25	58	83	116	0.485294117647
FHA	69	CP065321.1_610	775	6.3e-12	1	68	46	108	0.971014492754
FHA	69	CP065321.1_610	775	1.1e-17	1	68	143	206	0.971014492754
Pkinase	264	CP065321.1_611	761	3.6e-44	2	257	11	289	0.965909090909
SpoIIE	193	CP065321.1_612	268	8.5e-06	7	189	61	248	0.943005181347
GerE	57	CP065321.1_618	773	1.4e-11	3	56	712	765	0.929824561404
HTH_IclR	52	CP065321.1_621	91	4.4e-07	20	49	36	65	0.557692307692
MerR	38	CP065321.1_64	267	8.8e-16	1	38	13	50	0.973684210526
Peripla_BP_1	279	CP065321.1_663	352	6.4e-17	3	224	69	290	0.792114695341
Pribosyltran	159	CP065321.1_665	475	1.9e-07	16	120	275	383	0.654088050314
Ammonium_transp	399	CP065321.1_667	585	3.2e-122	1	397	21	420	0.992481203008
GATase_2	420	CP065321.1_669	365	1.2e-09	73	246	63	223	0.411904761905
HisKA	64	CP065321.1_67	401	7.3e-12	2	62	186	251	0.9375
HATPase_c	111	CP065321.1_67	401	3.3e-16	4	104	299	395	0.900900900901
Fer4	24	CP065321.1_670	502	1.1e-05	7	24	49	66	0.708333333333
ANTAR	54	CP065321.1_673	193	2.1e-16	3	54	139	190	0.944444444444
TetR_N	47	CP065321.1_675	188	4.5e-10	8	44	16	52	0.765957446809
HTH_3	55	CP065321.1_679	409	6.5e-19	3	53	13	63	0.909090909091
Response_reg	112	CP065321.1_68	225	2e-27	1	111	5	112	0.982142857143
Trans_reg_C	77	CP065321.1_68	225	8.4e-24	1	76	147	221	0.974025974026
dCache_1	249	CP065321.1_681	671	6.3e-28	4	248	52	277	0.979919678715
MCPsignal	172	CP065321.1_681	671	5.3e-37	5	166	479	647	0.936046511628
Aminotran_1_2	363	CP065321.1_687	392	1.4e-40	3	363	35	388	0.99173553719
CbiA	128	CP065321.1_689	538	1.8e-06	8	55	13	154	0.3671875
GGDEF	161	CP065321.1_697	461	6e-23	1	159	295	443	0.981366459627
EAL	238	CP065321.1_702	423	2.5e-13	112	237	79	191	0.525210084034
CheW	138	CP065321.1_703	316	1.1e-26	1	136	19	154	0.978260869565
Response_reg	112	CP065321.1_703	316	7.2e-21	1	109	179	296	0.964285714286
CheD	109	CP065321.1_704	150	1.4e-35	1	108	37	140	0.981651376147
CheC	38	CP065321.1_705	209	1.9e-09	2	36	13	47	0.894736842105
CheC	38	CP065321.1_705	209	5.2e-11	2	34	112	144	0.842105263158
Sigma70_r2	71	CP065321.1_708	260	5.1e-13	3	70	34	103	0.943661971831
Sigma70_r3	78	CP065321.1_708	260	3.6e-12	2	54	111	163	0.666666666667
Sigma70_r4	50	CP065321.1_708	260	3.4e-13	1	49	201	249	0.96
Fer4	24	CP065321.1_71	255	2.3e-06	7	20	191	204	0.541666666667
Fer4	24	CP065321.1_71	255	2e-06	6	24	218	236	0.75
Response_reg	112	CP065321.1_715	122	2e-33	1	111	4	114	0.982142857143
CheC	38	CP065321.1_716	451	6.5e-13	1	37	9	45	0.947368421053
CheC	38	CP065321.1_716	451	5.8e-15	2	36	107	141	0.894736842105
MCPsignal	172	CP065321.1_735	594	1.1e-34	3	171	370	524	0.976744186047
CbiA	128	CP065321.1_741	252	2.7e-27	1	128	5	228	0.9921875
CsrA	53	CP065321.1_743	83	1.2e-20	1	52	1	52	0.962264150943
Response_reg	112	CP065321.1_750	349	6.3e-18	1	101	7	105	0.892857142857
CheB_methylest	170	CP065321.1_750	349	1.5e-55	1	169	161	339	0.988235294118
CheR_N	53	CP065321.1_751	281	7.3e-13	1	51	20	69	0.943396226415
CheR	195	CP065321.1_751	281	3.5e-53	1	183	86	267	0.933333333333
CheW	138	CP065321.1_752	166	3.6e-23	2	134	28	161	0.95652173913
H-kinase_dim	69	CP065321.1_753	693	5.4e-10	2	68	302	362	0.95652173913
HATPase_c	111	CP065321.1_753	693	4e-17	4	110	411	549	0.954954954955
CheW	138	CP065321.1_753	693	2.1e-17	2	134	555	686	0.95652173913
AAA	132	CP065321.1_763	551	2e-14	2	126	41	171	0.939393939394
GntR	64	CP065321.1_77	126	9.7e-18	2	64	14	76	0.96875
AAA	132	CP065321.1_774	681	8.8e-21	1	131	450	581	0.984848484848
Peripla_BP_2	238	CP065321.1_775	295	2.2e-34	1	237	38	271	0.991596638655
HTH_3	55	CP065321.1_779	68	5.5e-05	18	54	24	59	0.654545454545
HTH_3	55	CP065321.1_780	81	8.4e-05	4	55	14	66	0.927272727273
HTH_3	55	CP065321.1_781	81	1.4e-10	3	55	13	66	0.945454545455
HTH_3	55	CP065321.1_782	78	6.5e-12	5	55	13	66	0.909090909091
HTH_3	55	CP065321.1_783	113	1.6e-18	1	54	12	65	0.963636363636
MerR	38	CP065321.1_787	328	8.4e-10	1	34	6	37	0.868421052632
GyrI-like	155	CP065321.1_787	328	5.4e-08	2	119	163	272	0.754838709677
Citrate_synt	361	CP065321.1_792	459	1.1e-113	3	361	47	439	0.991689750693
Glyoxalase	128	CP065321.1_797	130	1.1e-08	1	107	6	102	0.828125
Phage_AlpA	51	CP065321.1_8	71	2.1e-06	3	41	15	52	0.745098039216
HisKA	64	CP065321.1_80	396	4.4e-11	2	62	178	239	0.9375
HATPase_c	111	CP065321.1_80	396	1.5e-15	2	103	286	383	0.90990990991
EPSP_synthase	417	CP065321.1_800	418	2.2e-79	2	417	5	404	0.99520383693
Response_reg	112	CP065321.1_81	216	8.7e-29	1	111	5	112	0.982142857143
Trans_reg_C	77	CP065321.1_81	216	6e-19	2	70	148	215	0.883116883117
PTS-HPr	82	CP065321.1_813	90	9.1e-31	3	81	6	84	0.951219512195
CbiA	128	CP065321.1_818	448	6.5e-09	9	88	111	253	0.6171875
Sigma70_r4	50	CP065321.1_819	123	6.1e-08	5	44	18	57	0.78
HTH_11	55	CP065321.1_829	301	2.8e-14	1	53	5	56	0.945454545455
SBP_bac_3	225	CP065321.1_833	298	6.9e-41	1	220	35	260	0.973333333333
SIS	131	CP065321.1_848	610	9.6e-35	3	129	290	415	0.961832061069
SIS	131	CP065321.1_848	610	4.5e-22	2	128	461	589	0.961832061069
LacI	46	CP065321.1_859	367	8.2e-10	3	43	4	44	0.869565217391
Peripla_BP_3	164	CP065321.1_859	367	3e-36	1	164	194	359	0.993902439024
Fer4	24	CP065321.1_866	581	3.4e-06	8	24	191	207	0.666666666667
Fer4	24	CP065321.1_867	597	1.4e-07	3	24	543	564	0.875
Fer4	24	CP065321.1_867	597	1.8e-08	2	23	572	593	0.875
HATPase_c	111	CP065321.1_869	198	2.1e-15	12	108	3	103	0.864864864865
Fer4	24	CP065321.1_873	448	1.1e-08	4	24	11	31	0.833333333333
Fer4	24	CP065321.1_873	448	1.5e-07	5	22	41	58	0.708333333333
FeS	33	CP065321.1_873	448	9.1e-15	1	33	379	411	0.969696969697
HATPase_c	111	CP065321.1_874	143	2.6e-09	16	107	52	137	0.81981981982
ACT	67	CP065321.1_878	389	1.5e-10	6	64	323	377	0.865671641791
ACT	67	CP065321.1_88	167	6.6e-11	6	63	9	66	0.850746268657
HMA	62	CP065321.1_883	845	2.5e-18	2	61	4	60	0.951612903226
HMA	62	CP065321.1_883	845	2.2e-15	1	58	779	835	0.91935483871
MarR	59	CP065321.1_888	144	3.6e-14	4	59	35	90	0.932203389831
SBP_bac_1	315	CP065321.1_894	396	4.1e-16	15	312	58	294	0.942857142857
TetR_N	47	CP065321.1_90	192	3.4e-15	1	45	8	52	0.936170212766
GyrI-like	155	CP065321.1_91	105	5.6e-11	75	152	18	97	0.496774193548
SBP_bac_1	315	CP065321.1_914	411	1.1e-14	11	314	52	328	0.961904761905
MCPsignal	172	CP065321.1_915	529	2.6e-20	10	170	314	478	0.93023255814
HTH_18	81	CP065321.1_92	201	6.8e-24	1	80	27	105	0.975308641975
PglZ	176	CP065321.1_920	203	1.8e-06	100	168	71	139	0.386363636364
CbiA	128	CP065321.1_937	261	1.5e-18	2	127	6	229	0.9765625
Sigma70_r4_2	54	CP065321.1_952	157	3.1e-13	2	54	99	151	0.962962962963
HTH_3	55	CP065321.1_953	113	5.3e-16	1	55	12	66	0.981818181818
HxlR	91	CP065321.1_956	114	2.9e-28	1	88	20	108	0.956043956044
Fer4	24	CP065321.1_961	309	1.4e-06	2	21	234	253	0.791666666667
Fer4	24	CP065321.1_961	309	1.4e-06	4	22	261	279	0.75
Response_reg	112	CP065321.1_963	226	3.8e-30	2	112	4	113	0.982142857143
Trans_reg_C	77	CP065321.1_963	226	2.6e-22	1	77	145	220	0.987012987013
HisKA	64	CP065321.1_964	384	3.6e-13	2	61	161	224	0.921875
HATPase_c	111	CP065321.1_964	384	1.5e-26	6	109	272	377	0.927927927928
HTH_3	55	CP065321.1_98	377	8.4e-14	5	55	14	64	0.909090909091
HTH_3	55	CP065321.1_982	119	3e-15	1	53	12	64	0.945454545455
HisKA	64	CP065321.1_984	456	8.6e-16	1	60	235	296	0.921875
HATPase_c	111	CP065321.1_984	456	5.5e-17	2	108	346	454	0.954954954955
Response_reg	112	CP065321.1_985	222	3.4e-25	2	111	5	111	0.973214285714
Trans_reg_C	77	CP065321.1_985	222	1e-22	1	76	145	218	0.974025974026
CbiA	128	CP065321.1_994	273	1.5e-22	1	126	7	235	0.9765625
Pribosyltran	159	CP065321.1_999	196	3.1e-06	43	112	103	177	0.433962264151
