Fer4	24	CP065313.1_1004	264	1.8e-07	2	18	71	87	0.666666666667
Fer4	24	CP065313.1_1004	264	6.1e-09	2	22	161	181	0.833333333333
Fer4	24	CP065313.1_1008	235	1.1e-08	3	22	150	169	0.791666666667
Response_reg	112	CP065313.1_1013	208	3e-24	1	112	12	122	0.991071428571
GerE	57	CP065313.1_1013	208	1.1e-19	2	53	147	198	0.894736842105
HisKA	64	CP065313.1_1015	606	9.4e-09	5	61	368	431	0.875
HATPase_c	111	CP065313.1_1015	606	3.6e-14	8	109	483	585	0.90990990991
CBS	57	CP065313.1_1017	152	6.9e-12	1	52	8	59	0.894736842105
CBS	57	CP065313.1_1017	152	8.8e-15	1	55	74	128	0.947368421053
GntR	64	CP065313.1_1036	258	7e-20	3	64	21	82	0.953125
HTH_1	60	CP065313.1_1042	297	1.5e-19	2	60	5	63	0.966666666667
LysR_substrate	209	CP065313.1_1042	297	2.5e-35	2	206	88	289	0.976076555024
HMA	62	CP065313.1_1045	69	9.8e-09	2	58	5	58	0.903225806452
TetR_N	47	CP065313.1_1047	206	5.1e-09	18	47	39	68	0.617021276596
Peptidase_M23	96	CP065313.1_1049	462	6.8e-26	3	96	363	455	0.96875
LysR_substrate	209	CP065313.1_1052	207	5.7e-22	10	207	2	197	0.942583732057
HTH_1	60	CP065313.1_1053	65	4.6e-25	2	59	4	61	0.95
Rhodanese	107	CP065313.1_1058	146	1.7e-18	1	107	35	126	0.990654205607
Fer4	24	CP065313.1_107	311	1.3e-07	2	22	113	133	0.833333333333
HxlR	91	CP065313.1_1070	128	5.4e-32	2	88	25	113	0.945054945055
Sigma70_r2	71	CP065313.1_1074	306	1.9e-21	1	69	68	136	0.957746478873
Sigma70_r4	50	CP065313.1_1074	306	2.5e-17	1	50	241	296	0.98
PALP	294	CP065313.1_1087	506	3.5e-80	4	294	18	308	0.986394557823
HTH_1	60	CP065313.1_1100	321	2.3e-21	3	60	10	67	0.95
LysR_substrate	209	CP065313.1_1100	321	1e-15	8	161	98	251	0.732057416268
HTH_1	60	CP065313.1_1104	358	2.8e-14	4	59	28	84	0.916666666667
HTH_1	60	CP065313.1_1105	327	2.4e-19	4	60	12	68	0.933333333333
LysR_substrate	209	CP065313.1_1105	327	1.5e-13	8	190	99	282	0.870813397129
HTH_1	60	CP065313.1_1106	322	4.8e-17	2	60	10	68	0.966666666667
LysR_substrate	209	CP065313.1_1106	322	5.1e-11	7	156	97	245	0.712918660287
HTH_1	60	CP065313.1_1108	327	8.7e-19	4	60	19	75	0.933333333333
LysR_substrate	209	CP065313.1_1108	327	1.2e-21	8	189	105	285	0.866028708134
HTH_1	60	CP065313.1_1117	325	3.1e-18	5	59	14	68	0.9
LysR_substrate	209	CP065313.1_1117	325	7.9e-19	3	190	94	282	0.894736842105
Fer4	24	CP065313.1_1137	223	5.3e-07	2	18	42	58	0.666666666667
Fer4	24	CP065313.1_1137	223	5.8e-07	2	22	120	140	0.833333333333
Fer4	24	CP065313.1_1141	237	7e-10	2	22	151	171	0.833333333333
Pribosyltran	159	CP065313.1_1145	224	2e-13	17	128	55	161	0.698113207547
PTS-HPr	82	CP065313.1_1151	90	1.5e-27	2	81	3	82	0.963414634146
TrkA_C	70	CP065313.1_1156	472	7.9e-13	2	69	155	225	0.957142857143
TrkA_C	70	CP065313.1_1156	472	3.3e-10	7	69	397	464	0.885714285714
Response_reg	112	CP065313.1_1157	251	5.2e-28	1	111	4	113	0.982142857143
HTH_8	42	CP065313.1_1157	251	1.1e-06	2	42	190	230	0.952380952381
HisKA	64	CP065313.1_1158	756	2.4e-12	4	63	527	595	0.921875
HATPase_c	111	CP065313.1_1158	756	2e-18	2	105	635	748	0.927927927928
CBS	57	CP065313.1_1166	441	3.8e-07	8	55	287	334	0.824561403509
SBP_bac_3	225	CP065313.1_1169	341	2.3e-32	1	215	36	254	0.951111111111
HTH_1	60	CP065313.1_1185	322	3.9e-17	4	58	8	62	0.9
LysR_substrate	209	CP065313.1_1185	322	1.1e-20	5	208	92	296	0.971291866029
HisKA	64	CP065313.1_1193	637	7.7e-11	3	62	414	480	0.921875
HATPase_c	111	CP065313.1_1193	637	1.9e-11	3	110	526	633	0.963963963964
Response_reg	112	CP065313.1_1194	213	5.9e-22	2	108	10	115	0.946428571429
GerE	57	CP065313.1_1194	213	3.1e-14	2	56	144	198	0.947368421053
HTH_1	60	CP065313.1_1198	324	7.7e-16	7	60	17	70	0.883333333333
LysR_substrate	209	CP065313.1_1198	324	2e-13	8	191	100	285	0.875598086124
MerR	38	CP065313.1_120	133	4.7e-17	1	38	2	39	0.973684210526
HTH_1	60	CP065313.1_1205	350	2.7e-11	4	59	10	65	0.916666666667
LysR_substrate	209	CP065313.1_1205	350	2.3e-15	5	204	98	298	0.952153110048
Pribosyltran	159	CP065313.1_1209	320	8.5e-21	26	124	164	254	0.616352201258
HMA	62	CP065313.1_121	944	1e-06	2	62	246	304	0.967741935484
HTH_3	55	CP065313.1_1215	129	5.5e-08	2	41	17	56	0.709090909091
HTH_1	60	CP065313.1_1216	312	3.3e-23	1	59	13	71	0.966666666667
LysR_substrate	209	CP065313.1_1216	312	2.2e-43	2	207	97	306	0.980861244019
CYTH	179	CP065313.1_1217	158	7.8e-15	2	169	3	142	0.932960893855
GerE	57	CP065313.1_1223	104	2.4e-15	2	51	53	102	0.859649122807
Response_reg	112	CP065313.1_1225	211	4.4e-27	2	111	15	123	0.973214285714
GerE	57	CP065313.1_1225	211	1.1e-17	1	54	147	200	0.929824561404
HisKA	64	CP065313.1_1226	551	3.6e-08	8	63	331	395	0.859375
HATPase_c	111	CP065313.1_1226	551	6.7e-13	1	100	436	534	0.891891891892
Response_reg	112	CP065313.1_1232	223	7.5e-27	2	111	7	115	0.973214285714
GerE	57	CP065313.1_1232	223	2.6e-19	2	56	141	195	0.947368421053
SBP_bac_3	225	CP065313.1_1233	602	2.5e-06	42	167	69	214	0.555555555556
HisKA	64	CP065313.1_1233	602	4.3e-07	3	60	377	441	0.890625
HATPase_c	111	CP065313.1_1233	602	5.8e-12	1	109	486	593	0.972972972973
SBP_bac_3	225	CP065313.1_1243	314	9.2e-06	102	178	123	200	0.337777777778
SBP_bac_3	225	CP065313.1_1249	250	2.4e-08	94	211	57	186	0.52
HATPase_c	111	CP065313.1_1251	872	5.6e-20	2	110	40	202	0.972972972973
AAA	132	CP065313.1_1253	460	5.1e-06	3	126	157	280	0.931818181818
TetR_N	47	CP065313.1_1263	192	1.4e-13	1	46	20	65	0.957446808511
AAA	132	CP065313.1_1269	391	7.2e-07	1	111	104	222	0.833333333333
SBP_bac_1	315	CP065313.1_1278	330	3.6e-20	11	312	36	271	0.955555555556
CbiA	128	CP065313.1_1283	267	1.8e-26	2	127	6	228	0.9765625
HTH_1	60	CP065313.1_1302	306	1.4e-15	4	59	10	65	0.916666666667
LysR_substrate	209	CP065313.1_1302	306	4.6e-22	2	208	91	296	0.985645933014
HTH_1	60	CP065313.1_1303	281	7.4e-11	28	60	4	36	0.533333333333
LysR_substrate	209	CP065313.1_1303	281	1e-17	4	208	59	258	0.976076555024
SIS	131	CP065313.1_1309	609	2.6e-30	5	130	291	416	0.954198473282
SIS	131	CP065313.1_1309	609	4e-26	2	130	461	590	0.977099236641
GntR	64	CP065313.1_131	241	1.4e-16	5	64	9	68	0.921875
Pyr_redox_2	292	CP065313.1_1310	518	4.6e-08	2	109	32	215	0.366438356164
GntR	64	CP065313.1_1313	479	6.9e-12	2	62	15	75	0.9375
TetR_N	47	CP065313.1_1315	209	2.1e-12	1	47	16	62	0.978723404255
MerR	38	CP065313.1_1317	205	1.1e-08	1	38	10	47	0.973684210526
HisKA	64	CP065313.1_1324	457	9e-15	2	62	219	281	0.9375
HATPase_c	111	CP065313.1_1324	457	1.3e-24	2	110	329	438	0.972972972973
Response_reg	112	CP065313.1_1325	219	1.6e-27	1	111	3	112	0.982142857143
Trans_reg_C	77	CP065313.1_1325	219	1.8e-23	1	77	145	216	0.987012987013
HTH_1	60	CP065313.1_133	319	3.6e-19	1	60	3	62	0.983333333333
LysR_substrate	209	CP065313.1_133	319	2.3e-38	2	204	87	295	0.966507177033
Pyr_redox_2	292	CP065313.1_1334	594	7.2e-07	2	107	133	321	0.359589041096
HisKA	64	CP065313.1_1335	582	2.9e-14	3	61	362	427	0.90625
HATPase_c	111	CP065313.1_1335	582	2e-12	5	107	474	576	0.918918918919
Response_reg	112	CP065313.1_1336	204	7.5e-27	1	111	7	115	0.982142857143
GerE	57	CP065313.1_1336	204	5.8e-20	2	53	142	193	0.894736842105
HTH_1	60	CP065313.1_1338	304	2.6e-22	1	59	3	61	0.966666666667
LysR_substrate	209	CP065313.1_1338	304	2.7e-17	7	206	89	286	0.952153110048
GntR	64	CP065313.1_1346	240	4.2e-17	2	64	12	74	0.96875
MerR	38	CP065313.1_1352	138	1.1e-08	4	28	11	35	0.631578947368
AAA	132	CP065313.1_1353	752	1.4e-12	1	130	309	432	0.977272727273
AAA	132	CP065313.1_1353	752	5.5e-32	1	130	546	667	0.977272727273
Sigma70_r4_2	54	CP065313.1_136	128	4.5e-09	13	50	76	113	0.685185185185
Peptidase_M23	96	CP065313.1_1376	1412	6.9e-05	10	69	1150	1210	0.614583333333
HTH_18	81	CP065313.1_1384	267	2.3e-21	1	80	187	264	0.975308641975
SBP_bac_3	225	CP065313.1_141	314	6.9e-06	86	178	118	215	0.408888888889
cNMP_binding	88	CP065313.1_1417	284	2.1e-07	2	87	54	141	0.965909090909
Fer4	24	CP065313.1_1419	212	5.3e-05	3	18	8	23	0.625
Fer4	24	CP065313.1_1419	212	1.2e-09	2	23	82	103	0.875
HTH_1	60	CP065313.1_1423	326	1.1e-09	4	58	10	64	0.9
LysR_substrate	209	CP065313.1_1423	326	1.7e-20	8	205	95	294	0.942583732057
Fer4	24	CP065313.1_1425	198	5.9e-05	2	19	7	24	0.708333333333
Fer4	24	CP065313.1_1425	198	2.2e-10	2	23	85	106	0.875
Fer4	24	CP065313.1_1428	202	1.7e-07	6	24	51	69	0.75
Fer4	24	CP065313.1_1428	202	8.4e-08	5	24	89	108	0.791666666667
Fer4	24	CP065313.1_1428	202	8.1e-05	10	24	133	147	0.583333333333
Fer4	24	CP065313.1_1428	202	1.3e-09	1	23	154	176	0.916666666667
Fer4	24	CP065313.1_1429	767	4.1e-07	6	24	278	296	0.75
Fer4	24	CP065313.1_1429	767	1.3e-07	5	20	352	367	0.625
Pyr_redox_2	292	CP065313.1_1429	767	2.1e-29	2	292	454	722	0.993150684932
Fer4	24	CP065313.1_1430	388	5.3e-05	7	23	81	97	0.666666666667
Fer4	24	CP065313.1_1430	388	8.2e-07	3	24	285	306	0.875
Fer4	24	CP065313.1_1430	388	6.8e-07	4	23	319	338	0.791666666667
HTH_1	60	CP065313.1_1432	318	6.5e-12	4	60	10	66	0.933333333333
LysR_substrate	209	CP065313.1_1432	318	2.5e-15	8	206	96	296	0.947368421053
AAA	132	CP065313.1_1435	528	7.3e-09	1	111	206	327	0.833333333333
Response_reg	112	CP065313.1_1452	209	1.3e-25	2	111	6	114	0.973214285714
GerE	57	CP065313.1_1452	209	3.5e-18	2	53	140	191	0.894736842105
HisKA	64	CP065313.1_1453	612	3.1e-10	4	62	372	437	0.90625
HATPase_c	111	CP065313.1_1453	612	1.2e-13	3	109	482	586	0.954954954955
Pyr_redox_2	292	CP065313.1_1455	531	1.6e-07	2	110	44	237	0.369863013699
Aminotran_1_2	363	CP065313.1_1459	335	1.4e-32	2	293	38	316	0.801652892562
PALP	294	CP065313.1_146	399	1.8e-51	4	293	37	376	0.982993197279
HTH_3	55	CP065313.1_1460	185	2.5e-19	1	54	12	65	0.963636363636
SBP_bac_5	377	CP065313.1_1465	746	1.5e-47	35	375	171	609	0.901856763926
NUDIX	131	CP065313.1_1474	180	9.2e-25	2	126	7	146	0.946564885496
AraC_binding	136	CP065313.1_148	300	1.3e-11	16	128	39	165	0.823529411765
HTH_18	81	CP065313.1_148	300	7.3e-20	4	80	219	294	0.938271604938
Nitro_FeMo-Co	95	CP065313.1_15	149	8.4e-23	2	94	9	96	0.968421052632
HTH_1	60	CP065313.1_150	294	1.3e-15	1	60	4	63	0.983333333333
LysR_substrate	209	CP065313.1_150	294	3.2e-25	2	208	89	289	0.985645933014
HTH_3	55	CP065313.1_1500	104	1.7e-10	2	52	33	83	0.909090909091
HTH_1	60	CP065313.1_1523	311	1.1e-13	5	59	5	59	0.9
LysR_substrate	209	CP065313.1_1523	311	3.3e-23	6	204	89	286	0.947368421053
Fer4	24	CP065313.1_1528	251	2.8e-07	3	24	174	195	0.875
Fer4	24	CP065313.1_1528	251	7.8e-06	4	20	203	219	0.666666666667
NUDIX	131	CP065313.1_1532	133	1.9e-19	5	115	9	113	0.839694656489
AAA	132	CP065313.1_1533	294	2.5e-06	1	118	91	193	0.886363636364
GntR	64	CP065313.1_1537	249	5.7e-19	3	64	7	68	0.953125
Aminotran_1_2	363	CP065313.1_1557	431	4e-05	131	334	183	394	0.559228650138
Aminotran_1_2	363	CP065313.1_156	346	3.3e-11	20	216	13	202	0.539944903581
HTH_1	60	CP065313.1_1566	323	8.3e-16	1	60	7	66	0.983333333333
LysR_substrate	209	CP065313.1_1566	323	1.3e-27	2	208	91	296	0.985645933014
Fer4	24	CP065313.1_1572	310	1.3e-07	2	23	162	183	0.875
Pyr_redox_2	292	CP065313.1_1581	455	7.6e-14	3	158	29	262	0.530821917808
HTH_1	60	CP065313.1_1582	321	8.2e-17	1	59	3	61	0.966666666667
LysR_substrate	209	CP065313.1_1582	321	1.9e-21	3	208	87	293	0.980861244019
HTH_1	60	CP065313.1_159	299	5e-19	6	60	11	65	0.9
LysR_substrate	209	CP065313.1_159	299	6.8e-18	6	190	94	278	0.88038277512
CBS	57	CP065313.1_1594	442	6.8e-05	5	54	221	271	0.859649122807
CBS	57	CP065313.1_1594	442	3.9e-08	8	56	288	336	0.842105263158
Aminotran_1_2	363	CP065313.1_1603	422	2.7e-14	48	357	76	377	0.851239669421
Peptidase_M23	96	CP065313.1_1606	442	1.6e-33	2	96	295	392	0.979166666667
HTH_1	60	CP065313.1_1625	321	4.8e-18	3	59	7	63	0.933333333333
LysR_substrate	209	CP065313.1_1625	321	1.8e-17	8	193	94	276	0.885167464115
ATPase_2	233	CP065313.1_1631	369	4.5e-07	21	131	75	214	0.472103004292
HTH_18	81	CP065313.1_1637	311	9.5e-16	2	80	213	292	0.962962962963
HisKA	64	CP065313.1_1639	594	2.5e-07	3	61	369	434	0.90625
HATPase_c	111	CP065313.1_1639	594	3.4e-14	2	107	479	582	0.945945945946
Response_reg	112	CP065313.1_164	204	6.8e-29	1	111	8	117	0.982142857143
GerE	57	CP065313.1_164	204	2e-16	1	53	142	194	0.912280701754
Response_reg	112	CP065313.1_1640	208	4.1e-24	1	111	8	117	0.982142857143
GerE	57	CP065313.1_1640	208	1.2e-17	2	56	143	197	0.947368421053
Pyr_redox_2	292	CP065313.1_1641	463	5.4e-10	2	112	32	221	0.376712328767
Pyr_redox_2	292	CP065313.1_1644	495	5.3e-05	1	112	41	240	0.380136986301
SBP_bac_3	225	CP065313.1_165	580	7.9e-05	36	163	53	202	0.564444444444
HisKA	64	CP065313.1_165	580	2.9e-08	5	62	362	426	0.890625
HATPase_c	111	CP065313.1_165	580	1.4e-14	5	108	473	573	0.927927927928
Pyr_redox_2	292	CP065313.1_166	497	9.2e-06	1	110	43	237	0.373287671233
EPSP_synthase	417	CP065313.1_1669	418	7.3e-111	2	417	7	405	0.99520383693
STAS	117	CP065313.1_1684	90	6.5e-07	49	102	27	80	0.452991452991
Pyr_redox_2	292	CP065313.1_1691	506	3.1e-11	2	112	31	222	0.376712328767
Pyr_redox_2	292	CP065313.1_1693	490	3.3e-28	2	292	145	476	0.993150684932
GATase_2	420	CP065313.1_1694	1559	3.2e-185	1	420	26	449	0.997619047619
HTH_1	60	CP065313.1_1696	299	5.6e-17	1	60	10	69	0.983333333333
LysR_substrate	209	CP065313.1_1696	299	1.7e-26	4	190	96	284	0.88995215311
Pyr_redox_2	292	CP065313.1_17	598	1e-07	2	112	136	331	0.376712328767
Pyr_redox_2	292	CP065313.1_1701	504	1.4e-09	2	112	28	220	0.376712328767
CbiA	128	CP065313.1_1704	259	1.3e-14	2	127	7	232	0.9765625
MerR	38	CP065313.1_1713	261	2.8e-09	2	38	4	40	0.947368421053
Peripla_BP_2	238	CP065313.1_1718	375	2.6e-29	19	236	60	316	0.911764705882
HisKA	64	CP065313.1_1723	357	1.4e-22	2	62	131	193	0.9375
HATPase_c	111	CP065313.1_1723	357	2e-24	1	110	239	350	0.981981981982
Response_reg	112	CP065313.1_1724	234	1.1e-30	1	112	5	117	0.991071428571
Trans_reg_C	77	CP065313.1_1724	234	3e-27	2	76	152	225	0.961038961039
HD	122	CP065313.1_1734	204	9e-14	1	88	68	161	0.713114754098
SKI	158	CP065313.1_1736	179	8.3e-48	1	157	18	174	0.987341772152
Pyr_redox_2	292	CP065313.1_1744	528	2.1e-10	2	112	41	236	0.376712328767
Response_reg	112	CP065313.1_1745	207	7.2e-25	2	112	13	122	0.982142857143
GerE	57	CP065313.1_1745	207	2.6e-13	2	47	146	191	0.789473684211
SBP_bac_3	225	CP065313.1_1746	598	8.3e-06	84	169	112	204	0.377777777778
HisKA	64	CP065313.1_1746	598	4.9e-08	3	63	368	439	0.9375
HATPase_c	111	CP065313.1_1746	598	8.5e-16	3	100	483	581	0.873873873874
Pyr_redox_2	292	CP065313.1_1747	592	3.9e-09	2	111	130	322	0.373287671233
Aminotran_1_2	363	CP065313.1_1751	300	4.1e-35	80	363	3	288	0.779614325069
SBP_bac_1	315	CP065313.1_1754	241	6.1e-08	196	315	137	231	0.377777777778
AAA	132	CP065313.1_1762	346	1.1e-19	1	130	59	182	0.977272727273
CbiA	128	CP065313.1_1765	461	4.3e-09	9	88	114	258	0.6171875
Aminotran_1_2	363	CP065313.1_1770	401	2.5e-89	2	363	31	396	0.994490358127
Rrf2	83	CP065313.1_1777	158	1.4e-28	1	83	1	83	0.987951807229
HTH_3	55	CP065313.1_1785	99	5.3e-09	3	53	41	94	0.909090909091
NUDIX	131	CP065313.1_1786	287	3.2e-15	10	117	137	250	0.81679389313
ACT	67	CP065313.1_1795	189	8.4e-06	4	45	7	48	0.611940298507
HTH_1	60	CP065313.1_1799	297	8.9e-22	1	59	3	61	0.966666666667
LysR_substrate	209	CP065313.1_1799	297	1.1e-21	4	206	89	289	0.966507177033
GntR	64	CP065313.1_1809	504	9.5e-17	2	64	30	92	0.96875
Aminotran_1_2	363	CP065313.1_1809	504	1.7e-17	38	341	169	468	0.834710743802
MerR	38	CP065313.1_1811	132	2.9e-07	1	38	18	54	0.973684210526
Peptidase_M23	96	CP065313.1_1824	251	1.1e-30	3	96	151	243	0.96875
TPR_2	34	CP065313.1_1834	209	2.1e-06	6	30	166	190	0.705882352941
Pribosyltran	159	CP065313.1_1844	179	2.8e-28	1	157	7	156	0.981132075472
AAA	132	CP065313.1_1848	864	3.5e-16	2	128	203	337	0.954545454545
AAA	132	CP065313.1_1848	864	2e-10	2	111	606	724	0.825757575758
HMA	62	CP065313.1_188	123	3e-07	1	61	41	100	0.967741935484
Fer4	24	CP065313.1_190	599	4.2e-06	2	18	144	160	0.666666666667
Fer4	24	CP065313.1_190	599	4.1e-08	6	23	192	209	0.708333333333
Pyr_redox_2	292	CP065313.1_191	662	1.9e-31	2	292	255	559	0.993150684932
cNMP_binding	88	CP065313.1_1928	245	4.7e-16	5	88	47	130	0.943181818182
Crp	32	CP065313.1_1928	245	1.9e-13	1	32	187	218	0.96875
AAA	132	CP065313.1_1943	771	1.8e-14	2	126	211	343	0.939393939394
AAA	132	CP065313.1_1943	771	9.2e-13	2	111	491	606	0.825757575758
Sigma70_r2	71	CP065313.1_1959	829	1.2e-22	3	70	592	659	0.943661971831
Sigma70_r3	78	CP065313.1_1959	829	2.8e-26	1	77	669	745	0.974358974359
Sigma70_r4	50	CP065313.1_1959	829	2.5e-21	1	50	758	811	0.98
HEM4	232	CP065313.1_1964	251	1.4e-25	15	219	31	231	0.879310344828
Pyr_redox_2	292	CP065313.1_1968	321	7.6e-47	2	291	9	302	0.989726027397
Nitroreductase	170	CP065313.1_1983	187	1.6e-11	2	169	12	165	0.982352941176
HTH_1	60	CP065313.1_1997	316	1.2e-11	1	55	17	71	0.9
LysR_substrate	209	CP065313.1_1997	316	3.2e-33	7	202	106	303	0.933014354067
FUR	120	CP065313.1_2012	153	7.5e-45	3	120	18	140	0.975
TrkA_C	70	CP065313.1_2024	559	3.4e-07	9	61	218	271	0.742857142857
TrkA_C	70	CP065313.1_2024	559	3.1e-07	10	69	305	365	0.842857142857
Phage_AlpA	51	CP065313.1_2058	87	1.6e-16	2	48	4	50	0.901960784314
HTH_3	55	CP065313.1_2066	96	1.7e-10	5	51	17	63	0.836363636364
Aminotran_1_2	363	CP065313.1_2070	367	2.6e-60	2	363	37	362	0.994490358127
EPSP_synthase	417	CP065313.1_2072	430	5.3e-126	2	417	8	423	0.99520383693
HTH_1	60	CP065313.1_2077	315	4.4e-17	5	60	12	67	0.916666666667
LysR_substrate	209	CP065313.1_2077	315	2.1e-17	6	192	95	281	0.88995215311
Pyr_redox_2	292	CP065313.1_2080	478	1.6e-45	2	292	33	350	0.993150684932
HTH_3	55	CP065313.1_2084	109	4e-12	2	48	15	61	0.836363636364
Pyr_redox_2	292	CP065313.1_2085	566	1e-09	2	113	137	319	0.380136986301
MerR	38	CP065313.1_2086	272	2.5e-06	1	38	3	40	0.973684210526
HTH_1	60	CP065313.1_2093	343	4.6e-19	5	60	17	72	0.916666666667
LysR_substrate	209	CP065313.1_2093	343	2.7e-19	7	202	101	296	0.933014354067
HTH_1	60	CP065313.1_2098	326	2e-14	6	59	13	66	0.883333333333
LysR_substrate	209	CP065313.1_2098	326	5.8e-19	3	189	92	281	0.88995215311
Fer4	24	CP065313.1_21	205	2.4e-05	2	18	7	23	0.666666666667
Fer4	24	CP065313.1_21	205	9.3e-11	2	23	95	116	0.875
HTH_1	60	CP065313.1_2101	340	8.3e-17	3	59	15	71	0.933333333333
LysR_substrate	209	CP065313.1_2101	340	5.7e-18	7	191	101	286	0.88038277512
ATPase_2	233	CP065313.1_2107	413	7.8e-07	3	82	17	93	0.339055793991
Fer4	24	CP065313.1_2109	254	9.7e-06	2	18	6	22	0.666666666667
Fer4	24	CP065313.1_2109	254	1.4e-06	4	20	90	106	0.666666666667
HTH_5	47	CP065313.1_2111	103	1.1e-13	1	46	20	65	0.957446808511
HisKA	64	CP065313.1_2168	395	1.9e-10	5	61	178	241	0.875
HATPase_c	111	CP065313.1_2168	395	3.5e-15	6	109	288	390	0.927927927928
Response_reg	112	CP065313.1_2169	206	1.6e-29	2	111	12	120	0.973214285714
GerE	57	CP065313.1_2169	206	9e-19	1	54	145	198	0.929824561404
HTH_1	60	CP065313.1_2177	319	3.6e-11	4	59	17	72	0.916666666667
LysR_substrate	209	CP065313.1_2177	319	1.4e-16	3	184	99	278	0.866028708134
HTH_6	77	CP065313.1_2202	280	8e-17	1	75	1	75	0.961038961039
SIS	131	CP065313.1_2202	280	7.4e-16	2	118	124	237	0.885496183206
Response_reg	112	CP065313.1_2204	203	5.4e-24	1	111	11	120	0.982142857143
GerE	57	CP065313.1_2204	203	7.1e-19	2	48	145	191	0.80701754386
HisKA	64	CP065313.1_2205	585	6.2e-10	4	62	363	428	0.90625
HATPase_c	111	CP065313.1_2205	585	2.6e-13	6	109	475	577	0.927927927928
HTH_3	55	CP065313.1_2212	1364	1.8e-10	4	54	19	69	0.909090909091
HTH_1	60	CP065313.1_2215	306	6.9e-21	1	60	7	66	0.983333333333
LysR_substrate	209	CP065313.1_2215	306	2.8e-32	3	207	92	300	0.976076555024
AAA	132	CP065313.1_222	801	1.6e-18	1	129	351	489	0.969696969697
HTH_1	60	CP065313.1_2222	317	9.2e-07	3	56	12	65	0.883333333333
LysR_substrate	209	CP065313.1_2222	317	2.5e-16	6	207	97	305	0.961722488038
HTH_1	60	CP065313.1_2229	298	3.2e-15	2	56	6	60	0.9
LysR_substrate	209	CP065313.1_2229	298	3.6e-13	4	206	89	290	0.966507177033
AAA	132	CP065313.1_223	450	1.7e-16	1	100	140	265	0.75
HTH_3	55	CP065313.1_2237	100	2.5e-06	6	53	45	90	0.854545454545
Pyr_redox_2	292	CP065313.1_2241	490	8.2e-08	2	114	42	239	0.383561643836
Response_reg	112	CP065313.1_2243	211	8.1e-26	2	112	12	121	0.982142857143
GerE	57	CP065313.1_2243	211	3.6e-17	2	56	146	200	0.947368421053
HisKA	64	CP065313.1_2244	598	1.3e-11	3	61	378	443	0.90625
HATPase_c	111	CP065313.1_2244	598	4.5e-12	2	110	487	595	0.972972972973
HisKA	64	CP065313.1_2245	629	4.5e-07	4	62	406	471	0.90625
HATPase_c	111	CP065313.1_2245	629	2.4e-12	2	93	514	603	0.81981981982
Response_reg	112	CP065313.1_2246	207	3.2e-27	1	111	7	117	0.982142857143
GerE	57	CP065313.1_2246	207	4.6e-18	1	56	142	197	0.964912280702
Pyr_redox_2	292	CP065313.1_2247	482	2.3e-15	1	112	38	229	0.380136986301
HTH_1	60	CP065313.1_2252	358	6.3e-12	3	55	15	67	0.866666666667
LysR_substrate	209	CP065313.1_2252	358	5.1e-14	4	108	99	200	0.497607655502
Pyr_redox_2	292	CP065313.1_2253	491	1.5e-06	3	114	34	238	0.380136986301
GntR	64	CP065313.1_2256	222	3e-08	16	63	20	67	0.734375
HTH_1	60	CP065313.1_2268	323	1.8e-21	5	60	12	67	0.916666666667
LysR_substrate	209	CP065313.1_2268	323	3e-18	7	200	97	288	0.923444976077
PALP	294	CP065313.1_227	365	1.6e-64	1	279	65	342	0.945578231293
ACT	67	CP065313.1_2271	422	7.6e-09	5	64	277	333	0.880597014925
ACT	67	CP065313.1_2271	422	1.8e-10	4	66	357	411	0.925373134328
Glyoxalase	128	CP065313.1_2272	137	5e-05	2	128	10	126	0.984375
HTH_1	60	CP065313.1_2279	323	1.2e-12	2	56	6	60	0.9
LysR_substrate	209	CP065313.1_2279	323	7.5e-16	27	207	113	295	0.861244019139
Pribosyltran	159	CP065313.1_229	194	7.7e-18	22	134	56	175	0.704402515723
DctP	286	CP065313.1_230	358	5.1e-57	5	241	35	278	0.825174825175
Aminotran_1_2	363	CP065313.1_2302	382	2.6e-47	2	363	40	372	0.994490358127
HisKA	64	CP065313.1_2305	881	2.9e-17	1	63	353	418	0.96875
HATPase_c	111	CP065313.1_2305	881	2e-27	1	109	466	581	0.972972972973
Response_reg	112	CP065313.1_2305	881	3.8e-20	1	111	599	714	0.982142857143
Response_reg	112	CP065313.1_2305	881	7e-22	1	104	740	849	0.919642857143
LysR_substrate	209	CP065313.1_2363	197	2.7e-15	44	204	9	170	0.765550239234
HTH_1	60	CP065313.1_2364	135	2.5e-17	4	57	6	59	0.883333333333
Pyr_redox_2	292	CP065313.1_2365	470	5.5e-10	3	114	29	230	0.380136986301
Pyr_redox_2	292	CP065313.1_2368	474	1.4e-67	1	292	4	335	0.996575342466
Rhodanese	107	CP065313.1_2376	112	4.8e-12	16	103	24	100	0.81308411215
HATPase_c	111	CP065313.1_2386	660	4.8e-16	7	107	40	180	0.900900900901
Pyr_redox_2	292	CP065313.1_2393	494	3.1e-09	2	108	44	231	0.36301369863
HTH_6	77	CP065313.1_2394	301	1.2e-16	5	74	19	88	0.896103896104
SIS	131	CP065313.1_2394	301	1.1e-08	2	129	139	264	0.969465648855
Aminotran_1_2	363	CP065313.1_2396	401	1.3e-37	18	362	49	389	0.947658402204
HATPase_c	111	CP065313.1_2397	634	3e-13	2	110	30	185	0.972972972973
HhH-GPD	108	CP065313.1_2399	226	1.6e-19	1	105	34	166	0.962962962963
HTH_IclR	52	CP065313.1_24	268	2e-11	2	50	13	61	0.923076923077
IclR	129	CP065313.1_24	268	4.4e-27	5	128	131	249	0.953488372093
FeS	33	CP065313.1_2400	189	1.4e-15	1	33	12	43	0.969696969697
Fer4	24	CP065313.1_2400	189	5.4e-11	2	23	77	98	0.875
Fer4	24	CP065313.1_2400	189	5.1e-05	2	23	107	128	0.875
Fer4	24	CP065313.1_2402	111	4.7e-09	2	23	34	55	0.875
CbiA	128	CP065313.1_2426	547	7.4e-06	8	98	13	314	0.703125
NUDIX	131	CP065313.1_243	186	5e-20	2	120	42	157	0.900763358779
CBS	57	CP065313.1_2451	449	6.5e-06	7	55	288	336	0.842105263158
Pribosyltran	159	CP065313.1_2467	500	2.7e-11	12	121	278	395	0.685534591195
Pyr_redox_2	292	CP065313.1_2473	601	4.8e-09	2	109	135	325	0.366438356164
MarR	59	CP065313.1_249	83	9.5e-05	4	50	4	48	0.779661016949
TrmB	68	CP065313.1_2491	172	1.2e-05	23	60	100	137	0.544117647059
HxlR	91	CP065313.1_2498	130	1.4e-32	1	89	23	111	0.967032967033
HMA	62	CP065313.1_2499	957	5.4e-19	2	61	5	64	0.951612903226
HMA	62	CP065313.1_2499	957	2.5e-18	2	62	794	853	0.967741935484
HMA	62	CP065313.1_2499	957	2e-16	4	61	893	949	0.91935483871
Fer4	24	CP065313.1_25	665	7.7e-07	3	21	284	302	0.75
HisKA	64	CP065313.1_2501	585	1.6e-07	9	62	365	425	0.828125
HATPase_c	111	CP065313.1_2501	585	3.4e-13	7	108	473	573	0.90990990991
Response_reg	112	CP065313.1_2502	207	4.2e-29	1	111	10	119	0.982142857143
GerE	57	CP065313.1_2502	207	1.8e-17	2	54	145	197	0.912280701754
Pyr_redox_2	292	CP065313.1_2503	468	1.6e-10	2	111	24	217	0.373287671233
Pyr_redox_2	292	CP065313.1_2504	543	4.6e-37	1	292	125	408	0.996575342466
Fer4	24	CP065313.1_2504	543	2.6e-07	1	23	513	535	0.916666666667
FeoA	74	CP065313.1_251	76	3.7e-16	1	68	1	68	0.905405405405
FeoA	74	CP065313.1_252	88	4.5e-13	1	72	9	79	0.959459459459
Aminotran_1_2	363	CP065313.1_2523	403	3.2e-34	19	363	51	396	0.947658402204
AraC_binding	136	CP065313.1_2524	249	7.4e-08	16	120	21	133	0.764705882353
HTH_18	81	CP065313.1_2524	249	1.3e-20	1	80	168	245	0.975308641975
HhH-GPD	108	CP065313.1_2527	222	2e-12	1	102	47	184	0.935185185185
Response_reg	112	CP065313.1_262	353	7.4e-22	1	103	16	119	0.910714285714
Rhodanese	107	CP065313.1_282	289	8e-17	8	106	20	136	0.915887850467
Rhodanese	107	CP065313.1_282	289	5.2e-10	2	105	165	278	0.96261682243
Nitroreductase	170	CP065313.1_285	215	1.1e-22	2	170	8	189	0.988235294118
HisKA	64	CP065313.1_286	604	9.6e-11	4	63	383	449	0.921875
HATPase_c	111	CP065313.1_286	604	3.5e-10	2	107	492	596	0.945945945946
Response_reg	112	CP065313.1_287	137	1.5e-24	1	112	10	121	0.991071428571
Pyr_redox_2	292	CP065313.1_288	477	2.6e-07	2	108	34	223	0.36301369863
HisKA	64	CP065313.1_291	441	4.4e-10	4	62	216	270	0.90625
HATPase_c	111	CP065313.1_291	441	2.8e-16	4	109	315	426	0.945945945946
Response_reg	112	CP065313.1_292	258	6.3e-31	1	111	21	130	0.982142857143
Trans_reg_C	77	CP065313.1_292	258	3.8e-24	2	77	172	247	0.974025974026
NUDIX	131	CP065313.1_30	187	5.1e-14	3	116	44	150	0.862595419847
Response_reg	112	CP065313.1_305	217	6e-25	2	111	10	118	0.973214285714
GerE	57	CP065313.1_305	217	9.1e-18	2	53	144	195	0.894736842105
HisKA	64	CP065313.1_306	603	5.4e-07	5	60	372	434	0.859375
HATPase_c	111	CP065313.1_306	603	1.2e-11	2	100	476	572	0.882882882883
HTH_3	55	CP065313.1_308	138	2.5e-12	1	55	15	71	0.981818181818
PAS	113	CP065313.1_330	795	3.3e-09	4	112	322	431	0.955752212389
HisKA	64	CP065313.1_330	795	1.6e-11	2	63	569	638	0.953125
HATPase_c	111	CP065313.1_330	795	2.4e-22	2	108	683	789	0.954954954955
Response_reg	112	CP065313.1_331	225	1.9e-29	1	111	20	129	0.982142857143
GerE	57	CP065313.1_331	225	1.1e-17	2	47	155	200	0.789473684211
Response_reg	112	CP065313.1_336	482	1.5e-26	1	111	4	114	0.982142857143
AAA	132	CP065313.1_336	482	7.3e-05	1	124	161	295	0.931818181818
HTH_8	42	CP065313.1_336	482	2.1e-12	3	42	439	478	0.928571428571
HisKA	64	CP065313.1_337	356	3.1e-17	3	58	132	189	0.859375
HATPase_c	111	CP065313.1_337	356	1.3e-21	1	110	235	354	0.981981981982
ACT	67	CP065313.1_355	165	3.6e-16	1	66	4	69	0.970149253731
HisKA	64	CP065313.1_357	633	2.4e-11	1	63	251	314	0.96875
HATPase_c	111	CP065313.1_357	633	4.8e-21	2	110	360	469	0.972972972973
Response_reg	112	CP065313.1_357	633	7.8e-13	1	88	495	586	0.776785714286
CBS	57	CP065313.1_363	489	2.2e-11	5	52	92	138	0.824561403509
CBS	57	CP065313.1_363	489	1.1e-10	2	54	148	202	0.912280701754
NTP_transf_2	95	CP065313.1_390	853	3e-06	7	81	44	115	0.778947368421
HD	122	CP065313.1_390	853	4.8e-10	2	113	434	546	0.909836065574
ACT	67	CP065313.1_390	853	1.8e-05	1	51	780	827	0.746268656716
Aminotran_1_2	363	CP065313.1_395	396	4.8e-50	2	363	30	390	0.994490358127
Pyr_redox_2	292	CP065313.1_402	504	2.7e-10	1	113	36	237	0.383561643836
FeoA	74	CP065313.1_404	76	2.1e-15	1	67	1	67	0.891891891892
FeoA	74	CP065313.1_405	82	5.8e-14	2	72	8	77	0.945945945946
Pribosyltran	159	CP065313.1_420	225	7.4e-19	12	144	54	179	0.830188679245
T2SSE	273	CP065313.1_441	134	4.1e-22	180	272	13	111	0.336996336996
T2SSE	273	CP065313.1_444	355	8.3e-50	3	272	17	332	0.985347985348
HTH_3	55	CP065313.1_449	105	3.2e-11	4	54	16	66	0.909090909091
Phage_AlpA	51	CP065313.1_484	102	1.1e-10	3	51	10	59	0.941176470588
HTH_3	55	CP065313.1_485	91	4.4e-05	15	47	18	49	0.581818181818
AAA	132	CP065313.1_489	256	3.2e-08	1	120	114	231	0.901515151515
CbiA	128	CP065313.1_494	308	2.1e-11	2	98	5	195	0.75
Arc	50	CP065313.1_499	82	4.5e-05	9	38	8	36	0.58
HTH_7	45	CP065313.1_511	193	2.4e-08	1	44	141	183	0.955555555556
SBP_bac_3	225	CP065313.1_517	255	1.4e-73	1	224	38	253	0.991111111111
HhH-GPD	108	CP065313.1_525	223	6.5e-17	1	92	53	180	0.842592592593
TPR_2	34	CP065313.1_527	183	3.2e-05	5	33	74	102	0.823529411765
TPR_2	34	CP065313.1_527	183	7.9e-06	1	31	104	134	0.882352941176
TPR_1	34	CP065313.1_534	299	4e-05	2	30	168	196	0.823529411765
TPR_2	34	CP065313.1_534	299	1.2e-06	5	34	245	274	0.852941176471
TPR_2	34	CP065313.1_537	466	1.6e-05	3	34	169	200	0.911764705882
Pyr_redox_2	292	CP065313.1_54	512	8.1e-06	2	107	44	233	0.359589041096
Response_reg	112	CP065313.1_564	195	9.5e-14	30	111	11	94	0.723214285714
GerE	57	CP065313.1_564	195	1.6e-17	2	55	131	184	0.929824561404
AAA	132	CP065313.1_573	680	4.5e-47	1	131	195	327	0.984848484848
SIS	131	CP065313.1_580	198	4.6e-13	50	110	110	170	0.458015267176
HD	122	CP065313.1_585	771	5.8e-11	1	122	98	197	0.991803278689
SBP_bac_3	225	CP065313.1_591	347	3.2e-14	34	186	60	221	0.675555555556
AAA	132	CP065313.1_594	666	4.2e-11	2	125	42	176	0.931818181818
PALP	294	CP065313.1_6	309	4.7e-77	2	292	8	294	0.986394557823
HTH_1	60	CP065313.1_61	325	7.8e-17	2	59	8	65	0.95
LysR_substrate	209	CP065313.1_61	325	2.5e-16	4	206	93	296	0.966507177033
dCache_1	249	CP065313.1_614	478	1.7e-19	12	247	42	263	0.943775100402
Ammonium_transp	399	CP065313.1_62	422	2e-122	2	396	31	418	0.987468671679
Pyr_redox_2	292	CP065313.1_621	508	1.4e-06	2	107	40	241	0.359589041096
Response_reg	112	CP065313.1_622	236	2.4e-33	1	112	7	118	0.991071428571
Trans_reg_C	77	CP065313.1_622	236	6e-19	2	76	155	229	0.961038961039
dCache_1	249	CP065313.1_623	711	1.2e-12	8	248	42	269	0.963855421687
HisKA	64	CP065313.1_623	711	9.9e-14	2	64	487	551	0.96875
HATPase_c	111	CP065313.1_623	711	5.7e-28	2	110	595	707	0.972972972973
TrmB	68	CP065313.1_632	173	1.4e-06	24	60	102	138	0.529411764706
PALP	294	CP065313.1_646	395	1.2e-46	4	294	50	375	0.986394557823
PALP	294	CP065313.1_648	475	3.7e-15	29	223	110	320	0.659863945578
ACT	67	CP065313.1_649	437	1.8e-14	7	65	360	420	0.865671641791
Aminotran_1_2	363	CP065313.1_650	479	2.5e-60	2	356	32	375	0.97520661157
HTH_18	81	CP065313.1_656	333	2.7e-18	1	80	247	327	0.975308641975
Fer4	24	CP065313.1_658	181	1.1e-05	2	18	7	23	0.666666666667
Fer4	24	CP065313.1_658	181	7.2e-08	2	23	78	99	0.875
SBP_bac_3	225	CP065313.1_673	256	4.5e-66	2	224	28	247	0.986666666667
ATPase_2	233	CP065313.1_675	253	6.6e-06	21	92	34	120	0.304721030043
Pyr_redox_2	292	CP065313.1_676	504	6.2e-08	2	111	28	214	0.373287671233
Fer4	24	CP065313.1_685	356	8.4e-06	7	22	51	66	0.625
Fer4	24	CP065313.1_685	356	1.8e-09	1	23	252	274	0.916666666667
Fer4	24	CP065313.1_685	356	1e-05	5	24	289	308	0.791666666667
Fer4	24	CP065313.1_686	740	3.4e-08	6	23	274	291	0.708333333333
Fer4	24	CP065313.1_686	740	6.5e-06	6	20	340	354	0.583333333333
Pyr_redox_2	292	CP065313.1_686	740	9.6e-07	90	202	357	512	0.383561643836
Pyr_redox_2	292	CP065313.1_686	740	1.1e-19	2	292	443	721	0.993150684932
Fer4	24	CP065313.1_687	215	9.9e-07	7	24	65	82	0.708333333333
Fer4	24	CP065313.1_687	215	6e-08	6	23	103	120	0.708333333333
Fer4	24	CP065313.1_687	215	5.5e-09	2	20	168	186	0.75
Fer4	24	CP065313.1_690	198	4.5e-07	2	18	7	23	0.666666666667
Fer4	24	CP065313.1_690	198	3.7e-10	2	23	85	106	0.875
HTH_1	60	CP065313.1_693	330	2.1e-11	2	58	8	64	0.933333333333
LysR_substrate	209	CP065313.1_693	330	5.2e-16	8	205	95	294	0.942583732057
HATPase_c	111	CP065313.1_701	635	1.7e-09	5	63	32	94	0.522522522523
Response_reg	112	CP065313.1_713	237	6.9e-32	1	112	8	119	0.991071428571
Trans_reg_C	77	CP065313.1_713	237	3.6e-19	2	77	158	233	0.974025974026
HisKA	64	CP065313.1_714	858	4.5e-18	1	64	634	702	0.984375
HATPase_c	111	CP065313.1_714	858	2.7e-24	2	107	747	855	0.945945945946
Pyr_redox_2	292	CP065313.1_715	497	3e-11	2	112	27	215	0.376712328767
cNMP_binding	88	CP065313.1_716	230	6.6e-09	2	85	30	114	0.943181818182
Crp	32	CP065313.1_716	230	4.8e-05	1	32	176	207	0.96875
TOBE	64	CP065313.1_719	71	1.6e-18	2	64	4	66	0.96875
CBS	57	CP065313.1_720	486	2.7e-08	1	54	231	284	0.929824561404
MerR	38	CP065313.1_73	162	6.1e-08	1	32	29	59	0.815789473684
TOBE	64	CP065313.1_731	364	1.8e-13	1	62	298	360	0.953125
HTH_1	60	CP065313.1_734	248	2.1e-16	3	60	15	77	0.95
TOBE	64	CP065313.1_734	248	7.1e-12	2	60	116	174	0.90625
Pribosyltran	159	CP065313.1_740	217	2.4e-09	26	131	73	175	0.660377358491
HATPase_c	111	CP065313.1_745	616	5.6e-08	2	93	521	597	0.81981981982
Response_reg	112	CP065313.1_746	218	3.9e-31	1	111	9	120	0.982142857143
GerE	57	CP065313.1_746	218	5e-22	2	56	155	209	0.947368421053
Fer4	24	CP065313.1_748	302	6.4e-05	2	19	226	243	0.708333333333
Fer4	24	CP065313.1_748	302	7.8e-06	7	21	263	277	0.583333333333
Fer4	24	CP065313.1_749	259	2.2e-07	7	23	58	74	0.666666666667
Fer4	24	CP065313.1_749	259	9.4e-08	1	20	175	194	0.791666666667
Response_reg	112	CP065313.1_757	221	1e-27	1	112	12	122	0.991071428571
GerE	57	CP065313.1_757	221	7.7e-18	2	49	147	194	0.824561403509
SBP_bac_3	225	CP065313.1_758	606	1.3e-06	81	178	125	229	0.431111111111
HisKA	64	CP065313.1_758	606	4.5e-11	7	62	385	448	0.859375
HATPase_c	111	CP065313.1_758	606	1.3e-13	6	109	495	596	0.927927927928
Fer4	24	CP065313.1_765	276	1.8e-06	2	18	83	99	0.666666666667
Fer4	24	CP065313.1_765	276	6.4e-09	2	22	173	193	0.833333333333
Rhodanese	107	CP065313.1_767	142	4.1e-09	7	106	48	133	0.92523364486
Fer4	24	CP065313.1_775	193	1.7e-05	3	18	12	27	0.625
Fer4	24	CP065313.1_775	193	9.5e-09	4	22	95	113	0.75
Fer4	24	CP065313.1_778	193	2e-05	3	18	12	27	0.625
Fer4	24	CP065313.1_778	193	2.6e-07	4	22	95	113	0.75
SBP_bac_3	225	CP065313.1_800	261	5e-47	1	223	38	259	0.986666666667
Response_reg	112	CP065313.1_809	231	7.3e-31	1	111	4	113	0.982142857143
Trans_reg_C	77	CP065313.1_809	231	2.6e-16	2	75	147	218	0.948051948052
HisKA	64	CP065313.1_810	428	8.6e-14	7	61	221	278	0.84375
HATPase_c	111	CP065313.1_810	428	3.4e-19	9	107	331	424	0.882882882883
NUDIX	131	CP065313.1_819	131	1.3e-20	5	115	5	108	0.839694656489
HTH_1	60	CP065313.1_822	322	1.1e-10	2	57	12	67	0.916666666667
LysR_substrate	209	CP065313.1_822	322	7e-17	9	194	101	289	0.885167464115
Pyr_redox_2	292	CP065313.1_823	527	6.9e-09	2	108	32	217	0.36301369863
HTH_1	60	CP065313.1_825	308	1.6e-16	1	59	15	73	0.966666666667
LysR_substrate	209	CP065313.1_825	308	4.7e-11	9	206	103	299	0.942583732057
Pyr_redox_2	292	CP065313.1_829	518	1.2e-07	2	111	30	219	0.373287671233
AAA	132	CP065313.1_83	477	1.2e-15	1	124	69	174	0.931818181818
TetR_N	47	CP065313.1_834	199	1.2e-10	14	46	26	58	0.68085106383
MarR	59	CP065313.1_847	184	1.7e-10	8	59	58	110	0.864406779661
AAA	132	CP065313.1_852	342	8.1e-05	3	54	59	111	0.386363636364
SBP_bac_5	377	CP065313.1_857	533	1.1e-76	1	373	67	445	0.986737400531
SBP_bac_5	377	CP065313.1_859	257	1.1e-31	1	170	67	238	0.448275862069
HTH_1	60	CP065313.1_87	320	2.8e-13	2	60	11	69	0.966666666667
LysR_substrate	209	CP065313.1_87	320	1.8e-26	3	208	95	299	0.980861244019
Response_reg	112	CP065313.1_882	229	8.2e-13	1	101	8	109	0.892857142857
GerE	57	CP065313.1_882	229	1.7e-20	2	54	165	217	0.912280701754
Pyr_redox_2	292	CP065313.1_885	354	9.3e-24	2	277	14	301	0.941780821918
CbiA	128	CP065313.1_886	362	4.7e-18	1	128	100	318	0.9921875
STAS	117	CP065313.1_888	586	3.5e-06	37	105	477	545	0.581196581197
TPR_2	34	CP065313.1_891	227	5.9e-05	1	22	146	167	0.617647058824
Fer4	24	CP065313.1_90	240	5.9e-08	4	22	5	23	0.75
Nitroreductase	170	CP065313.1_90	240	2.3e-28	1	170	52	219	0.994117647059
CBS	57	CP065313.1_908	298	1.5e-07	5	55	71	122	0.877192982456
CBS	57	CP065313.1_908	298	3e-07	9	56	136	183	0.824561403509
TetR_N	47	CP065313.1_913	198	2.6e-14	1	43	13	55	0.893617021277
Pyr_redox_2	292	CP065313.1_914	589	3.8e-08	1	108	135	326	0.366438356164
PfkB	302	CP065313.1_916	274	2.7e-06	138	290	83	250	0.503311258278
PfkB	302	CP065313.1_921	315	1.5e-43	2	297	14	304	0.976821192053
HTH_1	60	CP065313.1_933	324	3.5e-15	1	60	7	66	0.983333333333
LysR_substrate	209	CP065313.1_933	324	1.3e-20	4	207	93	302	0.971291866029
SBP_bac_3	225	CP065313.1_947	567	1.8e-05	32	177	22	187	0.644444444444
HisKA	64	CP065313.1_947	567	4.4e-09	5	62	343	411	0.890625
HATPase_c	111	CP065313.1_947	567	1.3e-12	1	108	453	558	0.963963963964
Response_reg	112	CP065313.1_948	206	1.2e-28	1	111	9	118	0.982142857143
GerE	57	CP065313.1_948	206	3.4e-19	2	57	144	199	0.964912280702
Pyr_redox_2	292	CP065313.1_962	471	2.1e-09	2	111	26	220	0.373287671233
Pyr_redox_2	292	CP065313.1_963	473	4.3e-11	2	111	33	223	0.373287671233
Response_reg	112	CP065313.1_964	205	9.9e-25	1	112	5	115	0.991071428571
GerE	57	CP065313.1_964	205	1.1e-20	2	54	140	192	0.912280701754
HisKA	64	CP065313.1_965	600	6.3e-08	4	62	375	440	0.90625
HATPase_c	111	CP065313.1_965	600	8.7e-11	4	108	485	587	0.936936936937
SIS	131	CP065313.1_969	328	2.6e-36	1	131	43	175	0.992366412214
CBS	57	CP065313.1_969	328	9.2e-10	1	56	204	261	0.964912280702
CBS	57	CP065313.1_969	328	2e-07	2	54	272	324	0.912280701754
HhH-GPD	108	CP065313.1_978	341	2e-21	2	92	40	158	0.833333333333
HTH_1	60	CP065313.1_98	339	2.3e-11	4	56	10	62	0.866666666667
LysR_substrate	209	CP065313.1_98	339	3e-14	28	207	122	300	0.856459330144
SBP_bac_1	315	CP065313.1_983	336	2.9e-19	5	312	35	275	0.974603174603
Fer4	24	CP065313.1_987	451	4.5e-08	1	24	36	59	0.958333333333
Fer4	24	CP065313.1_987	451	4.7e-08	3	24	68	89	0.875
Response_reg	112	CP065313.1_995	206	1.9e-23	1	111	12	121	0.982142857143
GerE	57	CP065313.1_995	206	1.3e-19	2	55	143	196	0.929824561404
HisKA	64	CP065313.1_996	624	1.5e-06	6	60	401	464	0.84375
HATPase_c	111	CP065313.1_996	624	4.8e-15	1	97	507	602	0.864864864865
