HxlR	91	CP065320.1_1007	145	2.1e-23	1	89	17	105	0.967032967033
Pyr_redox_2	292	CP065320.1_101	462	3.8e-39	1	291	141	446	0.993150684932
Pyr_redox_2	292	CP065320.1_1010	449	1.1e-60	1	281	10	306	0.958904109589
HD	122	CP065320.1_1012	475	7.9e-10	1	54	64	133	0.434426229508
TetR_N	47	CP065320.1_1017	210	9.7e-17	3	47	12	56	0.936170212766
Pribosyltran	159	CP065320.1_1018	473	4.7e-06	17	120	261	369	0.647798742138
Response_reg	112	CP065320.1_1022	230	2.6e-22	1	111	3	111	0.982142857143
LytTR	98	CP065320.1_1022	230	3.5e-17	8	95	134	215	0.887755102041
TetR_N	47	CP065320.1_1023	186	2.9e-06	8	45	22	59	0.787234042553
MerR	38	CP065320.1_1031	274	2.8e-13	1	38	3	41	0.973684210526
GyrI-like	155	CP065320.1_1031	274	3e-05	80	155	114	187	0.483870967742
DctP	286	CP065320.1_104	335	1.8e-76	5	283	40	318	0.972027972028
HTH_3	55	CP065320.1_1040	73	6.7e-07	5	51	11	56	0.836363636364
Aminotran_1_2	363	CP065320.1_1044	390	7.4e-61	5	363	34	381	0.986225895317
dCache_1	249	CP065320.1_1048	773	2.8e-13	5	248	43	280	0.975903614458
GGDEF	161	CP065320.1_1048	773	3.2e-22	12	155	342	477	0.888198757764
EAL	238	CP065320.1_1048	773	1.6e-69	2	238	506	739	0.991596638655
HMA	62	CP065320.1_1067	860	1.6e-09	4	58	7	60	0.870967741935
HMA	62	CP065320.1_1067	860	1.4e-07	2	46	168	212	0.709677419355
HTH_5	47	CP065320.1_1069	120	6.1e-21	1	47	43	89	0.978723404255
NUDIX	131	CP065320.1_1074	143	1.8e-15	3	115	15	123	0.854961832061
GyrI-like	155	CP065320.1_1078	84	4.3e-06	56	116	12	75	0.387096774194
HTH_18	81	CP065320.1_1081	284	6.3e-19	1	80	28	106	0.975308641975
GyrI-like	155	CP065320.1_1081	284	1.2e-11	17	154	143	281	0.883870967742
Aminotran_1_2	363	CP065320.1_1089	345	1.7e-44	6	360	17	331	0.97520661157
Pyr_redox_2	292	CP065320.1_109	665	2.3e-24	2	246	384	621	0.835616438356
HTH_3	55	CP065320.1_1094	119	5e-14	1	52	15	66	0.927272727273
SIS	131	CP065320.1_1095	243	3e-07	47	95	99	147	0.36641221374
AAA	132	CP065320.1_1097	442	1.1e-18	1	128	53	161	0.962121212121
HTH_1	60	CP065320.1_110	302	1.4e-20	1	60	3	62	0.983333333333
LysR_substrate	209	CP065320.1_110	302	2.4e-43	3	207	88	291	0.976076555024
AraC_binding	136	CP065320.1_1104	289	2.3e-14	9	120	29	138	0.816176470588
HTH_18	81	CP065320.1_1104	289	2.9e-23	2	80	198	275	0.962962962963
SKI	158	CP065320.1_111	422	8.9e-40	2	156	263	410	0.974683544304
Glyoxalase	128	CP065320.1_1115	121	3e-05	7	127	10	115	0.9375
MerR	38	CP065320.1_1123	239	2.1e-12	1	38	6	43	0.973684210526
HisKA	64	CP065320.1_1124	714	3.8e-16	1	64	483	549	0.984375
HATPase_c	111	CP065320.1_1124	714	1.7e-08	6	95	601	690	0.801801801802
Response_reg	112	CP065320.1_1125	237	1.3e-30	1	111	5	113	0.982142857143
Trans_reg_C	77	CP065320.1_1125	237	1.2e-26	4	77	162	234	0.948051948052
HD	122	CP065320.1_1128	259	2.7e-10	4	120	31	146	0.950819672131
GGDEF	161	CP065320.1_1140	427	8.1e-11	7	140	8	132	0.826086956522
EAL	238	CP065320.1_1140	427	3.1e-60	6	238	179	410	0.974789915966
HTH_3	55	CP065320.1_1142	414	2.2e-06	1	43	17	61	0.763636363636
Pribosyltran	159	CP065320.1_1152	172	1.1e-20	4	137	5	141	0.836477987421
Response_reg	112	CP065320.1_1156	505	3.9e-27	1	111	4	116	0.982142857143
HTH_18	81	CP065320.1_1156	505	6.2e-20	1	80	422	499	0.975308641975
CHASE3	138	CP065320.1_1157	492	1.3e-06	5	97	41	132	0.666666666667
HATPase_c	111	CP065320.1_1157	492	8.7e-12	9	109	381	485	0.900900900901
GGDEF	161	CP065320.1_1159	194	9.6e-40	5	160	36	184	0.962732919255
TPR_2	34	CP065320.1_1160	245	3.8e-05	3	29	96	122	0.764705882353
SBP_bac_5	377	CP065320.1_1167	567	3.1e-72	2	362	71	469	0.954907161804
ATPase_2	233	CP065320.1_1173	619	4.3e-05	23	116	31	125	0.399141630901
HTH_3	55	CP065320.1_1179	111	2.1e-12	1	55	7	61	0.981818181818
HTH_3	55	CP065320.1_1180	108	1.9e-10	1	55	7	61	0.981818181818
HTH_DeoR	57	CP065320.1_1184	210	8.8e-05	18	43	35	60	0.438596491228
NUDIX	131	CP065320.1_1189	190	7.4e-12	11	130	51	177	0.908396946565
HhH-GPD	108	CP065320.1_1190	460	3.9e-22	1	107	145	279	0.981481481481
HTH_11	55	CP065320.1_1193	318	8.2e-15	4	55	6	58	0.927272727273
Peptidase_M23	96	CP065320.1_1194	518	8.4e-16	2	89	364	469	0.90625
HTH_18	81	CP065320.1_1195	299	3.6e-22	2	80	28	105	0.962962962963
GyrI-like	155	CP065320.1_1195	299	6.2e-10	61	154	200	292	0.6
AAA	132	CP065320.1_1213	594	2.7e-06	2	99	383	542	0.734848484848
MerR	38	CP065320.1_1215	272	7.1e-11	2	38	9	45	0.947368421053
GyrI-like	155	CP065320.1_1215	272	4.7e-07	87	140	202	253	0.341935483871
PTS_EIIC	324	CP065320.1_1222	475	5.9e-12	2	324	20	275	0.993827160494
HTH_11	55	CP065320.1_1224	645	8.2e-09	1	54	8	65	0.963636363636
Mga	87	CP065320.1_1224	645	8.3e-09	14	86	94	169	0.827586206897
PadR	75	CP065320.1_1228	186	4.2e-12	1	75	9	84	0.986666666667
HTH_3	55	CP065320.1_1233	113	4.5e-13	2	52	15	65	0.909090909091
Pyr_redox_2	292	CP065320.1_1245	643	6.8e-26	2	288	383	631	0.979452054795
Pyr_redox_2	292	CP065320.1_1246	643	4e-28	1	242	381	604	0.825342465753
HTH_18	81	CP065320.1_1247	394	2.5e-13	2	80	198	275	0.962962962963
HTH_18	81	CP065320.1_1247	394	8e-17	2	81	312	390	0.975308641975
HTH_3	55	CP065320.1_1249	151	6.6e-20	4	55	10	61	0.927272727273
TetR_N	47	CP065320.1_1255	200	7.5e-08	1	42	20	61	0.872340425532
Pyr_redox_2	292	CP065320.1_1256	641	1.2e-33	2	250	382	611	0.849315068493
HD	122	CP065320.1_1257	416	1.2e-09	3	120	26	136	0.959016393443
HD	122	CP065320.1_1257	416	3.1e-15	8	121	230	340	0.926229508197
TetR_N	47	CP065320.1_1260	199	4.1e-12	3	46	18	61	0.914893617021
TetR_N	47	CP065320.1_127	200	1.1e-10	1	45	10	55	0.936170212766
Response_reg	112	CP065320.1_1270	231	5.4e-12	1	107	6	108	0.946428571429
LytTR	98	CP065320.1_1270	231	7.6e-05	2	96	133	221	0.959183673469
HTH_DeoR	57	CP065320.1_1276	259	4.6e-18	1	56	6	61	0.964912280702
DeoRC	160	CP065320.1_1276	259	1e-38	2	160	77	234	0.9875
HTH_DeoR	57	CP065320.1_1278	686	8.7e-07	12	37	19	44	0.438596491228
Mga	87	CP065320.1_1278	686	5e-11	6	86	81	165	0.919540229885
AraC_binding	136	CP065320.1_128	111	5.8e-05	27	73	59	105	0.338235294118
HTH_Mga	60	CP065320.1_1281	638	3.2e-09	9	53	7	51	0.733333333333
Mga	87	CP065320.1_1281	638	4e-12	18	84	83	152	0.758620689655
PTS_EIIC	324	CP065320.1_1283	429	3.9e-24	48	322	61	343	0.845679012346
HisKA	64	CP065320.1_1286	504	1.1e-16	2	63	274	339	0.953125
HATPase_c	111	CP065320.1_1286	504	8.7e-25	2	109	386	496	0.963963963964
Response_reg	112	CP065320.1_1287	231	5.2e-30	1	112	4	113	0.991071428571
Trans_reg_C	77	CP065320.1_1287	231	2.9e-26	1	77	151	227	0.987012987013
SBP_bac_1	315	CP065320.1_1288	434	1.9e-33	4	306	46	329	0.95873015873
Response_reg	112	CP065320.1_1289	226	8.2e-31	1	112	4	116	0.991071428571
GerE	57	CP065320.1_1289	226	6.2e-17	2	56	158	212	0.947368421053
HATPase_c	111	CP065320.1_1290	436	4.1e-08	4	50	348	394	0.414414414414
Peripla_BP_1	279	CP065320.1_1291	326	3.5e-17	3	278	45	313	0.985663082437
NUDIX	131	CP065320.1_1296	196	3.6e-19	7	113	34	142	0.809160305344
HTH_DeoR	57	CP065320.1_1298	260	9.2e-19	1	54	8	61	0.929824561404
DeoRC	160	CP065320.1_1298	260	7.6e-48	2	160	76	233	0.9875
PTS_EIIC	324	CP065320.1_1304	348	4.3e-15	2	308	14	270	0.944444444444
HTH_11	55	CP065320.1_1307	640	1.2e-13	1	53	6	58	0.945454545455
HTH_DeoR	57	CP065320.1_1309	254	2.1e-18	4	53	9	58	0.859649122807
DeoRC	160	CP065320.1_1309	254	1.1e-36	2	157	80	234	0.96875
Glycos_trans_3N	63	CP065320.1_132	434	5.5e-24	1	63	4	66	0.984126984127
HisKA	64	CP065320.1_1320	475	6e-12	2	60	254	315	0.90625
HATPase_c	111	CP065320.1_1320	475	3.6e-21	4	106	362	466	0.918918918919
Response_reg	112	CP065320.1_1321	223	7.6e-30	2	112	4	111	0.982142857143
Trans_reg_C	77	CP065320.1_1321	223	5e-23	2	77	143	214	0.974025974026
Fer4	24	CP065320.1_1326	299	8.9e-07	7	24	52	69	0.708333333333
Fer4	24	CP065320.1_1326	299	4.1e-06	3	22	77	96	0.791666666667
MerR	38	CP065320.1_1329	122	5.7e-15	1	38	2	39	0.973684210526
HTH_DeoR	57	CP065320.1_1337	262	9.4e-19	1	54	10	63	0.929824561404
DeoRC	160	CP065320.1_1337	262	4.3e-43	3	160	80	239	0.98125
AAA	132	CP065320.1_1347	891	2.3e-07	2	131	100	246	0.977272727273
GGDEF	161	CP065320.1_1352	502	5.5e-28	3	161	137	287	0.981366459627
EAL	238	CP065320.1_1352	502	2.2e-29	11	149	318	454	0.579831932773
PfkB	302	CP065320.1_1353	266	6.8e-10	90	284	35	234	0.64238410596
PTS_EIIC	324	CP065320.1_1362	462	6.8e-27	3	315	119	384	0.962962962963
HTH_DeoR	57	CP065320.1_1385	261	6.5e-18	1	54	8	61	0.929824561404
DeoRC	160	CP065320.1_1385	261	2.2e-47	4	159	77	231	0.96875
cNMP_binding	88	CP065320.1_1388	220	3.3e-10	3	87	30	116	0.954545454545
Pyr_redox_2	292	CP065320.1_1390	394	1.2e-46	1	292	5	296	0.996575342466
Peripla_BP_2	238	CP065320.1_140	311	4.4e-29	8	237	58	285	0.96218487395
HD	122	CP065320.1_1401	281	1.1e-21	3	121	84	217	0.967213114754
Response_reg	112	CP065320.1_1402	85	6.3e-17	1	69	8	76	0.607142857143
GntR	64	CP065320.1_1403	489	1.3e-14	4	60	10	66	0.875
GntR	64	CP065320.1_1403	489	2.9e-17	2	64	257	319	0.96875
SBP_bac_1	315	CP065320.1_1406	869	8.3e-05	45	255	616	778	0.666666666667
HTH_3	55	CP065320.1_1409	213	4.4e-21	1	55	7	61	0.981818181818
Trans_reg_C	77	CP065320.1_1426	146	3.7e-26	1	77	64	140	0.987012987013
HxlR	91	CP065320.1_1428	114	7.8e-35	1	89	20	108	0.967032967033
HTH_3	55	CP065320.1_1430	214	3.2e-14	1	54	10	63	0.963636363636
LacI	46	CP065320.1_146	332	1.6e-20	1	46	5	50	0.978260869565
Peripla_BP_3	164	CP065320.1_146	332	7.2e-21	5	164	174	330	0.969512195122
MerR	38	CP065320.1_1497	274	8.7e-14	1	38	3	41	0.973684210526
GyrI-like	155	CP065320.1_1497	274	4.6e-12	62	155	183	272	0.6
HTH_3	55	CP065320.1_1500	358	1.8e-15	3	55	9	61	0.945454545455
Sigma70_r2	71	CP065320.1_1507	176	2.7e-16	2	69	20	85	0.943661971831
Sigma70_r4_2	54	CP065320.1_1507	176	2.6e-14	4	51	115	162	0.87037037037
TPR_1	34	CP065320.1_1510	127	3.7e-05	2	29	45	72	0.794117647059
HTH_11	55	CP065320.1_1514	658	1.3e-14	1	54	7	64	0.963636363636
Mga	87	CP065320.1_1514	658	1e-13	21	86	108	177	0.747126436782
MerR	38	CP065320.1_1518	270	6e-13	1	38	3	41	0.973684210526
PTS_EIIC	324	CP065320.1_1521	350	7.1e-06	3	324	13	273	0.990740740741
SBP_bac_5	377	CP065320.1_1525	541	4e-67	1	372	73	458	0.984084880637
PTS_EIIC	324	CP065320.1_1528	419	1.3e-28	2	322	34	334	0.987654320988
HTH_11	55	CP065320.1_1530	637	8.4e-14	3	54	5	55	0.927272727273
Mga	87	CP065320.1_1530	637	5e-10	15	84	82	153	0.793103448276
AAA	132	CP065320.1_1536	325	9.5e-05	3	52	46	100	0.371212121212
CBS	57	CP065320.1_1540	216	1.7e-11	5	48	7	49	0.754385964912
CBS	57	CP065320.1_1540	216	6e-15	1	56	77	132	0.964912280702
ACT	67	CP065320.1_1540	216	5.2e-08	5	65	146	203	0.89552238806
SIS	131	CP065320.1_1552	606	2.8e-25	2	128	287	412	0.961832061069
SIS	131	CP065320.1_1552	606	5.8e-24	2	127	458	584	0.954198473282
HisKA	64	CP065320.1_1558	332	2.3e-06	6	63	124	175	0.890625
HATPase_c	111	CP065320.1_1558	332	2.1e-19	1	105	220	326	0.936936936937
Response_reg	112	CP065320.1_1559	221	1e-26	1	111	4	112	0.982142857143
Trans_reg_C	77	CP065320.1_1559	221	1.1e-20	5	77	149	220	0.935064935065
GGDEF	161	CP065320.1_1563	527	1.3e-39	2	161	364	521	0.987577639752
CBS	57	CP065320.1_1567	505	3.6e-05	12	50	111	152	0.666666666667
TetR_N	47	CP065320.1_1593	216	1e-15	1	47	14	61	0.978723404255
AAA	132	CP065320.1_1611	911	8.4e-08	1	131	128	275	0.984848484848
MerR	38	CP065320.1_1619	244	1.8e-10	3	38	4	38	0.921052631579
HTH_3	55	CP065320.1_162	71	6.3e-08	5	52	11	57	0.854545454545
HisKA	64	CP065320.1_1620	393	3.4e-11	2	61	175	238	0.921875
HATPase_c	111	CP065320.1_1620	393	7e-18	2	107	287	390	0.945945945946
Response_reg	112	CP065320.1_1621	226	1.8e-29	1	111	4	112	0.982142857143
Trans_reg_C	77	CP065320.1_1621	226	3.9e-26	4	77	149	222	0.948051948052
HD	122	CP065320.1_1625	175	2.9e-05	2	112	37	132	0.901639344262
TetR_N	47	CP065320.1_1627	206	1.2e-13	1	42	15	56	0.872340425532
Aminotran_1_2	363	CP065320.1_1642	395	3.1e-37	24	362	47	381	0.931129476584
PTS_EIIC	324	CP065320.1_1644	442	1.9e-43	2	324	31	345	0.993827160494
HTH_11	55	CP065320.1_1648	633	8.9e-07	1	54	2	59	0.963636363636
Mga	87	CP065320.1_1648	633	7.1e-11	16	87	87	161	0.816091954023
HTH_DeoR	57	CP065320.1_1662	268	6e-19	1	55	11	65	0.947368421053
DeoRC	160	CP065320.1_1662	268	1.8e-38	2	160	77	234	0.9875
Sigma70_r4_2	54	CP065320.1_1668	328	8.9e-06	21	51	17	47	0.555555555556
Sigma70_r4_2	54	CP065320.1_1674	334	6.1e-07	21	51	17	47	0.555555555556
CBS	57	CP065320.1_1678	447	2.6e-08	2	52	132	186	0.877192982456
CBS	57	CP065320.1_1678	447	9e-07	3	56	196	249	0.929824561404
Pyr_redox_2	292	CP065320.1_1680	421	1.7e-34	1	276	3	297	0.941780821918
LacI	46	CP065320.1_1682	363	2.7e-12	3	44	10	53	0.891304347826
Peripla_BP_3	164	CP065320.1_1682	363	2.3e-26	2	164	176	354	0.987804878049
AAA	132	CP065320.1_1683	644	3.8e-15	2	125	186	315	0.931818181818
Glyoxalase	128	CP065320.1_1685	126	5.3e-12	2	125	5	121	0.9609375
HTH_3	55	CP065320.1_1688	195	5.9e-09	10	51	16	58	0.745454545455
Response_reg	112	CP065320.1_1691	225	8.8e-25	1	111	4	112	0.982142857143
Trans_reg_C	77	CP065320.1_1691	225	1.9e-25	1	76	146	220	0.974025974026
HATPase_c	111	CP065320.1_1692	338	1.7e-18	2	108	221	329	0.954954954955
HTH_3	55	CP065320.1_1708	392	1.1e-08	2	47	18	66	0.818181818182
MarR	59	CP065320.1_1714	143	9.8e-13	9	58	41	91	0.830508474576
PfkB	302	CP065320.1_1722	305	1.4e-40	4	301	3	286	0.983443708609
GntR	64	CP065320.1_1724	238	2.7e-19	2	64	8	70	0.96875
Aminotran_1_2	363	CP065320.1_1729	388	1.6e-44	32	362	53	376	0.909090909091
SIS	131	CP065320.1_1731	246	1.6e-07	50	96	101	147	0.351145038168
HTH_6	77	CP065320.1_1733	272	7.8e-24	1	73	1	73	0.935064935065
SIS	131	CP065320.1_1733	272	9.5e-23	2	129	114	241	0.969465648855
Peripla_BP_2	238	CP065320.1_1742	335	3.6e-21	8	236	61	278	0.957983193277
HisKA	64	CP065320.1_1748	469	7.5e-16	3	63	251	314	0.9375
HATPase_c	111	CP065320.1_1748	469	1.4e-25	3	109	361	467	0.954954954955
Response_reg	112	CP065320.1_1749	225	3.7e-28	2	112	4	113	0.982142857143
Trans_reg_C	77	CP065320.1_1749	225	2.7e-24	4	76	148	219	0.935064935065
LytTR	98	CP065320.1_1756	85	4.6e-14	19	97	3	76	0.795918367347
PTS_EIIC	324	CP065320.1_1761	462	2.6e-23	2	324	118	400	0.993827160494
HTH_6	77	CP065320.1_1764	298	7.2e-20	4	76	7	79	0.935064935065
SIS	131	CP065320.1_1764	298	1.1e-15	5	130	140	265	0.954198473282
PTS_EIIC	324	CP065320.1_1772	697	1.6e-26	2	324	19	336	0.993827160494
EAL	238	CP065320.1_1772	697	1.3e-63	3	238	448	680	0.987394957983
HTH_18	81	CP065320.1_1773	280	3.9e-21	3	80	198	274	0.950617283951
B12-binding	121	CP065320.1_1775	80	4.6e-11	45	107	2	62	0.512396694215
B12-binding_2	75	CP065320.1_1776	115	1.6e-18	12	75	4	67	0.84
TrmB	68	CP065320.1_1779	417	1.7e-07	6	58	357	409	0.764705882353
PTS_EIIC	324	CP065320.1_1784	418	1.1e-24	49	322	62	333	0.842592592593
HTH_11	55	CP065320.1_1786	643	8.5e-09	5	54	8	58	0.890909090909
Mga	87	CP065320.1_1786	643	5.3e-12	19	82	86	152	0.724137931034
HTH_11	55	CP065320.1_1793	638	9.7e-12	1	54	6	61	0.963636363636
Mga	87	CP065320.1_1793	638	4.1e-11	5	86	75	159	0.931034482759
PTS_EIIC	324	CP065320.1_1795	454	4.8e-58	1	324	26	359	0.996913580247
Pyr_redox_2	292	CP065320.1_180	433	3.8e-06	2	106	4	135	0.356164383562
Mga	87	CP065320.1_1815	622	6.6e-12	21	84	85	151	0.724137931034
PTS_EIIC	324	CP065320.1_1818	435	1.7e-44	2	324	31	350	0.993827160494
NUDIX	131	CP065320.1_1825	174	1.6e-14	4	119	38	144	0.87786259542
Sigma70_r4_2	54	CP065320.1_1829	57	5e-14	10	54	2	46	0.814814814815
Sigma70_r2	71	CP065320.1_1830	96	1.6e-14	1	69	14	80	0.957746478873
AsnC_trans_reg	75	CP065320.1_1832	163	3.4e-15	1	75	66	140	0.986666666667
Aminotran_1_2	363	CP065320.1_1833	390	9.4e-73	2	363	30	379	0.994490358127
Mga	87	CP065320.1_1836	492	2.6e-06	19	77	3	64	0.666666666667
Mga	87	CP065320.1_1836	492	6e-11	14	85	86	159	0.816091954023
Mga	87	CP065320.1_1844	693	5.5e-09	5	84	80	164	0.908045977011
GntR	64	CP065320.1_1857	125	8.1e-17	3	64	14	75	0.953125
MerR	38	CP065320.1_1859	177	5e-09	1	38	3	39	0.973684210526
MerR	38	CP065320.1_1861	61	2.4e-10	2	35	4	36	0.868421052632
HTH_6	77	CP065320.1_1862	259	2.2e-23	1	74	1	74	0.948051948052
SIS	131	CP065320.1_1862	259	8.5e-18	1	108	112	219	0.81679389313
PTS_EIIC	324	CP065320.1_1864	525	2.9e-65	2	323	10	345	0.990740740741
Hemerythrin	131	CP065320.1_1872	353	5.7e-16	3	131	187	320	0.977099236641
AraC_binding	136	CP065320.1_1874	101	9.5e-05	6	67	29	90	0.448529411765
cNMP_binding	88	CP065320.1_1875	197	1.2e-18	2	84	25	109	0.931818181818
MarR	59	CP065320.1_1875	197	5.2e-05	20	47	155	184	0.457627118644
GntR	64	CP065320.1_1895	244	3.7e-19	1	64	9	72	0.984375
HTH_11	55	CP065320.1_1901	678	1.2e-10	3	54	12	68	0.927272727273
Mga	87	CP065320.1_1901	678	1.9e-08	15	87	97	172	0.827586206897
Response_reg	112	CP065320.1_1913	234	1.2e-29	1	111	5	113	0.982142857143
Trans_reg_C	77	CP065320.1_1913	234	7.3e-28	2	77	156	230	0.974025974026
HisKA	64	CP065320.1_1914	563	2.8e-17	1	63	340	405	0.96875
HATPase_c	111	CP065320.1_1914	563	1.1e-09	2	93	453	544	0.81981981982
HTH_3	55	CP065320.1_1921	66	7.6e-19	1	55	7	61	0.981818181818
AAA	132	CP065320.1_1936	938	4.3e-11	2	128	139	283	0.954545454545
Pribosyltran	159	CP065320.1_1947	207	1e-14	28	134	66	168	0.666666666667
PTS_EIIC	324	CP065320.1_1956	364	4.5e-21	3	324	16	286	0.990740740741
HTH_11	55	CP065320.1_1959	648	1.4e-07	3	55	7	63	0.945454545455
Mga	87	CP065320.1_1959	648	2e-06	23	81	98	158	0.666666666667
HTH_1	60	CP065320.1_1961	296	2.8e-19	4	60	6	62	0.933333333333
LysR_substrate	209	CP065320.1_1961	296	3e-42	6	191	90	278	0.885167464115
Aminotran_1_2	363	CP065320.1_1962	410	8.3e-11	50	354	70	362	0.837465564738
Trans_reg_C	77	CP065320.1_1975	369	3.7e-07	7	72	28	95	0.844155844156
BTAD	146	CP065320.1_1975	369	1e-12	1	145	107	249	0.986301369863
Trans_reg_C	77	CP065320.1_1976	396	4.9e-09	8	61	32	87	0.688311688312
BTAD	146	CP065320.1_1976	396	2.2e-10	15	145	123	253	0.890410958904
GGDEF	161	CP065320.1_1988	543	1.4e-28	1	160	391	541	0.987577639752
SIS	131	CP065320.1_1991	163	1.4e-20	2	113	8	117	0.847328244275
Sigma70_r2	71	CP065320.1_20	399	6.1e-24	1	70	162	231	0.971830985915
Sigma70_r3	78	CP065320.1_20	399	4.8e-30	1	77	241	318	0.974358974359
Sigma70_r4	50	CP065320.1_20	399	1e-20	1	50	331	384	0.98
Sigma70_r2	71	CP065320.1_200	161	8.5e-13	3	70	14	79	0.943661971831
Sigma70_r4_2	54	CP065320.1_200	161	2.3e-13	8	54	104	150	0.851851851852
SIS	131	CP065320.1_2014	207	2.9e-20	6	110	43	146	0.793893129771
CbiA	128	CP065320.1_202	471	9.3e-06	9	88	111	255	0.6171875
Mga	87	CP065320.1_2021	618	2.8e-14	29	87	107	168	0.666666666667
HTH_8	42	CP065320.1_2025	362	9.8e-05	17	42	298	323	0.595238095238
SIS	131	CP065320.1_2027	201	8.8e-22	6	110	43	146	0.793893129771
GntR	64	CP065320.1_2035	239	1.6e-17	2	64	5	67	0.96875
HTH_11	55	CP065320.1_2039	197	6.3e-16	1	55	19	72	0.981818181818
Nitroreductase	170	CP065320.1_204	181	1.6e-26	3	170	9	158	0.982352941176
HTH_3	55	CP065320.1_2044	295	4.2e-07	3	31	147	175	0.509090909091
CbiA	128	CP065320.1_2045	261	1.4e-27	1	128	5	230	0.9921875
PTS_EIIC	324	CP065320.1_2048	647	2.2e-25	1	322	117	408	0.990740740741
SIS	131	CP065320.1_2049	298	9.5e-10	54	116	133	195	0.473282442748
HTH_6	77	CP065320.1_2050	283	3.6e-18	10	73	12	75	0.818181818182
SIS	131	CP065320.1_2050	283	4.5e-24	2	129	129	256	0.969465648855
LytTR	98	CP065320.1_2052	227	2e-15	5	94	135	218	0.908163265306
EPSP_synthase	417	CP065320.1_2056	421	1.7e-91	2	417	8	407	0.99520383693
Fe_dep_repress	60	CP065320.1_2060	121	4.2e-14	2	58	3	59	0.933333333333
Fe_dep_repr_C	70	CP065320.1_2060	121	3e-20	1	55	64	118	0.771428571429
GerE	57	CP065320.1_2065	257	5.8e-06	2	37	76	111	0.614035087719
GntR	64	CP065320.1_2069	239	3.2e-16	1	64	3	66	0.984375
PTS_EIIC	324	CP065320.1_2070	628	2.2e-35	2	321	111	405	0.984567901235
GntR	64	CP065320.1_2072	239	7.4e-20	2	64	8	70	0.96875
PTS_EIIC	324	CP065320.1_2074	465	3.4e-27	2	321	114	394	0.984567901235
Pribosyltran	159	CP065320.1_2076	318	2e-19	18	131	151	259	0.710691823899
HisKA	64	CP065320.1_2079	448	5.8e-12	2	55	244	301	0.828125
Response_reg	112	CP065320.1_2080	230	1.4e-30	1	112	5	112	0.991071428571
Trans_reg_C	77	CP065320.1_2080	230	1.6e-26	2	77	152	228	0.974025974026
Nitroreductase	170	CP065320.1_2091	241	1.7e-06	109	170	75	133	0.358823529412
PTS_EIIC	324	CP065320.1_2096	420	4.5e-21	2	324	30	336	0.993827160494
HTH_11	55	CP065320.1_2098	639	5.3e-06	9	55	12	57	0.836363636364
Mga	87	CP065320.1_2098	639	5.2e-13	21	83	85	152	0.712643678161
AAA	132	CP065320.1_2100	281	2e-05	3	71	34	161	0.515151515152
LytTR	98	CP065320.1_2102	143	7.4e-22	4	97	47	139	0.948979591837
Fer4	24	CP065320.1_2107	299	1.3e-06	3	23	50	70	0.833333333333
HTH_DeoR	57	CP065320.1_2108	253	1.1e-17	1	56	6	61	0.964912280702
DeoRC	160	CP065320.1_2108	253	9.7e-45	2	159	71	229	0.98125
CBS	57	CP065320.1_2112	548	4.8e-07	9	53	79	123	0.771929824561
CBS	57	CP065320.1_2112	548	1.7e-11	4	53	251	300	0.859649122807
Response_reg	112	CP065320.1_2116	235	2e-14	2	101	7	102	0.883928571429
LytTR	98	CP065320.1_2116	235	1.9e-12	3	95	135	224	0.938775510204
GntR	64	CP065320.1_2128	124	1.4e-12	3	59	16	72	0.875
Sigma70_r4	50	CP065320.1_2137	159	4.4e-13	1	50	84	133	0.98
HTH_3	55	CP065320.1_2141	207	5.1e-15	2	55	11	64	0.963636363636
HTH_3	55	CP065320.1_2142	381	7.1e-09	2	48	11	57	0.836363636364
HTH_3	55	CP065320.1_2145	81	4.1e-12	3	55	13	66	0.945454545455
HTH_11	55	CP065320.1_2165	639	5.5e-07	1	44	5	55	0.781818181818
Mga	87	CP065320.1_2165	639	3.7e-12	14	85	94	168	0.816091954023
T2SSE	273	CP065320.1_217	787	8.8e-06	51	155	381	485	0.380952380952
GGDEF	161	CP065320.1_2173	521	1.9e-41	2	161	183	336	0.987577639752
ATPase_2	233	CP065320.1_2179	453	2.3e-05	19	124	144	247	0.450643776824
HATPase_c	111	CP065320.1_2183	648	1.1e-22	2	110	46	189	0.972972972973
AAA	132	CP065320.1_2188	603	4.8e-16	2	126	42	171	0.939393939394
CYTH	179	CP065320.1_2193	186	1.4e-23	3	170	6	170	0.932960893855
HATPase_c	111	CP065320.1_2197	696	4.2e-09	5	62	23	78	0.513513513514
NUDIX	131	CP065320.1_22	171	1.4e-14	3	107	30	130	0.793893129771
Fer4	24	CP065320.1_220	58	6.2e-12	1	23	3	25	0.916666666667
Fer4	24	CP065320.1_220	58	1.5e-09	4	24	36	56	0.833333333333
Nitroreductase	170	CP065320.1_2200	260	1.1e-26	1	170	9	173	0.994117647059
PadR	75	CP065320.1_2202	113	4.2e-17	5	74	23	87	0.92
Response_reg	112	CP065320.1_2210	227	2.2e-30	2	111	5	112	0.973214285714
Trans_reg_C	77	CP065320.1_2210	227	9e-26	2	77	150	222	0.974025974026
HisKA	64	CP065320.1_2211	548	7.9e-22	2	64	321	384	0.96875
HATPase_c	111	CP065320.1_2211	548	9.5e-22	1	110	429	540	0.981981981982
HTH_3	55	CP065320.1_2214	163	1.7e-20	1	55	8	62	0.981818181818
HD	122	CP065320.1_222	518	1.3e-18	2	121	334	425	0.975409836066
HTH_11	55	CP065320.1_2220	648	5.2e-07	1	38	6	43	0.672727272727
Mga	87	CP065320.1_2220	648	1.6e-08	16	86	95	168	0.804597701149
EPSP_synthase	417	CP065320.1_2229	421	4.4e-89	7	417	10	410	0.983213429257
PTS_EIIC	324	CP065320.1_2242	552	6.6e-60	1	318	9	359	0.978395061728
PTS_EIIC	324	CP065320.1_2248	553	4.4e-57	1	323	9	365	0.993827160494
PfkB	302	CP065320.1_2252	341	5.6e-53	4	301	14	318	0.983443708609
LacI	46	CP065320.1_2253	337	2.2e-13	1	44	4	47	0.934782608696
Peripla_BP_1	279	CP065320.1_2253	337	1.3e-10	3	211	58	274	0.745519713262
ACT	67	CP065320.1_2254	362	9.6e-05	8	51	283	326	0.641791044776
Aminotran_1_2	363	CP065320.1_2255	412	6.8e-35	16	362	49	402	0.953168044077
HTH_3	55	CP065320.1_226	315	5.7e-06	1	32	8	39	0.563636363636
HTH_1	60	CP065320.1_2265	317	5.2e-19	3	60	5	64	0.95
LysR_substrate	209	CP065320.1_2265	317	2.4e-15	6	108	90	190	0.488038277512
PTS_EIIC	324	CP065320.1_2266	535	3.1e-18	3	318	114	385	0.972222222222
HTH_3	55	CP065320.1_2267	212	4.1e-17	1	55	15	69	0.981818181818
TetR_N	47	CP065320.1_2268	212	3.5e-18	1	47	14	60	0.978723404255
Sigma70_r4	50	CP065320.1_2270	140	3.4e-10	1	49	84	132	0.96
PTS_EIIC	324	CP065320.1_2278	525	2.2e-71	1	324	16	354	0.996913580247
Aminotran_1_2	363	CP065320.1_2279	392	6e-37	20	359	45	376	0.933884297521
SIS	131	CP065320.1_2280	198	3e-26	5	129	37	164	0.946564885496
PTS_EIIC	324	CP065320.1_2286	453	5.6e-36	1	322	29	350	0.990740740741
HTH_11	55	CP065320.1_2289	614	1.4e-09	1	54	8	63	0.963636363636
Mga	87	CP065320.1_2289	614	4.4e-10	16	70	83	139	0.620689655172
HTH_6	77	CP065320.1_2294	246	4.2e-12	9	73	8	72	0.831168831169
SIS	131	CP065320.1_2294	246	1.1e-16	2	115	112	221	0.862595419847
SIS	131	CP065320.1_2302	187	1.4e-05	4	126	35	152	0.931297709924
HTH_3	55	CP065320.1_2309	212	9.5e-18	1	55	15	69	0.981818181818
HhH-GPD	108	CP065320.1_231	216	4.3e-25	1	106	31	165	0.972222222222
HTH_6	77	CP065320.1_2316	249	1.8e-12	11	73	10	72	0.805194805195
SIS	131	CP065320.1_2316	249	2.3e-17	2	110	115	222	0.824427480916
GntR	64	CP065320.1_2323	244	7.6e-19	1	64	12	75	0.984375
AAA	132	CP065320.1_2324	204	3.8e-06	1	79	6	124	0.590909090909
Pyr_redox_2	292	CP065320.1_2330	309	1.7e-54	1	292	6	292	0.996575342466
Rrf2	83	CP065320.1_2332	146	3.8e-22	4	83	2	79	0.951807228916
Rhodanese	107	CP065320.1_2333	141	5.1e-18	2	104	45	133	0.953271028037
TrmB	68	CP065320.1_2341	138	3.8e-06	22	64	25	67	0.617647058824
PTS_EIIC	324	CP065320.1_2345	436	8.8e-38	1	324	33	353	0.996913580247
Mga	87	CP065320.1_2350	655	3.1e-09	15	74	98	155	0.67816091954
PTS_EIIC	324	CP065320.1_2353	363	1.3e-06	3	232	15	202	0.706790123457
HTH_11	55	CP065320.1_2356	215	9.5e-06	5	43	24	63	0.690909090909
PTS_EIIC	324	CP065320.1_2358	611	6.6e-31	4	324	107	382	0.987654320988
Diacid_rec	134	CP065320.1_2360	369	2.4e-41	1	130	3	130	0.962686567164
GntR	64	CP065320.1_2364	246	5.3e-23	2	64	8	70	0.96875
HD	122	CP065320.1_237	343	1.1e-10	1	120	193	302	0.975409836066
AAA	132	CP065320.1_2370	422	2.1e-18	1	125	42	143	0.939393939394
FUR	120	CP065320.1_2375	136	7.1e-27	5	118	4	116	0.941666666667
PadR	75	CP065320.1_2386	185	2.8e-13	1	74	7	80	0.973333333333
SIS	131	CP065320.1_2392	205	1.6e-22	5	127	45	169	0.931297709924
Mga	87	CP065320.1_2396	692	1.2e-11	12	86	78	164	0.850574712644
HATPase_c	111	CP065320.1_2400	174	6.5e-06	6	108	71	170	0.918918918919
Response_reg	112	CP065320.1_2405	233	2.3e-14	1	109	7	112	0.964285714286
LytTR	98	CP065320.1_2405	233	1.9e-15	5	97	137	225	0.938775510204
HATPase_c	111	CP065320.1_2406	439	8.1e-07	8	104	345	431	0.864864864865
TetR_N	47	CP065320.1_241	219	5.7e-21	1	47	14	60	0.978723404255
NUDIX	131	CP065320.1_2412	130	3.8e-19	5	128	6	121	0.93893129771
HD	122	CP065320.1_2414	410	3.5e-16	1	121	57	176	0.983606557377
TetR_N	47	CP065320.1_2417	226	9.6e-10	5	47	40	82	0.893617021277
HTH_3	55	CP065320.1_2423	70	1.5e-15	1	49	5	53	0.872727272727
LytTR	98	CP065320.1_2424	149	3.4e-26	2	97	51	146	0.969387755102
Mga	87	CP065320.1_2445	246	6.2e-07	21	68	11	59	0.540229885057
Mga	87	CP065320.1_2445	246	3.4e-14	13	86	95	171	0.83908045977
SIS	131	CP065320.1_2446	352	2.2e-06	7	90	47	130	0.63358778626
SIS	131	CP065320.1_2446	352	1.3e-12	2	129	204	332	0.969465648855
PTS_EIIC	324	CP065320.1_2449	251	6.3e-31	1	226	29	248	0.694444444444
Sigma70_r2	71	CP065320.1_245	243	1.8e-18	1	69	51	119	0.957746478873
Sigma70_r4	50	CP065320.1_245	243	5.5e-15	2	48	171	221	0.92
ACT	67	CP065320.1_2455	171	9.1e-14	2	66	10	74	0.955223880597
GntR	64	CP065320.1_2457	234	6.3e-19	4	64	9	69	0.9375
GntR	64	CP065320.1_2458	244	1.8e-21	1	64	7	70	0.984375
SIS	131	CP065320.1_2459	344	3.2e-07	6	109	43	143	0.786259541985
GGDEF	161	CP065320.1_2469	872	9e-40	2	160	399	552	0.981366459627
AAA	132	CP065320.1_2476	910	3.1e-11	2	131	128	274	0.977272727273
Sigma70_r2	71	CP065320.1_248	242	6.1e-18	1	69	25	93	0.957746478873
Sigma70_r3	78	CP065320.1_248	242	4.2e-11	7	73	109	173	0.846153846154
Sigma70_r4	50	CP065320.1_248	242	2.4e-12	2	50	188	236	0.96
AraC_binding	136	CP065320.1_2485	291	7.9e-15	11	77	32	102	0.485294117647
HTH_18	81	CP065320.1_2485	291	6.5e-20	2	81	203	281	0.975308641975
HATPase_c	111	CP065320.1_249	146	2e-12	6	106	39	134	0.900900900901
HTH_18	81	CP065320.1_2493	325	1.2e-22	1	81	32	111	0.987654320988
dCache_1	249	CP065320.1_2495	558	7.2e-19	19	248	60	254	0.919678714859
HATPase_c	111	CP065320.1_2495	558	3.8e-07	6	110	456	552	0.936936936937
Response_reg	112	CP065320.1_2496	527	3e-28	1	108	4	114	0.955357142857
HTH_18	81	CP065320.1_2496	527	5.6e-20	1	80	440	518	0.975308641975
Peptidase_M23	96	CP065320.1_2498	208	3.4e-18	3	96	100	195	0.96875
STAS	117	CP065320.1_250	106	1.3e-14	7	106	6	97	0.846153846154
SpoIIE	193	CP065320.1_2502	619	1.7e-20	4	193	448	616	0.979274611399
Pribosyltran	159	CP065320.1_2509	180	1.5e-27	11	158	15	160	0.924528301887
Pribosyltran	159	CP065320.1_251	476	1.9e-10	19	119	274	382	0.62893081761
AAA	132	CP065320.1_2510	675	1e-46	1	131	199	331	0.984848484848
HTH_6	77	CP065320.1_2514	268	3.3e-11	3	67	5	66	0.831168831169
SIS	131	CP065320.1_2514	268	6.1e-15	3	129	116	241	0.961832061069
AraC_binding	136	CP065320.1_2517	279	4e-18	12	131	26	143	0.875
HTH_18	81	CP065320.1_2517	279	1e-24	2	79	191	266	0.950617283951
HTH_3	55	CP065320.1_2520	260	1e-21	1	55	7	61	0.981818181818
HTH_11	55	CP065320.1_2522	652	5.8e-08	1	42	24	66	0.745454545455
Mga	87	CP065320.1_2522	652	8.5e-15	22	85	119	186	0.724137931034
Ammonium_transp	399	CP065320.1_253	571	3.5e-120	2	396	10	406	0.987468671679
HD	122	CP065320.1_2560	789	4.3e-07	3	91	18	112	0.72131147541
MerR	38	CP065320.1_2566	211	3e-11	1	38	2	38	0.973684210526
LacI	46	CP065320.1_2569	331	2.6e-15	2	46	8	52	0.95652173913
Peripla_BP_3	164	CP065320.1_2569	331	2.6e-34	2	164	170	330	0.987804878049
Fer4	24	CP065320.1_257	502	3.8e-06	4	24	46	66	0.833333333333
Sigma70_r2	71	CP065320.1_2572	285	2.2e-13	5	66	28	87	0.859154929577
Sigma70_r4_2	54	CP065320.1_2572	285	7e-09	7	54	136	183	0.87037037037
HTH_11	55	CP065320.1_2577	512	1.4e-10	1	55	4	62	0.981818181818
Mga	87	CP065320.1_2577	512	6e-11	28	86	103	164	0.666666666667
PTS_EIIC	324	CP065320.1_2579	538	8.2e-55	3	320	14	355	0.978395061728
GerE	57	CP065320.1_2582	371	3.9e-13	3	53	314	364	0.877192982456
HTH_6	77	CP065320.1_2589	282	4.6e-21	3	73	5	75	0.909090909091
SIS	131	CP065320.1_2589	282	1.5e-17	5	130	130	255	0.954198473282
ANTAR	54	CP065320.1_260	195	8.9e-15	4	54	140	190	0.925925925926
AAA	132	CP065320.1_2607	924	5.1e-12	2	130	138	283	0.969696969697
Spo0A_C	104	CP065320.1_2614	122	6e-38	1	103	13	115	0.980769230769
Sigma70_r4_2	54	CP065320.1_2621	140	3.3e-12	2	54	79	131	0.962962962963
HisKA	64	CP065320.1_2625	374	3.9e-10	2	62	158	221	0.9375
HATPase_c	111	CP065320.1_2625	374	7.3e-15	3	106	270	372	0.927927927928
Response_reg	112	CP065320.1_2626	223	1.4e-24	2	111	5	112	0.973214285714
Trans_reg_C	77	CP065320.1_2626	223	5.5e-26	2	76	148	217	0.961038961039
Pyr_redox_2	292	CP065320.1_2649	632	3.7e-08	3	185	153	338	0.623287671233
Aminotran_1_2	363	CP065320.1_2651	409	4.7e-06	68	189	53	162	0.333333333333
Aminotran_1_2	363	CP065320.1_2667	376	1.8e-09	67	188	47	154	0.333333333333
HEM4	232	CP065320.1_267	487	3.7e-30	7	224	267	469	0.935344827586
SBP_bac_3	225	CP065320.1_2676	504	1.3e-05	87	165	116	195	0.346666666667
HTH_3	55	CP065320.1_2683	212	2.7e-18	1	55	15	69	0.981818181818
Peptidase_M23	96	CP065320.1_2686	182	2.2e-06	7	90	41	136	0.864583333333
LytTR	98	CP065320.1_2691	146	8.8e-20	2	96	50	144	0.959183673469
SIS	131	CP065320.1_2699	333	2.9e-11	6	109	37	140	0.786259541985
NIR_SIR_ferr	69	CP065320.1_270	514	8.5e-14	2	64	44	105	0.898550724638
NIR_SIR	159	CP065320.1_270	514	1.9e-27	2	157	119	268	0.974842767296
NIR_SIR_ferr	69	CP065320.1_270	514	2.5e-09	2	63	300	360	0.884057971014
NIR_SIR	159	CP065320.1_270	514	2.7e-05	8	119	374	484	0.698113207547
Pribosyltran	159	CP065320.1_2702	223	1.2e-07	70	131	150	206	0.383647798742
HTH_DeoR	57	CP065320.1_2710	256	2.6e-16	1	55	6	60	0.947368421053
DeoRC	160	CP065320.1_2710	256	2e-42	4	160	77	235	0.975
GntR	64	CP065320.1_272	468	3.5e-20	1	64	7	70	0.984375
GntR	64	CP065320.1_272	468	1.1e-08	2	64	258	319	0.96875
Peptidase_M23	96	CP065320.1_2720	466	7.9e-17	2	90	308	416	0.916666666667
PTS-HPr	82	CP065320.1_2732	89	2.6e-29	2	81	3	82	0.963414634146
PIG-L	131	CP065320.1_2736	271	4.5e-12	2	128	82	192	0.961832061069
Response_reg	112	CP065320.1_2745	234	1e-32	1	111	6	113	0.982142857143
Trans_reg_C	77	CP065320.1_2745	234	3.6e-24	1	77	155	232	0.987012987013
HisKA	64	CP065320.1_2747	172	1.5e-09	2	28	134	160	0.40625
Sigma70_r2	71	CP065320.1_2759	161	7.4e-10	2	66	11	72	0.901408450704
Sigma70_r4_2	54	CP065320.1_2759	161	1.7e-15	4	54	98	148	0.925925925926
Pyr_redox_2	292	CP065320.1_2764	307	9.8e-49	1	292	5	292	0.996575342466
Sigma70_r2	71	CP065320.1_2767	173	4.8e-14	1	66	9	72	0.915492957746
Sigma70_r4_2	54	CP065320.1_2767	173	9e-11	5	52	99	146	0.87037037037
LacI	46	CP065320.1_2769	336	8.7e-18	1	46	4	50	0.978260869565
Peripla_BP_3	164	CP065320.1_2769	336	9.7e-31	2	164	174	332	0.987804878049
PfkB	302	CP065320.1_2772	306	2e-59	1	300	1	292	0.990066225166
SIS	131	CP065320.1_2781	393	6.3e-12	7	129	57	190	0.931297709924
SIS	131	CP065320.1_2781	393	2.1e-09	6	113	230	343	0.81679389313
AraC_binding	136	CP065320.1_2784	391	4.2e-08	7	87	140	220	0.588235294118
HTH_18	81	CP065320.1_2784	391	4.6e-20	2	80	309	386	0.962962962963
GGDEF	161	CP065320.1_2796	375	1.6e-29	1	158	227	372	0.975155279503
Aminotran_1_2	363	CP065320.1_280	411	3e-12	41	192	64	204	0.415977961433
Sigma70_r2	71	CP065320.1_2801	195	3.4e-07	11	68	36	96	0.802816901408
Sigma70_r4_2	54	CP065320.1_2801	195	1.3e-08	6	52	141	186	0.851851851852
HTH_18	81	CP065320.1_2824	280	1.5e-18	1	81	27	106	0.987654320988
GyrI-like	155	CP065320.1_2824	280	1.9e-17	1	154	128	276	0.987096774194
HTH_3	55	CP065320.1_2826	95	1.2e-06	10	53	1	44	0.781818181818
Rrf2	83	CP065320.1_2833	139	2.3e-18	1	83	1	81	0.987951807229
MerR	38	CP065320.1_2839	267	3e-14	1	38	4	41	0.973684210526
HTH_3	55	CP065320.1_2840	367	5.2e-08	1	55	6	60	0.981818181818
MerR	38	CP065320.1_2847	266	1.9e-14	1	38	5	42	0.973684210526
Fer4	24	CP065320.1_2852	578	3.6e-07	3	23	183	203	0.833333333333
Pyr_redox_2	292	CP065320.1_2853	611	9.6e-32	1	292	225	521	0.996575342466
HTH_6	77	CP065320.1_2855	303	1e-19	12	76	13	77	0.831168831169
SIS	131	CP065320.1_2855	303	8.8e-09	2	105	131	233	0.786259541985
HTH_11	55	CP065320.1_2862	302	4e-10	8	54	12	59	0.836363636364
PTS_EIIC	324	CP065320.1_2866	436	2.3e-27	3	324	31	333	0.990740740741
HTH_11	55	CP065320.1_2868	641	3.9e-08	5	55	8	61	0.909090909091
Mga	87	CP065320.1_2868	641	4.9e-11	16	86	85	157	0.804597701149
GGDEF	161	CP065320.1_2875	123	6.1e-19	70	161	2	89	0.565217391304
Response_reg	112	CP065320.1_2877	223	6.6e-26	1	112	6	113	0.991071428571
Trans_reg_C	77	CP065320.1_2877	223	2e-22	3	76	147	219	0.948051948052
HisKA	64	CP065320.1_2880	297	1.2e-13	5	62	86	145	0.890625
HATPase_c	111	CP065320.1_2880	297	1.3e-09	1	99	192	286	0.882882882883
TetR_N	47	CP065320.1_2887	198	1.3e-15	1	47	11	57	0.978723404255
PALP	294	CP065320.1_2891	395	9.2e-44	4	293	50	374	0.982993197279
Glycos_trans_3N	63	CP065320.1_2894	340	1.6e-20	1	63	3	65	0.984126984127
SBP_bac_3	225	CP065320.1_2901	257	5.1e-67	1	224	33	256	0.991111111111
GyrI-like	155	CP065320.1_2905	458	7.7e-12	63	154	62	153	0.587096774194
GyrI-like	155	CP065320.1_2907	222	8.9e-28	6	155	26	219	0.961290322581
HTH_11	55	CP065320.1_2908	302	9.7e-17	1	53	5	57	0.945454545455
Response_reg	112	CP065320.1_2912	231	1.2e-26	1	111	4	112	0.982142857143
Trans_reg_C	77	CP065320.1_2912	231	5.7e-24	2	77	148	223	0.974025974026
HisKA	64	CP065320.1_2914	470	4.2e-07	3	62	243	306	0.921875
HATPase_c	111	CP065320.1_2914	470	1.2e-20	2	109	353	458	0.963963963964
HTH_18	81	CP065320.1_2919	268	5.8e-22	3	81	179	256	0.962962962963
Glyoxalase	128	CP065320.1_2925	122	3.5e-14	1	127	4	117	0.984375
GGDEF	161	CP065320.1_2927	737	2e-30	2	157	16	166	0.962732919255
GGDEF	161	CP065320.1_2927	737	8.2e-30	3	161	318	469	0.981366459627
EAL	238	CP065320.1_2927	737	8.9e-63	12	238	501	725	0.949579831933
PadR	75	CP065320.1_2930	111	3.6e-26	1	74	15	86	0.973333333333
MarR	59	CP065320.1_2943	143	1.4e-09	1	58	29	86	0.966101694915
HTH_3	55	CP065320.1_2959	183	4.1e-16	1	54	10	63	0.963636363636
T2SSE	273	CP065320.1_296	352	9.7e-45	10	268	13	266	0.945054945055
Response_reg	112	CP065320.1_2964	198	8.7e-22	31	112	6	87	0.723214285714
Trans_reg_C	77	CP065320.1_2964	198	4.5e-20	4	77	122	194	0.948051948052
HATPase_c	111	CP065320.1_2965	368	3e-22	3	107	261	363	0.936936936937
T2SSE	273	CP065320.1_297	558	3e-76	11	272	190	449	0.956043956044
HTH_18	81	CP065320.1_2976	298	3.1e-20	3	80	38	114	0.950617283951
GyrI-like	155	CP065320.1_2976	298	7.8e-21	3	154	143	296	0.974193548387
HTH_3	55	CP065320.1_2986	199	7.2e-06	10	45	16	52	0.636363636364
GntR	64	CP065320.1_2989	490	1.1e-11	3	60	9	66	0.890625
GntR	64	CP065320.1_2989	490	3.7e-12	4	64	254	314	0.9375
Pyr_redox_2	292	CP065320.1_2990	649	2.4e-11	127	223	367	476	0.328767123288
Pyr_redox_2	292	CP065320.1_2990	649	4.5e-14	132	248	494	620	0.397260273973
HTH_18	81	CP065320.1_2991	356	2.4e-19	2	80	197	274	0.962962962963
GGDEF	161	CP065320.1_2993	333	9.6e-38	1	157	173	321	0.968944099379
Response_reg	112	CP065320.1_2997	230	5.7e-31	1	112	3	112	0.991071428571
Trans_reg_C	77	CP065320.1_2997	230	1e-27	2	77	149	225	0.974025974026
HisKA	64	CP065320.1_2998	378	1.8e-13	2	60	147	209	0.90625
HATPase_c	111	CP065320.1_2998	378	5.8e-21	1	109	258	367	0.972972972973
GntR	64	CP065320.1_3000	124	9.2e-21	2	64	14	76	0.96875
AAA	132	CP065320.1_3012	313	2.9e-07	6	131	40	169	0.94696969697
CBS	57	CP065320.1_3023	447	1.8e-05	2	51	222	274	0.859649122807
CBS	57	CP065320.1_3023	447	1.8e-07	5	56	292	342	0.894736842105
HTH_DeoR	57	CP065320.1_3028	255	3.8e-15	1	53	8	60	0.912280701754
DeoRC	160	CP065320.1_3028	255	8.8e-50	2	159	76	232	0.98125
SIS	131	CP065320.1_3030	187	1.2e-17	2	127	33	154	0.954198473282
GntR	64	CP065320.1_3047	253	1.3e-18	2	64	20	82	0.96875
GntR	64	CP065320.1_3055	253	1.3e-18	2	64	20	82	0.96875
GntR	64	CP065320.1_3059	244	6.2e-23	1	64	13	76	0.984375
EAL	238	CP065320.1_3061	409	3e-61	2	238	160	394	0.991596638655
HTH_IclR	52	CP065320.1_3062	406	7.8e-06	12	40	291	319	0.538461538462
AAA	132	CP065320.1_3063	904	1.1e-09	1	130	127	273	0.977272727273
HTH_DeoR	57	CP065320.1_3076	250	3.7e-19	1	56	6	61	0.964912280702
DeoRC	160	CP065320.1_3076	250	5.2e-44	2	158	77	230	0.975
PfkB	302	CP065320.1_3077	307	4.5e-53	4	294	8	286	0.960264900662
HTH_DeoR	57	CP065320.1_3083	256	9.8e-16	4	52	9	57	0.842105263158
DeoRC	160	CP065320.1_3083	256	4.7e-33	2	156	80	234	0.9625
GAF	133	CP065320.1_3087	731	4.2e-07	1	116	166	289	0.864661654135
GGDEF	161	CP065320.1_3087	731	2.5e-22	2	156	319	456	0.95652173913
EAL	238	CP065320.1_3087	731	6.2e-63	3	238	483	716	0.987394957983
AraC_binding	136	CP065320.1_3093	298	1.8e-13	15	97	36	118	0.602941176471
HTH_18	81	CP065320.1_3093	298	4e-16	2	80	214	291	0.962962962963
HTH_3	55	CP065320.1_3098	367	3.1e-15	3	55	11	63	0.945454545455
ACT	67	CP065320.1_3107	437	1.3e-09	10	62	384	430	0.776119402985
PALP	294	CP065320.1_3109	498	7.5e-13	30	277	104	410	0.840136054422
ACT	67	CP065320.1_3111	145	3.3e-06	7	64	74	131	0.850746268657
GAF	133	CP065320.1_3116	151	5.8e-08	35	128	57	146	0.699248120301
Sigma70_r2	71	CP065320.1_313	260	3.5e-17	1	69	42	110	0.957746478873
Sigma70_r3	78	CP065320.1_313	260	1.1e-05	8	57	127	176	0.628205128205
Sigma70_r4	50	CP065320.1_313	260	7.9e-15	2	50	207	255	0.96
Rrf2	83	CP065320.1_3133	131	9.5e-28	1	81	1	81	0.963855421687
Rrf2	83	CP065320.1_3134	138	1.9e-26	1	83	1	82	0.987951807229
PALP	294	CP065320.1_3135	309	8.5e-78	2	294	9	295	0.993197278912
Sigma70_r2	71	CP065320.1_314	235	5.3e-18	1	71	58	128	0.985915492958
Sigma70_r4	50	CP065320.1_314	235	6.5e-19	1	49	176	227	0.96
HTH_11	55	CP065320.1_3142	653	2.3e-07	4	53	8	61	0.890909090909
Mga	87	CP065320.1_3142	653	5.4e-08	16	84	91	162	0.781609195402
PTS_EIIC	324	CP065320.1_3147	342	8.5e-20	3	324	15	280	0.990740740741
PTS_EIIC	324	CP065320.1_3155	474	1.4e-57	1	324	29	400	0.996913580247
GntR	64	CP065320.1_3161	221	7.1e-13	5	64	5	66	0.921875
Response_reg	112	CP065320.1_3162	226	3.5e-29	1	111	4	115	0.982142857143
GerE	57	CP065320.1_3162	226	4.9e-16	3	56	160	213	0.929824561404
Trans_reg_C	77	CP065320.1_3166	391	2.4e-09	6	77	29	100	0.922077922078
BTAD	146	CP065320.1_3166	391	6.9e-14	2	145	109	249	0.979452054795
GGDEF	161	CP065320.1_3166	391	3.3e-05	57	108	320	371	0.316770186335
B12-binding_2	75	CP065320.1_3175	787	4.7e-13	5	72	584	650	0.893333333333
B12-binding	121	CP065320.1_3175	787	1.4e-25	2	112	668	774	0.909090909091
Mga	87	CP065320.1_3185	675	1.9e-07	14	82	92	163	0.781609195402
cNMP_binding	88	CP065320.1_3191	212	4.4e-13	3	86	24	108	0.943181818182
PTS_EIIC	324	CP065320.1_3195	615	5.8e-24	3	324	107	386	0.990740740741
SBP_bac_3	225	CP065320.1_3198	528	1.1e-05	85	161	111	187	0.337777777778
T2SSE	273	CP065320.1_32	332	9e-55	8	272	11	271	0.967032967033
Sigma70_r4_2	54	CP065320.1_3213	147	3.1e-11	3	46	81	124	0.796296296296
HTH_3	55	CP065320.1_3217	205	2.6e-18	3	55	9	61	0.945454545455
HTH_3	55	CP065320.1_3220	120	1.8e-16	1	54	17	70	0.963636363636
MarR	59	CP065320.1_3239	142	9.2e-14	8	59	35	86	0.864406779661
PTS_EIIC	324	CP065320.1_3242	455	7.9e-19	2	324	14	272	0.993827160494
HTH_11	55	CP065320.1_3243	702	1.2e-09	1	54	12	69	0.963636363636
Mga	87	CP065320.1_3243	702	1e-05	9	86	90	171	0.885057471264
PfkB	302	CP065320.1_3245	313	5.1e-47	14	297	13	291	0.937086092715
Fer4	24	CP065320.1_3249	572	1.3e-05	4	19	23	38	0.625
Fer4	24	CP065320.1_3249	572	3.7e-09	4	24	54	74	0.833333333333
PTS_EIIC	324	CP065320.1_3253	434	1e-39	1	323	31	353	0.993827160494
HTH_11	55	CP065320.1_3255	626	4.7e-08	1	55	7	64	0.981818181818
Mga	87	CP065320.1_3255	626	3.5e-12	16	86	84	158	0.804597701149
PfkB	302	CP065320.1_3259	313	1.8e-57	1	301	1	311	0.993377483444
PTS_EIIC	324	CP065320.1_3263	466	1.8e-25	3	324	116	396	0.990740740741
TrmB	68	CP065320.1_3268	132	3.8e-06	24	62	33	71	0.558823529412
Aminotran_1_2	363	CP065320.1_328	403	4.7e-50	6	362	33	386	0.980716253444
HTH_1	60	CP065320.1_3281	306	9.9e-23	2	60	4	62	0.966666666667
LysR_substrate	209	CP065320.1_3281	306	5.1e-08	36	207	120	301	0.818181818182
TetR_N	47	CP065320.1_3289	175	1.8e-05	15	43	2	30	0.595744680851
TPR_1	34	CP065320.1_3294	415	1.3e-07	2	28	278	304	0.764705882353
AAA	132	CP065320.1_3295	352	5.6e-05	1	53	32	84	0.393939393939
PTS_EIIC	324	CP065320.1_330	545	1.1e-20	3	322	158	459	0.984567901235
HTH_1	60	CP065320.1_3300	293	3.1e-15	3	59	5	61	0.933333333333
LysR_substrate	209	CP065320.1_3300	293	1.9e-33	4	200	87	285	0.937799043062
ACT	67	CP065320.1_3302	389	1.4e-06	7	66	321	376	0.880597014925
PadR	75	CP065320.1_3305	113	2.6e-23	1	74	16	87	0.973333333333
Response_reg	112	CP065320.1_3310	220	4.1e-27	1	111	5	114	0.982142857143
Trans_reg_C	77	CP065320.1_3310	220	5.2e-22	3	77	149	218	0.961038961039
HisKA	64	CP065320.1_3311	467	7.2e-13	2	62	253	316	0.9375
HATPase_c	111	CP065320.1_3311	467	8.3e-12	7	106	367	456	0.891891891892
SBP_bac_1	315	CP065320.1_3314	445	6.6e-21	2	314	47	351	0.990476190476
HTH_10	53	CP065320.1_332	225	6.4e-05	24	47	198	219	0.433962264151
MerR	38	CP065320.1_3324	265	3.6e-11	1	38	6	42	0.973684210526
GyrI-like	155	CP065320.1_3324	265	2.5e-06	87	152	194	259	0.41935483871
HTH_DeoR	57	CP065320.1_3327	252	1.5e-16	1	55	6	60	0.947368421053
DeoRC	160	CP065320.1_3327	252	3.2e-46	2	159	73	230	0.98125
HD	122	CP065320.1_3339	161	4.1e-11	2	119	28	127	0.959016393443
HMA	62	CP065320.1_3346	876	9.5e-13	1	61	4	63	0.967741935484
HMA	62	CP065320.1_3346	876	6.3e-15	1	61	75	133	0.967741935484
HMA	62	CP065320.1_3346	876	2.1e-18	2	62	145	205	0.967741935484
Glyoxalase	128	CP065320.1_3356	160	4.4e-14	2	128	5	136	0.984375
Nitroreductase	170	CP065320.1_3357	167	7.1e-12	85	170	65	146	0.5
Sigma70_r2	71	CP065320.1_3361	164	2e-14	3	70	15	80	0.943661971831
Sigma70_r4_2	54	CP065320.1_3361	164	2.3e-14	2	54	102	154	0.962962962963
MarR	59	CP065320.1_3367	154	2.6e-13	1	59	36	94	0.983050847458
LacI	46	CP065320.1_3372	337	3.9e-17	1	44	3	48	0.934782608696
Peripla_BP_3	164	CP065320.1_3372	337	1.6e-35	2	164	167	329	0.987804878049
SBP_bac_1	315	CP065320.1_3374	427	1.4e-32	5	311	45	337	0.971428571429
ATPase_2	233	CP065320.1_3377	365	6e-05	19	96	29	116	0.330472103004
PadR	75	CP065320.1_338	113	5.8e-12	8	73	22	83	0.866666666667
DeoRC	160	CP065320.1_3390	236	6.9e-08	4	52	20	71	0.3
GntR	64	CP065320.1_3391	125	9.7e-11	2	59	16	73	0.890625
GGDEF	161	CP065320.1_3408	573	5.4e-18	2	158	151	301	0.968944099379
EAL	238	CP065320.1_3408	573	2.3e-63	3	237	326	559	0.983193277311
TetR_N	47	CP065320.1_3414	194	1.1e-17	2	46	12	56	0.936170212766
NIR_SIR_ferr	69	CP065320.1_3428	335	8.5e-17	5	69	21	83	0.927536231884
NIR_SIR	159	CP065320.1_3428	335	1.3e-20	5	153	107	303	0.930817610063
Fer4	24	CP065320.1_3430	346	4.7e-05	5	18	225	238	0.541666666667
Fer4	24	CP065320.1_3430	346	1e-05	4	19	307	322	0.625
PadR	75	CP065320.1_344	110	4.1e-20	1	74	14	83	0.973333333333
GGDEF	161	CP065320.1_345	439	8.2e-11	2	152	286	431	0.931677018634
dCache_1	249	CP065320.1_346	522	3.1e-14	2	247	48	276	0.983935742972
GGDEF	161	CP065320.1_346	522	2.8e-38	3	160	358	511	0.975155279503
HTH_3	55	CP065320.1_3465	405	4.9e-10	1	44	10	52	0.781818181818
HTH_3	55	CP065320.1_3470	46	1.3e-12	1	34	7	40	0.6
PadR	75	CP065320.1_3475	109	4.3e-21	1	75	14	83	0.986666666667
HTH_11	55	CP065320.1_3485	586	2.1e-09	1	55	4	64	0.981818181818
Mga	87	CP065320.1_3485	586	3.6e-09	21	87	97	164	0.758620689655
GGDEF	161	CP065320.1_3486	977	1.5e-34	2	159	553	707	0.975155279503
EAL	238	CP065320.1_3486	977	6.1e-48	2	238	729	957	0.991596638655
Sigma70_r4_2	54	CP065320.1_3491	143	5.6e-07	18	54	102	137	0.666666666667
Sigma70_r4_2	54	CP065320.1_3493	141	2.4e-07	15	53	99	136	0.703703703704
HTH_3	55	CP065320.1_3494	103	5.9e-14	1	53	13	65	0.945454545455
GyrI-like	155	CP065320.1_3495	219	4.2e-10	29	151	68	191	0.787096774194
HisKA	64	CP065320.1_3499	346	8e-11	2	64	123	188	0.96875
HATPase_c	111	CP065320.1_3499	346	2.2e-24	2	106	234	338	0.936936936937
Response_reg	112	CP065320.1_3500	229	2.5e-27	1	111	4	112	0.982142857143
Trans_reg_C	77	CP065320.1_3500	229	1.9e-25	3	76	149	223	0.948051948052
HTH_3	55	CP065320.1_3503	84	3.5e-16	2	55	11	64	0.963636363636
HTH_3	55	CP065320.1_3504	381	2.7e-08	2	46	11	55	0.8
HxlR	91	CP065320.1_3508	120	7.9e-32	1	87	7	94	0.945054945055
NUDIX	131	CP065320.1_3511	277	1.6e-18	6	119	150	255	0.862595419847
HxlR	91	CP065320.1_3514	108	1.4e-34	1	85	17	101	0.923076923077
Nitroreductase	170	CP065320.1_3515	173	8.7e-16	2	57	8	63	0.323529411765
Nitroreductase	170	CP065320.1_3515	173	7.5e-13	85	170	63	145	0.5
HTH_5	47	CP065320.1_3516	117	2.2e-15	1	46	40	85	0.957446808511
HMA	62	CP065320.1_3517	74	1.1e-12	2	54	5	59	0.838709677419
HMA	62	CP065320.1_3519	759	3.8e-15	2	61	6	65	0.951612903226
HMA	62	CP065320.1_3520	71	2.5e-15	2	62	6	65	0.967741935484
HTH_18	81	CP065320.1_3522	301	1.9e-22	1	80	212	290	0.975308641975
FeoA	74	CP065320.1_3524	72	2.1e-13	2	72	2	70	0.945945945946
AAA	132	CP065320.1_3538	280	2e-08	1	112	128	228	0.840909090909
Sigma70_r4_2	54	CP065320.1_3544	156	1.6e-10	4	54	91	141	0.925925925926
Sigma70_r4_2	54	CP065320.1_3545	143	1.8e-09	2	53	75	126	0.944444444444
cNMP_binding	88	CP065320.1_3547	195	3.1e-12	2	86	32	117	0.954545454545
HTH_3	55	CP065320.1_3548	71	6e-06	7	54	14	60	0.854545454545
GntR	64	CP065320.1_3561	289	2.3e-14	4	64	59	119	0.9375
GntR	64	CP065320.1_3562	167	7e-16	5	64	11	70	0.921875
GGDEF	161	CP065320.1_3563	468	1.1e-19	3	153	46	188	0.931677018634
EAL	238	CP065320.1_3563	468	3.1e-71	7	238	219	450	0.970588235294
dCache_1	249	CP065320.1_3564	741	2.6e-10	53	248	77	269	0.78313253012
GGDEF	161	CP065320.1_3564	741	1.1e-22	1	150	320	461	0.925465838509
EAL	238	CP065320.1_3564	741	4.2e-65	2	238	492	727	0.991596638655
SBP_bac_1	315	CP065320.1_3566	244	3.7e-17	17	192	59	227	0.555555555556
TetR_N	47	CP065320.1_3569	206	1e-13	1	47	10	56	0.978723404255
Citrate_synt	361	CP065320.1_3580	445	2.3e-108	3	361	38	428	0.991689750693
HATPase_c	111	CP065320.1_3585	648	2.2e-12	2	109	26	179	0.963963963964
HTH_3	55	CP065320.1_3588	192	2.5e-14	1	55	9	63	0.981818181818
Fer4	24	CP065320.1_3589	305	1.9e-08	3	24	50	71	0.875
cNMP_binding	88	CP065320.1_3600	234	3.5e-05	3	86	38	123	0.943181818182
HTH_3	55	CP065320.1_3618	208	2.1e-05	6	55	11	61	0.890909090909
HTH_7	45	CP065320.1_3619	72	9.7e-05	14	38	7	31	0.533333333333
HTH_3	55	CP065320.1_3623	136	1.4e-11	6	55	16	65	0.890909090909
HTH_3	55	CP065320.1_3624	166	1.9e-11	1	53	16	70	0.945454545455
HTH_3	55	CP065320.1_3625	65	7.4e-08	2	54	7	59	0.945454545455
Sigma70_r4_2	54	CP065320.1_3647	237	0.0001	23	46	16	39	0.425925925926
HisKA	64	CP065320.1_365	335	4.7e-15	4	63	115	177	0.921875
HATPase_c	111	CP065320.1_365	335	3.3e-18	8	107	230	327	0.891891891892
Response_reg	112	CP065320.1_366	230	2e-26	2	111	6	113	0.973214285714
Trans_reg_C	77	CP065320.1_366	230	6.7e-27	2	77	147	223	0.974025974026
HTH_3	55	CP065320.1_3671	125	2.4e-06	14	37	27	50	0.418181818182
GGDEF	161	CP065320.1_3676	634	3.6e-19	3	156	196	345	0.950310559006
EAL	238	CP065320.1_3676	634	4.3e-64	5	238	374	606	0.978991596639
Fer4	24	CP065320.1_3677	202	2.5e-06	5	23	152	170	0.75
Fer4	24	CP065320.1_3677	202	7.7e-09	3	23	178	198	0.833333333333
GntR	64	CP065320.1_3680	123	1.2e-19	2	64	10	72	0.96875
Aminotran_1_2	363	CP065320.1_3682	396	3.4e-38	47	360	68	382	0.862258953168
TetR_N	47	CP065320.1_3686	206	1.6e-15	1	47	16	62	0.978723404255
MerR	38	CP065320.1_369	284	6.3e-13	1	38	17	55	0.973684210526
GyrI-like	155	CP065320.1_369	284	7.3e-13	42	155	162	278	0.729032258065
TrkA_C	70	CP065320.1_3690	528	1e-10	1	62	451	511	0.871428571429
Response_reg	112	CP065320.1_3697	223	2.6e-23	1	111	3	111	0.982142857143
Trans_reg_C	77	CP065320.1_3697	223	4.5e-21	2	77	147	221	0.974025974026
HATPase_c	111	CP065320.1_3698	336	4.4e-17	2	108	217	324	0.954954954955
MerR	38	CP065320.1_3702	297	1.4e-14	1	38	3	40	0.973684210526
TPR_1	34	CP065320.1_3715	502	8.5e-05	3	33	36	66	0.882352941176
TPR_1	34	CP065320.1_3715	502	3.2e-05	3	28	104	129	0.735294117647
TPR_2	34	CP065320.1_3715	502	3.8e-05	4	33	139	168	0.852941176471
TPR_2	34	CP065320.1_3715	502	7.1e-06	5	32	206	233	0.794117647059
TPR_2	34	CP065320.1_3715	502	2.5e-08	5	34	383	412	0.852941176471
TPR_1	34	CP065320.1_3715	502	1.3e-05	8	29	454	475	0.617647058824
HTH_5	47	CP065320.1_3726	364	1e-09	1	45	286	330	0.936170212766
HxlR	91	CP065320.1_3727	137	1.9e-15	4	84	20	101	0.879120879121
HTH_3	55	CP065320.1_3729	178	2.5e-14	1	53	7	59	0.945454545455
AraC_binding	136	CP065320.1_3729	178	1.8e-07	18	78	115	175	0.441176470588
SBP_bac_1	315	CP065320.1_3732	632	2.8e-14	9	313	317	564	0.965079365079
HTH_1	60	CP065320.1_3734	294	1e-22	1	60	3	62	0.983333333333
LysR_substrate	209	CP065320.1_3734	294	1e-40	6	205	89	287	0.952153110048
MerR	38	CP065320.1_3738	275	3.4e-13	1	38	3	41	0.973684210526
Pyr_redox_2	292	CP065320.1_3743	536	6.5e-06	4	111	98	263	0.366438356164
SBP_bac_3	225	CP065320.1_3749	279	2.6e-39	2	212	38	261	0.933333333333
GntR	64	CP065320.1_375	125	3.1e-18	2	64	14	76	0.96875
HD	122	CP065320.1_3758	318	1.2e-11	2	121	159	277	0.975409836066
HTH_11	55	CP065320.1_3759	626	6.3e-11	1	54	2	59	0.963636363636
HTH_11	55	CP065320.1_3759	626	1.4e-06	1	44	87	132	0.781818181818
PTS_EIIC	324	CP065320.1_3763	445	1.4e-44	3	324	32	344	0.990740740741
Aminotran_1_2	363	CP065320.1_3765	395	2.2e-38	19	363	46	386	0.947658402204
GGDEF	161	CP065320.1_3767	344	1.3e-36	1	160	190	338	0.987577639752
Glyoxalase	128	CP065320.1_377	135	6.4e-15	7	128	11	129	0.9453125
GGDEF	161	CP065320.1_3774	644	8.9e-20	3	161	222	369	0.981366459627
EAL	238	CP065320.1_3774	644	1e-57	4	238	391	624	0.983193277311
Spo0A_C	104	CP065320.1_3776	119	3.4e-24	1	104	11	111	0.990384615385
MarR	59	CP065320.1_3782	146	1.1e-15	1	59	34	92	0.983050847458
GGDEF	161	CP065320.1_3786	111	5.8e-26	54	161	1	105	0.664596273292
HTH_DeoR	57	CP065320.1_3789	256	1e-17	1	55	6	60	0.947368421053
DeoRC	160	CP065320.1_3789	256	2.6e-40	2	160	75	234	0.9875
GntR	64	CP065320.1_3796	495	2.9e-10	2	62	7	67	0.9375
GntR	64	CP065320.1_3796	495	1.5e-09	5	64	257	316	0.921875
MerR	38	CP065320.1_3798	270	4.6e-16	1	38	3	40	0.973684210526
Response_reg	112	CP065320.1_3799	260	7e-16	1	111	5	117	0.982142857143
Spo0A_C	104	CP065320.1_3799	260	3.7e-45	1	104	149	252	0.990384615385
LexA_DNA_bind	65	CP065320.1_3801	339	2.2e-06	4	62	2	61	0.892307692308
Response_reg	112	CP065320.1_3810	228	1.3e-25	1	111	4	112	0.982142857143
Trans_reg_C	77	CP065320.1_3810	228	2.5e-21	1	76	147	222	0.974025974026
HisKA	64	CP065320.1_3811	410	1.2e-10	2	59	196	253	0.890625
HATPase_c	111	CP065320.1_3811	410	4.7e-20	2	106	303	403	0.936936936937
HTH_1	60	CP065320.1_3827	299	1.6e-20	1	60	3	62	0.983333333333
LysR_substrate	209	CP065320.1_3827	299	1.7e-41	9	208	92	291	0.952153110048
HD	122	CP065320.1_3831	455	1.9e-06	29	120	268	365	0.745901639344
AAA	132	CP065320.1_3834	853	8.2e-17	2	128	200	334	0.954545454545
AAA	132	CP065320.1_3834	853	1.5e-12	2	111	598	716	0.825757575758
dCache_1	249	CP065320.1_3843	537	9.5e-32	5	230	34	252	0.903614457831
GGDEF	161	CP065320.1_3843	537	4.3e-34	1	159	375	527	0.981366459627
FeoA	74	CP065320.1_3844	79	2.7e-16	1	73	2	73	0.972972972973
PALP	294	CP065320.1_3851	295	4e-60	4	293	7	281	0.982993197279
PadR	75	CP065320.1_3854	113	5.2e-16	9	73	26	87	0.853333333333
MarR	59	CP065320.1_3859	155	1.3e-10	18	59	51	92	0.694915254237
AAA	132	CP065320.1_3861	622	1.3e-05	3	96	413	568	0.704545454545
HTH_5	47	CP065320.1_3866	90	6.4e-18	1	46	12	57	0.957446808511
HTH_1	60	CP065320.1_3877	300	7.9e-24	1	60	3	62	0.983333333333
LysR_substrate	209	CP065320.1_3877	300	3.9e-22	5	206	90	290	0.961722488038
HTH_3	55	CP065320.1_388	69	4.6e-11	3	54	10	60	0.927272727273
Aminotran_1_2	363	CP065320.1_3887	429	9.9e-13	17	235	36	224	0.600550964187
Fe_dep_repress	60	CP065320.1_3889	138	4.7e-08	12	58	18	64	0.766666666667
HMA	62	CP065320.1_3890	114	4.5e-09	3	62	53	110	0.951612903226
FeoA	74	CP065320.1_3893	71	1.4e-14	2	73	2	70	0.959459459459
FeoA	74	CP065320.1_3894	73	2e-17	1	73	1	72	0.972972972973
PTS_EIIC	324	CP065320.1_3903	539	7.1e-88	2	324	14	353	0.993827160494
SBP_bac_3	225	CP065320.1_3909	260	3.6e-53	1	224	38	259	0.991111111111
PfkB	302	CP065320.1_3914	233	3.3e-22	2	229	3	221	0.751655629139
PTS_EIIC	324	CP065320.1_3916	609	1.4e-28	3	315	104	373	0.962962962963
GntR	64	CP065320.1_3919	241	5.4e-21	1	64	12	75	0.984375
Pribosyltran	159	CP065320.1_3936	213	1.6e-20	29	124	66	152	0.59748427673
SBP_bac_3	225	CP065320.1_3940	336	2.6e-06	79	177	107	207	0.435555555556
GntR	64	CP065320.1_395	459	3.5e-16	1	64	16	79	0.984375
HTH_1	60	CP065320.1_3953	291	2.5e-19	1	59	3	61	0.966666666667
LysR_substrate	209	CP065320.1_3953	291	1.5e-38	2	204	86	289	0.966507177033
MerR	38	CP065320.1_3958	265	3.5e-14	1	38	4	41	0.973684210526
ATPase_2	233	CP065320.1_3961	462	6.1e-29	4	232	4	200	0.978540772532
T2SSE	273	CP065320.1_3970	243	1.5e-37	126	265	12	154	0.509157509158
Aminotran_1_2	363	CP065320.1_3975	422	5.1e-06	32	198	46	190	0.457300275482
FeoA	74	CP065320.1_3979	82	2.8e-13	3	73	4	73	0.945945945946
HTH_18	81	CP065320.1_398	280	5.1e-22	2	80	29	106	0.962962962963
Aminotran_1_2	363	CP065320.1_3990	354	1.8e-09	21	360	14	334	0.933884297521
TPR_1	34	CP065320.1_3992	395	2e-06	3	29	256	282	0.764705882353
Nitroreductase	170	CP065320.1_3994	194	8.6e-21	3	170	8	152	0.982352941176
Fe_dep_repress	60	CP065320.1_400	128	4e-08	1	53	2	54	0.866666666667
Pribosyltran	159	CP065320.1_4010	197	2.6e-07	3	118	23	148	0.723270440252
Fer4	24	CP065320.1_4012	483	6.2e-10	2	23	129	150	0.875
Fer4	24	CP065320.1_4012	483	1.2e-09	2	24	175	197	0.916666666667
AAA	132	CP065320.1_4016	378	3.1e-06	1	114	30	198	0.856060606061
CBS	57	CP065320.1_4016	378	1.1e-06	1	51	250	300	0.877192982456
CBS	57	CP065320.1_4016	378	9.2e-10	1	52	311	362	0.894736842105
MarR	59	CP065320.1_4018	156	2.3e-08	1	58	34	92	0.966101694915
TetR_N	47	CP065320.1_402	203	4.2e-18	1	47	20	66	0.978723404255
PTS_EIIC	324	CP065320.1_404	645	4.1e-31	2	324	107	404	0.993827160494
CbiA	128	CP065320.1_4045	324	5.2e-06	9	99	126	285	0.703125
Sigma70_r4	50	CP065320.1_4046	105	2.2e-12	5	43	19	57	0.76
Pkinase	264	CP065320.1_4059	358	1.4e-32	43	198	37	197	0.587121212121
Pkinase	264	CP065320.1_4060	251	2.1e-29	50	241	47	226	0.723484848485
AAA	132	CP065320.1_4066	338	1.7e-18	1	129	53	176	0.969696969697
Pribosyltran	159	CP065320.1_4073	172	5.3e-22	7	143	29	167	0.85534591195
HD	122	CP065320.1_4074	740	2.9e-08	1	122	57	156	0.991803278689
ACT	67	CP065320.1_409	164	3e-12	2	66	5	69	0.955223880597
Response_reg	112	CP065320.1_4091	211	2.4e-27	1	107	3	108	0.946428571429
GerE	57	CP065320.1_4091	211	4.2e-16	3	55	147	199	0.912280701754
cNMP_binding	88	CP065320.1_4104	224	9.7e-13	2	85	29	113	0.943181818182
HATPase_c	111	CP065320.1_4107	644	1.2e-24	1	109	31	174	0.972972972973
PALP	294	CP065320.1_411	401	6.5e-89	5	294	17	302	0.982993197279
Glyoxalase	128	CP065320.1_4113	95	3.3e-06	48	127	5	80	0.6171875
NUDIX	131	CP065320.1_4117	175	1.1e-16	5	119	40	151	0.870229007634
AAA	132	CP065320.1_412	440	4.8e-06	2	68	240	300	0.5
SBP_bac_3	225	CP065320.1_414	655	4.5e-24	1	213	109	312	0.942222222222
GGDEF	161	CP065320.1_414	655	1.6e-36	2	160	497	647	0.981366459627
HTH_3	55	CP065320.1_4140	281	6.5e-14	3	53	15	65	0.909090909091
HTH_3	55	CP065320.1_4141	71	1.9e-08	3	44	12	53	0.745454545455
TrmB	68	CP065320.1_4144	102	1.8e-06	23	62	34	77	0.573529411765
SBP_bac_3	225	CP065320.1_415	167	6e-14	1	118	33	153	0.52
Response_reg	112	CP065320.1_4192	227	3.4e-27	1	112	4	114	0.991071428571
Trans_reg_C	77	CP065320.1_4192	227	1.2e-24	4	77	149	219	0.948051948052
HisKA	64	CP065320.1_4193	407	3.8e-19	2	61	186	249	0.921875
HATPase_c	111	CP065320.1_4193	407	3.6e-31	2	108	298	405	0.954954954955
Peptidase_M23	96	CP065320.1_4200	300	7.1e-05	50	90	96	137	0.416666666667
Sigma70_r4_2	54	CP065320.1_4229	141	3.9e-06	10	45	72	107	0.648148148148
HTH_3	55	CP065320.1_423	399	8.5e-12	1	47	12	58	0.836363636364
NUDIX	131	CP065320.1_4285	222	6.9e-07	14	123	68	194	0.832061068702
HTH_3	55	CP065320.1_4307	289	5e-14	8	55	17	64	0.854545454545
HTH_3	55	CP065320.1_4307	289	1.1e-05	15	51	106	142	0.654545454545
HTH_10	53	CP065320.1_4345	153	2.2e-05	21	51	118	148	0.566037735849
Sigma70_r4_2	54	CP065320.1_4351	250	3.3e-05	25	49	13	37	0.444444444444
HTH_11	55	CP065320.1_440	305	5.7e-15	5	55	9	60	0.909090909091
HTH_3	55	CP065320.1_442	84	1.2e-14	1	52	9	60	0.927272727273
Response_reg	112	CP065320.1_447	220	2.3e-25	1	112	4	112	0.991071428571
Trans_reg_C	77	CP065320.1_447	220	1.9e-19	3	76	146	217	0.948051948052
HisKA	64	CP065320.1_448	455	5.9e-17	2	64	235	299	0.96875
HATPase_c	111	CP065320.1_448	455	7.8e-16	1	109	344	454	0.972972972973
Sigma70_r4_2	54	CP065320.1_449	140	5.8e-09	2	48	79	125	0.851851851852
CbiA	128	CP065320.1_458	266	6.9e-13	1	99	4	208	0.765625
Peptidase_M23	96	CP065320.1_476	296	1.1e-28	1	96	192	288	0.989583333333
HTH_3	55	CP065320.1_482	183	1.2e-05	1	54	15	69	0.963636363636
PadR	75	CP065320.1_489	117	5.6e-18	1	69	16	83	0.906666666667
HTH_3	55	CP065320.1_493	110	1.4e-09	13	53	22	62	0.727272727273
Sigma70_r4_2	54	CP065320.1_497	139	9.1e-08	2	54	78	130	0.962962962963
Nitroreductase	170	CP065320.1_503	169	2.4e-16	82	170	58	145	0.517647058824
ComK	153	CP065320.1_506	138	4.9e-27	27	145	15	132	0.771241830065
CBS	57	CP065320.1_508	425	9e-08	1	56	200	258	0.964912280702
B12-binding	121	CP065320.1_515	558	3.7e-14	10	117	13	118	0.884297520661
LacI	46	CP065320.1_523	341	1.5e-16	1	44	5	47	0.934782608696
Peripla_BP_3	164	CP065320.1_523	341	9.8e-12	22	151	202	328	0.786585365854
LytTR	98	CP065320.1_53	147	5e-23	4	97	50	143	0.948979591837
T2SSE	273	CP065320.1_544	342	8.8e-18	5	267	8	270	0.959706959707
PadR	75	CP065320.1_55	163	2.3e-17	1	72	70	140	0.946666666667
AAA	132	CP065320.1_551	305	1.9e-06	1	119	157	268	0.893939393939
Peptidase_M23	96	CP065320.1_558	192	2.2e-07	15	74	112	171	0.614583333333
CbiA	128	CP065320.1_560	259	8.3e-23	1	128	5	218	0.9921875
FeoA	74	CP065320.1_588	76	1.7e-11	1	71	1	70	0.945945945946
HTH_DeoR	57	CP065320.1_604	223	1.6e-09	29	56	2	29	0.473684210526
DeoRC	160	CP065320.1_604	223	4.9e-30	3	160	43	199	0.98125
Response_reg	112	CP065320.1_61	191	8.3e-08	1	108	4	110	0.955357142857
ANTAR	54	CP065320.1_61	191	3.1e-17	2	54	132	184	0.962962962963
FeS	33	CP065320.1_612	103	5.2e-14	1	27	41	68	0.787878787879
HTH_3	55	CP065320.1_623	224	6.6e-17	1	55	15	69	0.981818181818
HD	122	CP065320.1_628	299	1.5e-17	2	121	132	250	0.975409836066
HTH_5	47	CP065320.1_634	97	9.2e-17	1	45	9	53	0.936170212766
AAA	132	CP065320.1_639	775	8.4e-26	1	127	353	490	0.954545454545
CbiA	128	CP065320.1_64	279	1.9e-12	2	123	35	249	0.9453125
PAS	113	CP065320.1_642	528	6.3e-10	3	113	126	233	0.973451327434
PAS	113	CP065320.1_642	528	4.4e-05	3	42	243	282	0.345132743363
GGDEF	161	CP065320.1_642	528	1e-38	2	160	358	507	0.981366459627
TPR_1	34	CP065320.1_643	531	3.1e-07	2	30	130	158	0.823529411765
GGDEF	161	CP065320.1_643	531	5.7e-35	2	160	362	517	0.981366459627
HTH_3	55	CP065320.1_646	30	5.7e-07	1	21	9	29	0.363636363636
AAA	132	CP065320.1_653	618	1.6e-47	2	131	205	336	0.977272727273
HTH_11	55	CP065320.1_662	314	3.5e-09	5	55	10	61	0.909090909091
MarR	59	CP065320.1_667	146	5.7e-16	2	59	35	92	0.966101694915
Response_reg	112	CP065320.1_673	228	8.4e-30	1	112	5	114	0.991071428571
Trans_reg_C	77	CP065320.1_673	228	6.7e-25	2	77	149	224	0.974025974026
HisKA	64	CP065320.1_674	516	9.6e-13	2	64	284	351	0.96875
HATPase_c	111	CP065320.1_674	516	1.8e-21	3	110	397	507	0.963963963964
TrkA_C	70	CP065320.1_676	224	7.8e-14	5	59	153	206	0.771428571429
Pyr_redox	81	CP065320.1_678	336	5.9e-06	2	38	136	172	0.444444444444
Glyoxalase	128	CP065320.1_685	162	9.3e-08	7	128	8	118	0.9453125
Sigma70_r4_2	54	CP065320.1_685	162	1.2e-05	25	49	132	156	0.444444444444
GyrI-like	155	CP065320.1_688	167	7.1e-16	3	128	5	133	0.806451612903
HTH_18	81	CP065320.1_689	283	2.6e-20	2	80	28	105	0.962962962963
GyrI-like	155	CP065320.1_689	283	8.2e-21	2	154	129	279	0.98064516129
Response_reg	112	CP065320.1_69	278	1.4e-21	1	111	7	119	0.982142857143
Spo0A_C	104	CP065320.1_69	278	3.5e-46	1	104	157	260	0.990384615385
HTH_11	55	CP065320.1_694	301	2e-17	3	53	7	56	0.909090909091
MarR	59	CP065320.1_706	143	1.3e-10	9	58	36	85	0.830508474576
PadR	75	CP065320.1_707	106	7.1e-21	1	74	14	82	0.973333333333
GGDEF	161	CP065320.1_717	678	2.1e-26	2	157	527	664	0.962732919255
HTH_3	55	CP065320.1_719	304	1e-16	1	55	7	61	0.981818181818
HD	122	CP065320.1_726	187	3.3e-08	1	119	49	154	0.967213114754
FHA	69	CP065320.1_733	1365	5.7e-15	2	69	96	158	0.971014492754
Pkinase	264	CP065320.1_735	175	4.2e-26	9	152	13	155	0.541666666667
FHA	69	CP065320.1_736	333	8.3e-18	2	68	262	319	0.95652173913
Pkinase	264	CP065320.1_760	578	3e-57	1	252	12	257	0.950757575758
HTH_18	81	CP065320.1_768	293	2.7e-19	2	77	28	102	0.925925925926
GyrI-like	155	CP065320.1_768	293	1.9e-19	1	154	128	282	0.987096774194
GyrI-like	155	CP065320.1_769	153	6.2e-14	2	154	4	148	0.98064516129
cNMP_binding	88	CP065320.1_782	218	3.6e-08	1	82	28	112	0.920454545455
Crp	32	CP065320.1_782	218	4e-09	1	32	168	199	0.96875
GGDEF	161	CP065320.1_783	1103	6.6e-22	2	149	246	383	0.913043478261
EAL	238	CP065320.1_783	1103	3.2e-65	5	238	418	651	0.978991596639
cNMP_binding	88	CP065320.1_786	225	9.1e-19	1	86	20	106	0.965909090909
Crp	32	CP065320.1_786	225	0.0001	4	30	167	193	0.8125
Fer4	24	CP065320.1_788	255	2e-07	5	23	186	204	0.75
HTH_5	47	CP065320.1_789	122	3.7e-12	1	46	28	76	0.957446808511
Fer4	24	CP065320.1_790	258	2.4e-09	1	22	6	27	0.875
Fer4	24	CP065320.1_790	258	1.1e-05	3	23	37	57	0.833333333333
Nitroreductase	170	CP065320.1_790	258	9.2e-23	1	170	84	238	0.994117647059
NUDIX	131	CP065320.1_793	154	1.6e-22	3	130	6	134	0.969465648855
HATPase_c	111	CP065320.1_795	119	2.2e-11	6	106	15	107	0.900900900901
Fer4	24	CP065320.1_806	505	4.3e-12	2	23	145	166	0.875
Fer4	24	CP065320.1_806	505	4.7e-09	2	23	191	212	0.875
dCache_1	249	CP065320.1_809	670	1.5e-15	58	249	11	193	0.767068273092
GGDEF	161	CP065320.1_809	670	9.5e-17	2	138	244	374	0.844720496894
EAL	238	CP065320.1_809	670	6.2e-65	3	238	418	652	0.987394957983
Sigma70_r4_2	54	CP065320.1_819	239	7.8e-08	16	54	38	76	0.703703703704
Nitro_FeMo-Co	95	CP065320.1_819	239	3.8e-19	1	93	114	201	0.968421052632
HMA	62	CP065320.1_821	83	3.1e-17	2	62	19	79	0.967741935484
Fer4	24	CP065320.1_823	249	3.3e-06	7	23	182	198	0.666666666667
Fer4	24	CP065320.1_823	249	2.4e-09	3	23	206	226	0.833333333333
HTH_3	55	CP065320.1_826	221	7.3e-21	3	55	8	60	0.945454545455
HTH_3	55	CP065320.1_829	73	1.8e-16	1	53	12	64	0.945454545455
TetR_N	47	CP065320.1_830	220	5e-16	1	45	16	60	0.936170212766
Peptidase_M23	96	CP065320.1_831	231	3.4e-17	12	89	74	182	0.802083333333
MarR	59	CP065320.1_833	303	2.5e-06	1	47	3	51	0.779661016949
T2SSE	273	CP065320.1_835	262	5.8e-05	112	200	17	109	0.322344322344
SBP_bac_1	315	CP065320.1_836	326	1.1e-14	16	308	42	270	0.926984126984
MarR	59	CP065320.1_842	379	1.6e-14	1	58	31	88	0.966101694915
TrkA_C	70	CP065320.1_845	226	3.8e-13	3	65	153	219	0.885714285714
HD	122	CP065320.1_85	193	1.2e-06	2	93	52	158	0.745901639344
Rhodanese	107	CP065320.1_858	109	2.9e-17	1	104	9	98	0.96261682243
PALP	294	CP065320.1_869	400	2e-85	3	294	15	298	0.989795918367
Sigma70_r4	50	CP065320.1_882	140	1.7e-12	1	50	84	133	0.98
Spo0A_C	104	CP065320.1_886	65	2.7e-07	43	104	3	61	0.586538461538
HTH_3	55	CP065320.1_887	121	1.4e-14	1	54	12	65	0.963636363636
HTH_3	55	CP065320.1_888	207	3.6e-15	2	55	11	64	0.963636363636
HTH_3	55	CP065320.1_889	381	5.6e-09	2	49	11	58	0.854545454545
TetR_N	47	CP065320.1_897	204	1.3e-11	5	46	22	63	0.872340425532
Pyr_redox_2	292	CP065320.1_898	662	8.2e-29	2	250	402	635	0.849315068493
LytTR	98	CP065320.1_91	147	1.2e-25	3	97	50	144	0.959183673469
HTH_3	55	CP065320.1_917	72	3.1e-10	7	54	13	61	0.854545454545
HTH_3	55	CP065320.1_924	181	9.5e-11	1	55	8	64	0.981818181818
GntR	64	CP065320.1_939	235	1.6e-13	5	61	8	64	0.875
HTH_3	55	CP065320.1_943	72	5.4e-16	1	55	6	60	0.981818181818
TPR_2	34	CP065320.1_947	481	0.0001	2	29	263	290	0.794117647059
GGDEF	161	CP065320.1_948	218	3.5e-42	2	160	59	213	0.981366459627
CBS	57	CP065320.1_949	545	5.3e-10	6	55	74	123	0.859649122807
CBS	57	CP065320.1_949	545	2.9e-09	4	56	250	302	0.912280701754
HTH_3	55	CP065320.1_951	351	2.8e-16	2	55	11	64	0.963636363636
Fer4	24	CP065320.1_954	1169	1.2e-07	1	23	683	705	0.916666666667
Fer4	24	CP065320.1_954	1169	2.8e-05	2	22	740	760	0.833333333333
MerR	38	CP065320.1_984	299	1.5e-12	4	38	5	38	0.894736842105
HTH_3	55	CP065320.1_987	269	4.9e-16	1	53	10	62	0.945454545455
MerR	38	CP065320.1_988	355	2.9e-14	1	38	3	39	0.973684210526
ACT	67	CP065320.1_993	90	3.9e-08	2	52	4	54	0.746268656716
HisKA	64	CP065320.1_995	374	1.1e-06	2	60	143	205	0.90625
HATPase_c	111	CP065320.1_995	374	4.1e-06	2	108	255	361	0.954954954955
HisKA	64	CP065320.1_996	367	6.9e-12	2	57	141	199	0.859375
HATPase_c	111	CP065320.1_996	367	4.8e-20	1	109	251	358	0.972972972973
Response_reg	112	CP065320.1_997	230	4.2e-32	1	112	5	114	0.991071428571
Trans_reg_C	77	CP065320.1_997	230	7.4e-30	2	77	152	227	0.974025974026
