Arg_repressor	70	CP065314.1_101	238	7.1e-05	40	67	93	119	0.385714285714
HTH_3	55	CP065314.1_1023	105	6.6e-09	1	55	10	64	0.981818181818
HTH_DeoR	57	CP065314.1_1029	206	5.1e-05	28	50	33	55	0.385964912281
HTH_DeoR	57	CP065314.1_1060	113	4.4e-06	17	51	60	94	0.59649122807
HTH_3	55	CP065314.1_1061	270	5.7e-14	1	55	11	66	0.981818181818
HTH_3	55	CP065314.1_1064	109	2.7e-10	4	55	13	64	0.927272727273
Trans_reg_C	77	CP065314.1_108	404	6.1e-06	7	68	35	98	0.792207792208
HTH_1	60	CP065314.1_1094	298	7.4e-21	4	60	6	62	0.933333333333
HTH_AraC	42	CP065314.1_1122	500	1.2e-09	1	42	404	446	0.97619047619
HTH_AraC	42	CP065314.1_1122	500	1.8e-07	2	40	458	494	0.904761904762
GntR	64	CP065314.1_1125	242	1.2e-22	1	64	7	70	0.984375
HTH_1	60	CP065314.1_1150	303	2.6e-19	1	59	3	61	0.966666666667
LacI	46	CP065314.1_1167	347	3.9e-15	1	45	3	48	0.95652173913
LacI	46	CP065314.1_1182	335	2e-18	1	46	5	51	0.978260869565
Trans_reg_C	77	CP065314.1_1192	237	1e-26	1	77	158	234	0.987012987013
HTH_AraC	42	CP065314.1_1197	268	5.1e-05	6	33	172	199	0.642857142857
HTH_AraC	42	CP065314.1_1197	268	8.7e-10	6	42	221	258	0.857142857143
HTH_AraC	42	CP065314.1_1200	290	4.7e-08	3	41	193	231	0.904761904762
HTH_AraC	42	CP065314.1_1200	290	5.2e-11	1	42	243	282	0.97619047619
GntR	64	CP065314.1_1211	237	7.2e-24	6	64	19	77	0.90625
GerE	57	CP065314.1_1212	519	6.7e-07	6	35	3	32	0.508771929825
Fe_dep_repress	60	CP065314.1_130	599	8e-05	2	31	61	92	0.483333333333
Trans_reg_C	77	CP065314.1_1309	235	7.7e-26	2	77	150	223	0.974025974026
HTH_AraC	42	CP065314.1_131	546	1.2e-11	1	42	451	493	0.97619047619
HTH_AraC	42	CP065314.1_131	546	8.9e-08	14	41	514	542	0.642857142857
HTH_3	55	CP065314.1_1342	121	6.7e-08	8	55	27	74	0.854545454545
MarR	59	CP065314.1_1348	209	1.7e-06	22	51	44	73	0.491525423729
HTH_3	55	CP065314.1_1385	103	5.8e-14	2	55	8	61	0.963636363636
TrmB	68	CP065314.1_1413	70	3.1e-06	23	62	6	49	0.573529411765
HTH_3	55	CP065314.1_1421	72	2.6e-12	11	55	15	59	0.8
HTH_3	55	CP065314.1_1422	203	2.7e-10	3	55	7	59	0.945454545455
HTH_3	55	CP065314.1_1422	203	1.3e-10	1	55	72	126	0.981818181818
Trp_repressor	88	CP065314.1_1430	107	3.8e-33	2	87	9	93	0.965909090909
HTH_AraC	42	CP065314.1_1449	529	8.6e-09	3	42	436	475	0.928571428571
HTH_AraC	42	CP065314.1_1449	529	1.4e-08	2	42	487	525	0.952380952381
HTH_6	77	CP065314.1_1465	290	1.6e-16	3	71	4	72	0.883116883117
MarR	59	CP065314.1_1469	139	2.4e-09	9	59	27	77	0.847457627119
Trans_reg_C	77	CP065314.1_1483	405	3.8e-06	7	69	40	104	0.805194805195
LytTR	98	CP065314.1_149	243	1.6e-12	3	95	140	228	0.938775510204
HTH_3	55	CP065314.1_1506	360	1.5e-13	1	54	9	62	0.963636363636
HTH_3	55	CP065314.1_1512	88	1.4e-08	3	55	20	77	0.945454545455
HTH_3	55	CP065314.1_1513	110	5.4e-09	1	54	9	62	0.963636363636
HTH_AraC	42	CP065314.1_1525	266	2.3e-10	1	42	167	208	0.97619047619
HTH_AraC	42	CP065314.1_1525	266	8.7e-10	7	38	222	254	0.738095238095
MerR	38	CP065314.1_1526	278	9.5e-14	1	38	10	47	0.973684210526
HTH_AraC	42	CP065314.1_1528	260	1.1e-12	1	42	165	206	0.97619047619
HTH_AraC	42	CP065314.1_1528	260	2.6e-08	8	42	221	256	0.809523809524
Trans_reg_C	77	CP065314.1_1536	229	6.1e-21	1	77	144	219	0.987012987013
LacI	46	CP065314.1_1546	337	1.9e-16	1	46	3	48	0.978260869565
Fe_dep_repress	60	CP065314.1_1561	151	8.4e-19	2	58	22	78	0.933333333333
GntR	64	CP065314.1_1568	468	2.9e-15	1	64	15	78	0.984375
bZIP_1	64	CP065314.1_1599	52	1.1e-05	27	61	10	44	0.53125
LacI	46	CP065314.1_162	360	2.7e-11	1	46	9	54	0.978260869565
HTH_3	55	CP065314.1_1633	129	1.3e-13	1	55	5	59	0.981818181818
GntR	64	CP065314.1_1654	216	2.3e-15	2	64	8	69	0.96875
GntR	64	CP065314.1_1660	238	8.8e-18	3	64	15	75	0.953125
GntR	64	CP065314.1_1661	246	1.7e-12	5	64	26	84	0.921875
HTH_6	77	CP065314.1_1667	285	1.5e-20	6	74	10	78	0.883116883117
GerE	57	CP065314.1_1694	328	5.8e-05	7	42	34	69	0.614035087719
HTH_1	60	CP065314.1_170	292	5e-21	3	60	7	64	0.95
GerE	57	CP065314.1_1700	519	6.7e-07	6	35	3	32	0.508771929825
LytTR	98	CP065314.1_1706	250	1.3e-17	3	96	147	235	0.948979591837
LacI	46	CP065314.1_1715	342	2.1e-20	1	46	4	49	0.978260869565
HTH_AraC	42	CP065314.1_1725	290	3.7e-09	1	42	196	237	0.97619047619
LytTR	98	CP065314.1_1748	236	2.5e-16	5	95	140	227	0.918367346939
GntR	64	CP065314.1_1759	249	3.9e-19	4	64	17	77	0.9375
HTH_AraC	42	CP065314.1_1785	319	1.5e-08	9	42	264	298	0.785714285714
HTH_DeoR	57	CP065314.1_1793	256	2.7e-19	1	53	5	57	0.912280701754
Trans_reg_C	77	CP065314.1_1796	230	1.2e-26	1	77	151	227	0.987012987013
MarR	59	CP065314.1_1823	152	5.4e-11	5	58	37	90	0.898305084746
HTH_11	55	CP065314.1_1829	160	3.5e-16	1	53	5	56	0.945454545455
MarR	59	CP065314.1_1836	407	1.8e-05	7	46	18	57	0.661016949153
FUR	120	CP065314.1_1855	103	4.3e-12	2	60	24	81	0.483333333333
HTH_3	55	CP065314.1_1862	74	1.5e-05	1	54	7	61	0.963636363636
HTH_AraC	42	CP065314.1_1863	224	2.2e-06	1	42	116	157	0.97619047619
HTH_AraC	42	CP065314.1_1863	224	6e-05	17	41	180	205	0.571428571429
LacI	46	CP065314.1_1887	354	1.5e-19	1	46	5	51	0.978260869565
LacI	46	CP065314.1_1894	325	5.7e-20	1	46	3	48	0.978260869565
LacI	46	CP065314.1_1903	339	1.8e-14	1	43	6	48	0.913043478261
HTH_6	77	CP065314.1_1904	255	1.7e-20	5	74	7	76	0.896103896104
HTH_AraC	42	CP065314.1_191	309	1.3e-11	7	40	263	297	0.785714285714
HTH_5	47	CP065314.1_1948	106	5.9e-16	1	46	17	62	0.957446808511
GntR	64	CP065314.1_1951	266	3.5e-20	2	64	19	81	0.96875
GntR	64	CP065314.1_1960	242	6.7e-23	3	64	13	74	0.953125
HTH_8	42	CP065314.1_1970	654	7.9e-13	2	42	609	649	0.952380952381
Arc	50	CP065314.1_1996	84	6.8e-05	9	40	36	67	0.62
HTH_3	55	CP065314.1_2032	270	7.3e-05	10	30	23	43	0.363636363636
HTH_11	55	CP065314.1_2060	61	5.2e-05	7	37	17	45	0.545454545455
DUF24	91	CP065314.1_2088	109	9.7e-34	1	89	18	106	0.967032967033
HTH_1	60	CP065314.1_2091	286	8.5e-19	3	59	6	62	0.933333333333
HTH_8	42	CP065314.1_2097	619	9.7e-11	2	37	579	614	0.833333333333
MerR	38	CP065314.1_2118	280	7.9e-15	1	38	7	45	0.973684210526
HTH_1	60	CP065314.1_2143	355	5.1e-17	4	60	30	86	0.933333333333
HTH_1	60	CP065314.1_2144	284	5.7e-20	2	60	4	62	0.966666666667
HTH_AraC	42	CP065314.1_2150	302	5.6e-10	4	41	196	233	0.880952380952
HTH_AraC	42	CP065314.1_2150	302	4e-11	2	40	246	282	0.904761904762
Trans_reg_C	77	CP065314.1_2165	234	2.8e-23	1	77	152	227	0.987012987013
HTH_11	55	CP065314.1_2171	449	1.2e-07	3	46	392	437	0.781818181818
MerR	38	CP065314.1_2188	134	5.6e-10	4	38	6	40	0.894736842105
HTH_1	60	CP065314.1_2193	282	5.1e-17	4	59	7	62	0.916666666667
LacI	46	CP065314.1_2215	103	4.7e-19	1	46	5	50	0.978260869565
HTH_AraC	42	CP065314.1_2217	275	1.3e-06	2	40	169	207	0.904761904762
HTH_AraC	42	CP065314.1_2217	275	1.7e-09	9	42	225	259	0.785714285714
HTH_11	55	CP065314.1_2231	751	3.6e-10	3	53	69	124	0.909090909091
Mga	87	CP065314.1_2231	751	1.1e-06	15	85	154	227	0.804597701149
GntR	64	CP065314.1_2239	228	6e-18	5	64	13	71	0.921875
HTH_AraC	42	CP065314.1_2250	307	6e-11	8	41	261	295	0.785714285714
HTH_1	60	CP065314.1_2251	301	1.6e-19	4	60	6	64	0.933333333333
CSD	66	CP065314.1_2257	72	1.7e-24	2	65	6	69	0.954545454545
GntR	64	CP065314.1_227	138	2.8e-12	4	64	16	76	0.9375
HTH_11	55	CP065314.1_2286	309	6.6e-17	1	53	5	57	0.945454545455
Trans_reg_C	77	CP065314.1_2287	126	3.4e-09	2	34	93	125	0.415584415584
HTH_6	77	CP065314.1_236	281	5.8e-19	3	75	4	76	0.935064935065
LytTR	98	CP065314.1_2366	284	2.2e-06	28	97	196	260	0.704081632653
HTH_3	55	CP065314.1_2367	123	4e-21	1	55	8	62	0.981818181818
HTH_AraC	42	CP065314.1_2390	299	2.4e-07	1	36	198	234	0.833333333333
HTH_AraC	42	CP065314.1_2390	299	1.5e-08	9	42	255	289	0.785714285714
HTH_3	55	CP065314.1_2391	78	4.8e-07	1	55	16	75	0.981818181818
HTH_3	55	CP065314.1_2393	82	4.1e-05	1	55	16	79	0.981818181818
LacI	46	CP065314.1_2420	357	8.3e-16	1	46	2	49	0.978260869565
GntR	64	CP065314.1_2429	242	6.4e-19	7	63	28	83	0.875
HTH_DeoR	57	CP065314.1_2446	255	1.8e-15	1	52	5	56	0.894736842105
HTH_DeoR	57	CP065314.1_2447	254	4.1e-14	1	42	7	48	0.719298245614
HTH_3	55	CP065314.1_248	116	6.3e-14	1	53	12	64	0.945454545455
LytTR	98	CP065314.1_2534	249	1.2e-16	3	87	140	221	0.857142857143
LacI	46	CP065314.1_2541	147	2.4e-17	2	46	4	48	0.95652173913
LytTR	98	CP065314.1_2553	255	1.3e-13	6	96	151	239	0.918367346939
HTH_1	60	CP065314.1_2574	275	5.9e-10	24	58	2	36	0.566666666667
MarR	59	CP065314.1_2592	151	7.3e-17	4	58	37	91	0.915254237288
LacI	46	CP065314.1_2612	351	2.3e-16	1	46	2	49	0.978260869565
GerE	57	CP065314.1_2616	519	6.7e-07	6	35	3	32	0.508771929825
GntR	64	CP065314.1_2690	235	3.2e-21	6	64	11	69	0.90625
LytTR	98	CP065314.1_2721	232	1.4e-09	2	68	137	202	0.673469387755
LytTR	98	CP065314.1_2722	235	6.5e-19	2	96	139	227	0.959183673469
SfsA	199	CP065314.1_2732	249	3.5e-77	1	198	12	238	0.989949748744
GntR	64	CP065314.1_274	131	3.1e-17	1	64	12	75	0.984375
LytTR	98	CP065314.1_276	274	4.2e-24	2	97	174	271	0.969387755102
GntR	64	CP065314.1_2760	373	4.2e-18	4	64	14	74	0.9375
GntR	64	CP065314.1_2790	256	2.1e-19	1	62	15	76	0.953125
HTH_AraC	42	CP065314.1_28	125	2.9e-10	1	40	20	59	0.928571428571
HTH_AraC	42	CP065314.1_28	125	3.5e-13	6	40	74	109	0.809523809524
HTH_1	60	CP065314.1_2805	312	1.9e-15	2	59	4	63	0.95
HTH_3	55	CP065314.1_2840	195	2.7e-15	1	53	10	62	0.945454545455
GerE	57	CP065314.1_2843	519	6.7e-07	6	35	3	32	0.508771929825
HTH_11	55	CP065314.1_2844	91	1.1e-13	1	53	6	58	0.945454545455
HTH_AraC	42	CP065314.1_2851	401	4.3e-11	1	42	305	346	0.97619047619
HTH_AraC	42	CP065314.1_2851	401	2.3e-12	6	42	359	396	0.857142857143
HTH_3	55	CP065314.1_2861	147	1.2e-18	3	55	9	61	0.945454545455
HTH_3	55	CP065314.1_2873	270	2.4e-14	1	55	11	66	0.981818181818
Pencillinase_R	115	CP065314.1_2880	125	6.6e-18	3	114	7	116	0.965217391304
HTH_AraC	42	CP065314.1_29	305	6.5e-12	7	42	260	296	0.833333333333
MarR	59	CP065314.1_292	162	1.2e-12	3	58	43	98	0.932203389831
LexA_DNA_bind	65	CP065314.1_2936	102	7.7e-14	9	65	6	62	0.861538461538
HTH_3	55	CP065314.1_2950	113	7.7e-14	4	55	45	96	0.927272727273
HTH_3	55	CP065314.1_2951	146	3.9e-16	2	55	6	59	0.963636363636
Trans_reg_C	77	CP065314.1_2959	237	1.5e-28	2	77	159	232	0.974025974026
LacI	46	CP065314.1_2979	343	8.3e-22	2	46	15	59	0.95652173913
GntR	64	CP065314.1_2987	226	2e-11	5	64	16	75	0.921875
GntR	64	CP065314.1_3002	221	1.4e-23	3	64	13	74	0.953125
MarR	59	CP065314.1_3011	150	8.8e-11	12	58	43	89	0.779661016949
HTH_1	60	CP065314.1_3022	309	1.8e-18	2	59	4	63	0.95
HTH_DeoR	57	CP065314.1_3024	269	4.7e-18	1	53	8	60	0.912280701754
HTH_DeoR	57	CP065314.1_3034	256	2.9e-19	1	56	6	61	0.964912280702
Trans_reg_C	77	CP065314.1_3054	235	3.4e-28	2	77	157	232	0.974025974026
HTH_AraC	42	CP065314.1_3060	518	5.9e-09	1	41	424	464	0.952380952381
HTH_AraC	42	CP065314.1_3060	518	1.6e-11	1	42	476	515	0.97619047619
HTH_AraC	42	CP065314.1_3065	176	3.9e-07	4	40	60	96	0.857142857143
HTH_AraC	42	CP065314.1_3065	176	3.9e-05	13	38	118	144	0.595238095238
HTH_AraC	42	CP065314.1_3098	264	2.8e-07	1	40	166	205	0.928571428571
HTH_AraC	42	CP065314.1_3098	264	3e-12	9	41	223	256	0.761904761905
HTH_1	60	CP065314.1_3132	322	1.9e-19	3	60	6	62	0.95
FUR	120	CP065314.1_3133	139	1.2e-29	4	109	4	108	0.875
HTH_3	55	CP065314.1_3139	178	5.7e-16	1	55	7	61	0.981818181818
GerE	57	CP065314.1_315	90	6.4e-06	6	42	33	69	0.631578947368
MarR	59	CP065314.1_3168	410	7e-07	5	47	15	57	0.71186440678
Fe_dep_repress	60	CP065314.1_3170	112	2.4e-08	18	59	4	45	0.683333333333
HTH_5	47	CP065314.1_3174	120	1.1e-20	1	47	44	90	0.978723404255
LacI	46	CP065314.1_3183	337	7.4e-16	1	46	4	49	0.978260869565
HTH_DeoR	57	CP065314.1_3191	250	3.4e-15	1	52	6	57	0.894736842105
HTH_DeoR	57	CP065314.1_3193	237	2e-12	1	52	6	57	0.894736842105
Pencillinase_R	115	CP065314.1_3203	125	2.3e-14	1	115	5	117	0.991304347826
HTH_AraC	42	CP065314.1_3216	300	2.5e-11	6	40	253	288	0.809523809524
GerE	57	CP065314.1_322	519	6.7e-07	6	35	3	32	0.508771929825
GntR	64	CP065314.1_3234	244	3.6e-18	1	63	8	70	0.96875
GerE	57	CP065314.1_324	428	8e-05	6	42	33	69	0.631578947368
PadR	75	CP065314.1_3241	107	1.5e-18	1	73	14	83	0.96
PspC	53	CP065314.1_3244	62	2.9e-27	1	52	3	58	0.962264150943
HTH_AraC	42	CP065314.1_3248	280	1.6e-11	1	42	175	216	0.97619047619
HTH_AraC	42	CP065314.1_3248	280	1.5e-10	7	42	230	266	0.833333333333
GerE	57	CP065314.1_326	376	6.2e-05	6	42	33	69	0.631578947368
Pencillinase_R	115	CP065314.1_3271	138	3.5e-19	1	114	18	128	0.982608695652
HTH_AraC	42	CP065314.1_3276	187	2.6e-13	6	42	144	181	0.857142857143
SpoVT_AbrB	46	CP065314.1_3284	174	5.3e-08	5	40	12	47	0.760869565217
HTH_3	55	CP065314.1_3287	89	1.4e-10	10	55	30	75	0.818181818182
SpoVT_AbrB	46	CP065314.1_3339	88	2.1e-05	2	43	5	47	0.891304347826
HTH_3	55	CP065314.1_3358	72	1.4e-08	5	49	23	66	0.8
HTH_3	55	CP065314.1_3362	188	1.2e-14	2	55	62	115	0.963636363636
Fe_dep_repress	60	CP065314.1_3363	149	1.3e-10	2	54	3	55	0.866666666667
GntR	64	CP065314.1_3370	490	2.1e-15	2	64	22	84	0.96875
HTH_AraC	42	CP065314.1_3375	120	9e-11	9	42	70	104	0.785714285714
Trans_reg_C	77	CP065314.1_3383	221	7.8e-23	1	76	145	219	0.974025974026
HTH_psq	45	CP065314.1_3401	93	2.4e-05	14	38	22	46	0.533333333333
HTH_psq	45	CP065314.1_3402	93	2.4e-05	14	38	22	46	0.533333333333
HTH_AraC	42	CP065314.1_3411	300	1.9e-08	7	41	21	55	0.809523809524
HTH_3	55	CP065314.1_3414	267	8.3e-12	1	55	9	64	0.981818181818
GerE	57	CP065314.1_3467	519	6.7e-07	6	35	3	32	0.508771929825
HTH_3	55	CP065314.1_348	51	7.1e-10	10	53	1	44	0.781818181818
HTH_AraC	42	CP065314.1_3497	277	1.6e-08	1	41	174	214	0.952380952381
HTH_1	60	CP065314.1_3500	322	3.7e-18	4	59	5	60	0.916666666667
GntR	64	CP065314.1_3505	233	9.6e-19	2	64	10	71	0.96875
HTH_3	55	CP065314.1_3514	87	2.9e-09	1	51	15	70	0.909090909091
LacI	46	CP065314.1_353	326	2.8e-20	1	46	3	48	0.978260869565
LacI	46	CP065314.1_3548	344	2.3e-19	5	46	11	52	0.891304347826
HTH_11	55	CP065314.1_3554	652	3.7e-11	1	53	5	61	0.945454545455
Mga	87	CP065314.1_3554	652	2.6e-08	19	81	95	160	0.712643678161
HTH_AraC	42	CP065314.1_3562	517	1.4e-13	6	41	470	507	0.833333333333
MarR	59	CP065314.1_3583	146	1.7e-13	1	58	27	84	0.966101694915
HTH_3	55	CP065314.1_3585	77	5.8e-05	3	54	11	61	0.927272727273
HTH_8	42	CP065314.1_3590	341	6.2e-10	5	42	286	323	0.880952380952
HTH_AraC	42	CP065314.1_360	251	1.2e-05	8	41	157	190	0.785714285714
HTH_AraC	42	CP065314.1_360	251	1.6e-11	13	42	211	241	0.690476190476
HTH_1	60	CP065314.1_3603	311	4.8e-21	1	60	3	62	0.983333333333
HTH_AraC	42	CP065314.1_3616	254	2.7e-10	1	41	159	199	0.952380952381
HTH_AraC	42	CP065314.1_3616	254	1.1e-10	11	41	218	249	0.714285714286
SpoVT_AbrB	46	CP065314.1_3621	88	1.8e-09	2	39	9	46	0.804347826087
HTH_3	55	CP065314.1_363	259	2.4e-06	9	32	225	248	0.418181818182
MerR	38	CP065314.1_3634	279	2e-15	2	38	14	49	0.947368421053
HTH_psq	45	CP065314.1_3641	93	2.4e-05	14	38	22	46	0.533333333333
Trans_reg_C	77	CP065314.1_3648	229	3.5e-26	2	77	151	226	0.974025974026
HTH_3	55	CP065314.1_366	247	1.3e-08	10	32	211	233	0.4
HTH_3	55	CP065314.1_3671	269	2.3e-11	1	55	9	64	0.981818181818
HTH_3	55	CP065314.1_3686	207	1.1e-11	2	55	15	69	0.963636363636
MarR	59	CP065314.1_3693	168	7.3e-11	1	59	57	115	0.983050847458
GntR	64	CP065314.1_3700	240	1.1e-19	2	64	23	85	0.96875
LacI	46	CP065314.1_3764	349	5.3e-14	1	45	17	61	0.95652173913
Trans_reg_C	77	CP065314.1_3774	231	1e-22	1	77	151	227	0.987012987013
HTH_3	55	CP065314.1_379	116	1.4e-12	3	55	10	62	0.945454545455
HTH_3	55	CP065314.1_380	113	7.8e-15	1	53	7	59	0.945454545455
LacI	46	CP065314.1_3803	351	3.3e-19	1	46	6	52	0.978260869565
MerR	38	CP065314.1_3817	223	1.5e-07	2	38	8	43	0.947368421053
Trans_reg_C	77	CP065314.1_3819	232	1.5e-25	2	77	153	228	0.974025974026
Mga	87	CP065314.1_3840	105	2.5e-05	15	54	8	47	0.448275862069
HTH_11	55	CP065314.1_3849	637	9.7e-10	2	54	3	61	0.945454545455
Mga	87	CP065314.1_3849	637	2.5e-15	9	85	84	163	0.873563218391
HTH_5	47	CP065314.1_3854	118	4.7e-12	16	45	54	83	0.617021276596
MerR	38	CP065314.1_3880	276	4.5e-15	1	38	6	44	0.973684210526
HTH_AraC	42	CP065314.1_3882	130	6e-10	1	42	30	71	0.97619047619
HTH_AraC	42	CP065314.1_3882	130	1.1e-08	2	42	83	121	0.952380952381
HTH_8	42	CP065314.1_3886	396	6e-15	3	42	353	392	0.928571428571
HTH_1	60	CP065314.1_3901	305	5.4e-21	1	60	3	62	0.983333333333
SpoVT_AbrB	46	CP065314.1_3909	183	1.6e-11	2	43	9	51	0.891304347826
Fez1	198	CP065314.1_3918	183	4e-07	17	139	26	150	0.616161616162
HTH_11	55	CP065314.1_3929	233	4.3e-17	1	53	5	58	0.945454545455
Mga	87	CP065314.1_3945	442	9.1e-05	14	87	67	143	0.83908045977
HTH_3	55	CP065314.1_3952	206	8.9e-16	1	52	7	58	0.927272727273
TrmB	68	CP065314.1_3961	132	3.5e-05	33	66	76	117	0.485294117647
HTH_3	55	CP065314.1_3964	267	2.3e-11	1	55	9	64	0.981818181818
MerR	38	CP065314.1_397	248	1.3e-13	2	38	6	42	0.947368421053
MerR	38	CP065314.1_397	248	4.4e-10	3	38	128	162	0.921052631579
GntR	64	CP065314.1_3970	241	2.7e-19	1	64	17	80	0.984375
HTH_AraC	42	CP065314.1_3976	201	4.3e-05	8	32	33	57	0.571428571429
LacI	46	CP065314.1_3981	341	8.2e-22	1	46	2	47	0.978260869565
MarR	59	CP065314.1_3991	170	4.8e-11	1	58	38	95	0.966101694915
HTH_3	55	CP065314.1_3999	105	1.4e-19	1	55	8	62	0.981818181818
LytTR	98	CP065314.1_4000	254	7.7e-06	2	97	134	241	0.969387755102
GerE	57	CP065314.1_4062	215	3.2e-05	7	42	34	69	0.614035087719
HTH_3	55	CP065314.1_4072	75	4.3e-17	1	55	15	69	0.981818181818
HTH_8	42	CP065314.1_4074	664	1.6e-13	7	42	625	660	0.833333333333
GerE	57	CP065314.1_4077	519	6.7e-07	6	35	3	32	0.508771929825
GntR	64	CP065314.1_4103	241	2.3e-18	1	64	12	75	0.984375
HTH_3	55	CP065314.1_4127	124	3.7e-16	1	53	6	58	0.945454545455
HTH_DeoR	57	CP065314.1_4130	113	4.4e-06	17	51	60	94	0.59649122807
HTH_3	55	CP065314.1_4132	270	4.8e-15	1	55	11	66	0.981818181818
HTH_AraC	42	CP065314.1_414	526	1.6e-10	7	42	488	524	0.833333333333
GntR	64	CP065314.1_4143	226	2.2e-15	10	64	21	74	0.84375
GntR	64	CP065314.1_4152	245	1.5e-21	3	64	18	79	0.953125
HTH_10	53	CP065314.1_4157	92	6.6e-05	21	42	18	39	0.396226415094
Trans_reg_C	77	CP065314.1_4175	168	5.4e-28	1	77	87	163	0.987012987013
HTH_1	60	CP065314.1_4184	62	4.4e-13	3	41	5	43	0.633333333333
HTH_psq	45	CP065314.1_4186	93	2.4e-05	14	38	22	46	0.533333333333
HTH_1	60	CP065314.1_4199	298	7.5e-21	2	60	4	62	0.966666666667
HTH_AraC	42	CP065314.1_4232	293	2e-11	12	42	257	288	0.714285714286
HTH_AraC	42	CP065314.1_425	114	1.9e-09	1	42	14	55	0.97619047619
GntR	64	CP065314.1_4252	242	3.1e-20	1	64	5	68	0.984375
HTH_1	60	CP065314.1_4277	298	3.1e-21	1	60	3	62	0.983333333333
GerE	57	CP065314.1_4281	654	3e-05	10	39	13	44	0.508771929825
Mga	87	CP065314.1_4281	654	7e-06	29	86	112	172	0.655172413793
HTH_1	60	CP065314.1_4289	303	6.5e-18	4	60	5	61	0.933333333333
HTH_11	55	CP065314.1_4325	302	1.5e-16	1	53	5	56	0.945454545455
HTH_1	60	CP065314.1_4392	309	1.7e-18	2	60	4	62	0.966666666667
MarR	59	CP065314.1_4393	166	6.6e-11	2	59	53	110	0.966101694915
GntR	64	CP065314.1_4402	236	4.5e-20	3	64	17	77	0.953125
GerE	57	CP065314.1_4410	313	9.5e-18	2	55	247	300	0.929824561404
HTH_3	55	CP065314.1_4415	110	1.7e-13	1	55	7	61	0.981818181818
HTH_6	77	CP065314.1_4431	285	2.4e-24	3	74	5	76	0.922077922078
LacI	46	CP065314.1_4432	753	2.3e-16	1	46	3	48	0.978260869565
HTH_AraC	42	CP065314.1_4442	533	1.6e-09	3	41	440	478	0.904761904762
HTH_AraC	42	CP065314.1_4442	533	7.1e-10	8	42	494	529	0.809523809524
HTH_AraC	42	CP065314.1_4458	297	2.4e-09	1	42	199	240	0.97619047619
HTH_AraC	42	CP065314.1_4458	297	1.2e-12	6	42	253	290	0.857142857143
HTH_3	55	CP065314.1_4468	104	9.6e-07	4	55	10	62	0.927272727273
HTH_6	77	CP065314.1_4493	278	9.5e-13	4	69	8	72	0.844155844156
HTH_1	60	CP065314.1_4496	292	1.6e-18	4	60	6	62	0.933333333333
LytTR	98	CP065314.1_4498	237	6.6e-21	3	95	139	226	0.938775510204
LacI	46	CP065314.1_4515	358	4.8e-20	1	44	3	46	0.934782608696
HTH_3	55	CP065314.1_4557	105	2e-15	1	54	12	65	0.963636363636
HTH_AraC	42	CP065314.1_4577	300	2e-05	1	41	196	236	0.952380952381
HTH_AraC	42	CP065314.1_4577	300	1e-10	1	40	248	285	0.928571428571
HTH_AraC	42	CP065314.1_4584	376	2.7e-09	1	42	272	313	0.97619047619
HTH_AraC	42	CP065314.1_4584	376	5e-13	6	41	326	362	0.833333333333
HTH_11	55	CP065314.1_4592	110	1.4e-12	1	51	6	54	0.909090909091
MarR	59	CP065314.1_4593	376	3.1e-05	14	48	25	59	0.576271186441
HTH_AraC	42	CP065314.1_4626	408	4.1e-07	4	41	313	350	0.880952380952
HTH_AraC	42	CP065314.1_4626	408	4.7e-13	6	41	364	400	0.833333333333
HTH_psq	45	CP065314.1_4647	93	2.4e-05	14	38	22	46	0.533333333333
GntR	64	CP065314.1_4651	241	3.8e-16	3	64	10	71	0.953125
GntR	64	CP065314.1_4653	243	7.1e-20	2	64	14	76	0.96875
HTH_AraC	42	CP065314.1_4660	290	4.6e-09	1	42	184	225	0.97619047619
HTH_AraC	42	CP065314.1_4660	290	1.7e-08	6	41	237	274	0.833333333333
HTH_8	42	CP065314.1_4695	540	8.4e-16	10	42	503	535	0.761904761905
HTH_11	55	CP065314.1_4702	457	4e-05	3	44	371	414	0.745454545455
Fe_dep_repress	60	CP065314.1_4703	130	1.8e-12	3	58	4	59	0.916666666667
FUR	120	CP065314.1_4707	92	4.6e-14	1	61	13	72	0.5
Trans_reg_C	77	CP065314.1_4721	225	4.5e-17	2	77	146	220	0.974025974026
HTH_AraC	42	CP065314.1_4744	538	9.3e-10	1	41	437	477	0.952380952381
HTH_AraC	42	CP065314.1_4744	538	4.2e-12	8	41	493	527	0.785714285714
DUF24	91	CP065314.1_4756	64	1.3e-14	1	43	18	60	0.461538461538
LacI	46	CP065314.1_4771	346	9.2e-16	1	46	4	50	0.978260869565
HTH_1	60	CP065314.1_4802	296	2.5e-17	1	59	3	61	0.966666666667
HTH_11	55	CP065314.1_4803	483	7e-09	5	46	428	468	0.745454545455
HTH_AraC	42	CP065314.1_4813	283	2e-13	1	38	187	224	0.880952380952
HTH_AraC	42	CP065314.1_4813	283	1.1e-11	1	41	239	277	0.952380952381
HTH_8	42	CP065314.1_4818	592	4.3e-11	7	37	555	585	0.714285714286
HTH_3	55	CP065314.1_4829	173	4e-11	1	55	9	64	0.981818181818
GerE	57	CP065314.1_483	156	6.1e-05	6	38	105	138	0.561403508772
HTH_AraC	42	CP065314.1_4837	369	2.1e-06	1	41	254	293	0.952380952381
HTH_11	55	CP065314.1_4840	702	2.5e-08	1	37	9	45	0.654545454545
Mga	87	CP065314.1_4840	702	4e-05	16	81	96	164	0.747126436782
HTH_AraC	42	CP065314.1_4845	235	1.1e-09	4	42	149	187	0.904761904762
GntR	64	CP065314.1_4850	322	2.2e-14	3	64	62	123	0.953125
HTH_1	60	CP065314.1_4851	258	1.2e-22	1	60	3	62	0.983333333333
Trans_reg_C	77	CP065314.1_4860	237	2.1e-26	2	77	158	232	0.974025974026
MarR	59	CP065314.1_4901	165	3.1e-10	4	59	41	98	0.932203389831
GntR	64	CP065314.1_4910	246	4.3e-13	2	63	10	70	0.953125
HTH_3	55	CP065314.1_4935	228	2e-14	1	55	21	75	0.981818181818
HTH_3	55	CP065314.1_4941	66	5.7e-06	4	54	11	60	0.909090909091
HTH_3	55	CP065314.1_4955	178	2.6e-08	5	54	11	64	0.890909090909
Mga	87	CP065314.1_4956	63	5.9e-06	27	61	2	36	0.390804597701
GerE	57	CP065314.1_4959	519	6.7e-07	6	35	3	32	0.508771929825
Fe_dep_repress	60	CP065314.1_496	151	2.6e-09	2	56	25	79	0.9
HTH_AraC	42	CP065314.1_4970	282	7.9e-08	1	42	16	57	0.97619047619
HTH_AraC	42	CP065314.1_4970	282	8.1e-08	8	41	72	106	0.785714285714
Trans_reg_C	77	CP065314.1_4973	106	2.5e-23	1	77	31	103	0.987012987013
KilA-N	111	CP065314.1_4977	290	5.5e-26	13	110	20	142	0.873873873874
HTH_3	55	CP065314.1_4984	95	2.8e-05	1	38	26	63	0.672727272727
HTH_psq	45	CP065314.1_499	93	2.4e-05	14	38	22	46	0.533333333333
HTH_psq	45	CP065314.1_5000	93	2.4e-05	14	38	22	46	0.533333333333
HTH_1	60	CP065314.1_5007	290	6.7e-19	5	59	5	59	0.9
HTH_AraC	42	CP065314.1_501	319	5.7e-06	7	42	277	313	0.833333333333
MarR	59	CP065314.1_5010	129	3e-12	4	58	19	73	0.915254237288
HTH_AraC	42	CP065314.1_502	281	9.5e-07	1	41	176	216	0.952380952381
HTH_psq	45	CP065314.1_5022	93	2.4e-05	14	38	22	46	0.533333333333
HTH_psq	45	CP065314.1_5025	93	2.4e-05	14	38	22	46	0.533333333333
HTH_1	60	CP065314.1_5077	309	1.6e-18	3	60	5	62	0.95
HTH_5	47	CP065314.1_5078	155	3.2e-08	6	46	7	48	0.851063829787
MarR	59	CP065314.1_5084	231	8.3e-05	17	52	179	214	0.593220338983
Trans_reg_C	77	CP065314.1_5103	233	2.3e-24	1	77	153	229	0.987012987013
HTH_AraC	42	CP065314.1_5118	291	7.8e-07	15	42	255	283	0.642857142857
GerE	57	CP065314.1_5147	223	2.2e-17	2	57	156	211	0.964912280702
HTH_AraC	42	CP065314.1_5173	297	2.3e-07	17	41	258	283	0.571428571429
GntR	64	CP065314.1_5179	236	5.5e-20	5	64	13	71	0.921875
HTH_AraC	42	CP065314.1_5183	274	6.2e-06	1	40	176	215	0.928571428571
HTH_AraC	42	CP065314.1_5183	274	6.9e-13	1	41	228	266	0.952380952381
GerE	57	CP065314.1_5188	224	2.8e-05	21	41	199	219	0.350877192982
GntR	64	CP065314.1_5198	223	2.5e-15	2	64	8	69	0.96875
CSD	66	CP065314.1_5212	66	4.7e-33	1	65	1	64	0.969696969697
Trans_reg_C	77	CP065314.1_5217	236	2.2e-29	2	77	154	231	0.974025974026
LacI	46	CP065314.1_5222	331	1.6e-20	1	46	3	48	0.978260869565
HTH_1	60	CP065314.1_5233	646	8.5e-14	2	60	4	62	0.966666666667
HTH_1	60	CP065314.1_5233	646	6.9e-16	2	60	344	402	0.966666666667
Arg_repressor	70	CP065314.1_5248	151	2.7e-25	3	66	2	65	0.9
HTH_psq	45	CP065314.1_5260	93	2.4e-05	14	38	22	46	0.533333333333
HTH_3	55	CP065314.1_529	184	5.9e-16	3	54	13	64	0.927272727273
HTH_1	60	CP065314.1_5307	296	5.7e-20	3	59	5	61	0.933333333333
LacI	46	CP065314.1_5326	349	4e-15	1	46	3	50	0.978260869565
Pencillinase_R	115	CP065314.1_533	120	2.3e-26	3	114	7	116	0.965217391304
HTH_1	60	CP065314.1_5342	281	1.1e-18	3	60	5	62	0.95
GntR	64	CP065314.1_5350	237	4e-05	27	59	52	84	0.5
HTH_3	55	CP065314.1_5354	71	1.1e-06	7	52	14	58	0.818181818182
GerE	57	CP065314.1_5355	102	1.9e-06	19	50	29	60	0.543859649123
GntR	64	CP065314.1_5370	217	3.7e-14	2	64	9	70	0.96875
HTH_1	60	CP065314.1_5378	130	4.8e-11	7	59	29	86	0.866666666667
HTH_1	60	CP065314.1_5392	314	4.1e-09	7	57	222	277	0.833333333333
LacI	46	CP065314.1_5421	319	7.8e-06	20	46	1	27	0.565217391304
HTH_3	55	CP065314.1_5430	288	2.2e-11	1	54	14	68	0.963636363636
HTH_1	60	CP065314.1_5449	311	6.3e-17	5	60	7	62	0.916666666667
HTH_11	55	CP065314.1_5500	466	2.9e-09	5	46	411	451	0.745454545455
HTH_11	55	CP065314.1_5503	696	7.9e-09	1	43	9	51	0.763636363636
Mga	87	CP065314.1_5503	696	7.7e-07	17	87	98	171	0.804597701149
HTH_1	60	CP065314.1_5526	294	2.3e-23	2	60	6	64	0.966666666667
HTH_1	60	CP065314.1_5529	292	1.2e-20	1	59	3	61	0.966666666667
MerR	38	CP065314.1_5533	282	8.3e-12	1	38	36	74	0.973684210526
Trans_reg_C	77	CP065314.1_5559	227	3e-27	1	77	148	221	0.987012987013
HTH_8	42	CP065314.1_5580	363	6e-05	20	42	305	327	0.52380952381
GntR	64	CP065314.1_5587	243	1.4e-14	2	64	8	70	0.96875
GntR	64	CP065314.1_5625	372	2.4e-18	5	61	11	67	0.875
Trans_reg_C	77	CP065314.1_5628	236	1e-27	2	77	156	232	0.974025974026
HTH_3	55	CP065314.1_563	116	1.4e-13	1	55	4	58	0.981818181818
GntR	64	CP065314.1_5646	219	5.3e-14	4	59	10	65	0.859375
Trans_reg_C	77	CP065314.1_565	112	8.5e-09	1	35	66	100	0.441558441558
MarR	59	CP065314.1_5660	327	2.2e-05	6	48	134	176	0.71186440678
DUF24	91	CP065314.1_5664	146	1.8e-05	8	73	37	99	0.714285714286
GntR	64	CP065314.1_5677	231	1.5e-19	2	64	10	71	0.96875
Trans_reg_C	77	CP065314.1_5686	315	1.6e-24	1	75	148	223	0.961038961039
DUF24	91	CP065314.1_5691	130	6.9e-29	2	89	23	111	0.956043956044
HTH_1	60	CP065314.1_5697	310	7.9e-21	1	60	3	62	0.983333333333
HTH_AraC	42	CP065314.1_5711	138	4.2e-13	6	41	62	98	0.833333333333
LacI	46	CP065314.1_5733	350	3e-16	1	46	2	49	0.978260869565
HTH_DeoR	57	CP065314.1_5737	273	5.6e-17	1	55	6	60	0.947368421053
HTH_AraC	42	CP065314.1_5742	348	2.4e-06	1	41	244	284	0.952380952381
HTH_AraC	42	CP065314.1_5742	348	6e-10	6	42	298	335	0.857142857143
GerE	57	CP065314.1_575	519	6.7e-07	6	35	3	32	0.508771929825
HTH_AraC	42	CP065314.1_5769	428	1.2e-09	1	42	323	364	0.97619047619
HTH_AraC	42	CP065314.1_5769	428	2.1e-11	6	41	377	413	0.833333333333
HTH_AraC	42	CP065314.1_5780	323	7.1e-14	1	42	281	320	0.97619047619
HTH_AraC	42	CP065314.1_5785	317	3.2e-10	1	41	190	230	0.952380952381
HTH_AraC	42	CP065314.1_5785	317	1.5e-08	6	42	244	281	0.857142857143
MarR	59	CP065314.1_5794	149	2.3e-08	16	58	39	81	0.71186440678
Rrf2	83	CP065314.1_5822	145	1.5e-28	1	82	1	82	0.975903614458
HTH_11	55	CP065314.1_5832	327	2.1e-18	3	55	3	55	0.945454545455
MarR	59	CP065314.1_5854	159	1.4e-09	2	57	44	99	0.932203389831
LacI	46	CP065314.1_5883	333	5.1e-18	2	46	3	47	0.95652173913
HTH_11	55	CP065314.1_5900	351	1.4e-05	3	47	16	62	0.8
HTH_AraC	42	CP065314.1_5928	509	8.8e-10	1	41	401	442	0.952380952381
HTH_AraC	42	CP065314.1_5928	509	1.2e-08	8	41	458	492	0.785714285714
LacI	46	CP065314.1_5931	334	1.2e-23	2	46	3	47	0.95652173913
TrmB	68	CP065314.1_5933	254	2.3e-07	21	63	22	64	0.617647058824
MarR	59	CP065314.1_5949	168	4.9e-11	2	55	41	94	0.898305084746
MarR	59	CP065314.1_5956	217	3.2e-06	19	48	177	206	0.491525423729
HTH_6	77	CP065314.1_5990	244	1e-18	2	71	2	71	0.896103896104
GntR	64	CP065314.1_60	259	1.2e-18	3	64	42	103	0.953125
HTH_3	55	CP065314.1_6004	281	1.4e-05	21	55	39	73	0.618181818182
LexA_DNA_bind	65	CP065314.1_6009	216	1e-19	2	65	15	78	0.969230769231
LytTR	98	CP065314.1_603	244	1.3e-13	2	96	138	231	0.959183673469
HTH_3	55	CP065314.1_604	107	3e-11	1	55	10	64	0.981818181818
LacI	46	CP065314.1_6068	375	2.6e-17	1	46	53	97	0.978260869565
Rrf2	83	CP065314.1_6071	225	1.9e-05	26	61	175	210	0.421686746988
HTH_3	55	CP065314.1_6099	118	3.4e-14	1	55	17	71	0.981818181818
HTH_10	53	CP065314.1_6100	219	7.1e-05	16	51	163	196	0.660377358491
HTH_AraC	42	CP065314.1_6146	288	3.8e-09	3	41	193	231	0.904761904762
HTH_AraC	42	CP065314.1_6146	288	1.7e-10	2	42	244	282	0.952380952381
HTH_AraC	42	CP065314.1_6149	267	4.6e-06	1	39	167	205	0.904761904762
HTH_AraC	42	CP065314.1_6149	267	4.6e-11	6	41	221	257	0.833333333333
GerE	57	CP065314.1_6155	187	1.4e-06	3	45	89	132	0.736842105263
GntR	64	CP065314.1_6157	246	2e-13	2	64	8	70	0.96875
GntR	64	CP065314.1_6158	237	1.3e-17	7	64	14	71	0.890625
HTH_3	55	CP065314.1_6169	89	3e-16	1	53	11	63	0.945454545455
Trans_reg_C	77	CP065314.1_6203	233	3.3e-27	1	77	155	232	0.987012987013
HTH_3	55	CP065314.1_6213	125	6.7e-18	1	55	5	59	0.981818181818
LytTR	98	CP065314.1_6214	243	7.6e-20	4	93	141	227	0.908163265306
LacI	46	CP065314.1_6283	339	7.8e-13	1	44	4	47	0.934782608696
HTH_AraC	42	CP065314.1_6287	527	3.3e-05	11	41	443	473	0.714285714286
HTH_AraC	42	CP065314.1_6287	527	6.7e-13	1	42	485	524	0.97619047619
LytTR	98	CP065314.1_6308	240	1e-14	2	97	140	231	0.969387755102
Trans_reg_C	77	CP065314.1_6317	222	2e-27	2	76	147	216	0.961038961039
GerE	57	CP065314.1_6323	519	6.7e-07	6	35	3	32	0.508771929825
HTH_3	55	CP065314.1_6329	114	3.9e-17	1	55	5	59	0.981818181818
LytTR	98	CP065314.1_6330	241	1e-16	4	97	141	231	0.948979591837
Rrf2	83	CP065314.1_6367	146	3.9e-20	3	83	1	79	0.963855421687
Trans_reg_C	77	CP065314.1_6375	226	5.1e-29	3	77	151	223	0.961038961039
HTH_Mga	60	CP065314.1_6389	770	3.5e-05	2	41	141	179	0.65
LacI	46	CP065314.1_640	346	6.8e-19	1	46	5	50	0.978260869565
HTH_AraC	42	CP065314.1_6409	314	6.6e-12	1	42	206	247	0.97619047619
HTH_AraC	42	CP065314.1_6409	314	5.7e-10	6	40	260	295	0.809523809524
HTH_AraC	42	CP065314.1_6423	506	1.2e-11	10	42	463	497	0.761904761905
HTH_3	55	CP065314.1_6437	210	3.8e-07	10	32	174	196	0.4
CodY	177	CP065314.1_6444	263	1.2e-38	1	177	4	176	0.994350282486
HTH_CodY	61	CP065314.1_6444	263	2.1e-36	2	60	196	254	0.950819672131
HTH_3	55	CP065314.1_6450	72	3.3e-07	1	55	10	65	0.981818181818
HTH_3	55	CP065314.1_6451	228	9.2e-07	4	55	11	62	0.927272727273
MerR	38	CP065314.1_6479	271	7.5e-10	2	38	6	42	0.947368421053
Trans_reg_C	77	CP065314.1_6486	68	7.7e-09	1	37	30	66	0.467532467532
HTH_psq	45	CP065314.1_6497	93	2.4e-05	14	38	22	46	0.533333333333
HTH_3	55	CP065314.1_6531	67	7.1e-18	1	53	5	57	0.945454545455
HTH_3	55	CP065314.1_6550	77	7e-06	5	55	12	62	0.909090909091
HTH_3	55	CP065314.1_6575	75	1.7e-10	4	55	15	64	0.927272727273
GntR	64	CP065314.1_6580	250	7.2e-20	1	64	16	79	0.984375
HTH_AraC	42	CP065314.1_6590	278	1.4e-10	1	42	182	223	0.97619047619
HTH_AraC	42	CP065314.1_6590	278	1.1e-10	1	42	234	273	0.97619047619
HTH_1	60	CP065314.1_660	297	4.9e-18	2	60	6	64	0.966666666667
HTH_AraC	42	CP065314.1_6632	343	3.9e-10	1	42	238	279	0.97619047619
HTH_AraC	42	CP065314.1_6632	343	1.9e-09	7	40	293	327	0.785714285714
HTH_3	55	CP065314.1_6645	95	4.8e-06	9	31	23	45	0.4
HTH_1	60	CP065314.1_668	312	5.5e-17	5	60	9	64	0.916666666667
HTH_3	55	CP065314.1_6691	95	5.2e-06	9	31	23	45	0.4
HTH_8	42	CP065314.1_6712	632	8.1e-11	6	42	591	627	0.857142857143
HTH_1	60	CP065314.1_6716	310	7.3e-21	2	60	4	62	0.966666666667
HTH_1	60	CP065314.1_6721	301	9.7e-21	4	60	6	62	0.933333333333
MerR	38	CP065314.1_6732	125	3.3e-16	1	38	2	39	0.973684210526
HTH_11	55	CP065314.1_6775	807	2.8e-10	1	55	5	61	0.981818181818
Mga	87	CP065314.1_6775	807	4e-10	17	86	89	161	0.793103448276
HTH_1	60	CP065314.1_6794	297	1.4e-22	3	60	5	62	0.95
LexA_DNA_bind	65	CP065314.1_6804	209	6.7e-28	3	65	5	67	0.953846153846
HTH_AraC	42	CP065314.1_6823	314	8.9e-08	2	42	203	243	0.952380952381
HTH_AraC	42	CP065314.1_6823	314	7.5e-07	9	40	259	291	0.738095238095
TrmB	68	CP065314.1_6844	246	6.6e-06	20	62	18	59	0.617647058824
HTH_DeoR	57	CP065314.1_6850	638	5.4e-08	1	38	7	45	0.649122807018
Mga	87	CP065314.1_6850	638	1.6e-08	16	86	93	165	0.804597701149
HTH_AraC	42	CP065314.1_6851	310	3.5e-07	1	35	14	48	0.809523809524
HTH_AraC	42	CP065314.1_6851	310	1.7e-10	7	42	69	105	0.833333333333
DUF24	91	CP065314.1_6858	128	8.6e-22	2	88	18	104	0.945054945055
GntR	64	CP065314.1_6867	232	2.7e-22	3	63	11	71	0.9375
HTH_3	55	CP065314.1_6871	140	3.2e-15	1	54	13	66	0.963636363636
GerE	57	CP065314.1_6873	519	6.7e-07	6	35	3	32	0.508771929825
LytTR	98	CP065314.1_6877	243	5.5e-19	4	94	141	229	0.918367346939
Trans_reg_C	77	CP065314.1_6879	229	6.6e-25	4	76	150	223	0.935064935065
HTH_AraC	42	CP065314.1_6886	218	1e-05	1	30	109	138	0.690476190476
HTH_AraC	42	CP065314.1_6886	218	1.5e-12	2	42	162	200	0.952380952381
Trans_reg_C	77	CP065314.1_6900	231	6.1e-24	1	76	148	223	0.974025974026
MerR	38	CP065314.1_6904	255	5e-12	3	38	9	44	0.921052631579
HTH_AraC	42	CP065314.1_6909	281	2.6e-11	1	41	179	219	0.952380952381
HTH_AraC	42	CP065314.1_6909	281	2.9e-12	6	42	233	270	0.857142857143
HTH_3	55	CP065314.1_6915	151	8.8e-08	3	51	8	57	0.872727272727
HTH_11	55	CP065314.1_6923	183	7.2e-16	1	54	10	62	0.963636363636
MerR	38	CP065314.1_6941	267	1.8e-17	1	38	3	41	0.973684210526
GntR	64	CP065314.1_748	498	1.3e-15	5	59	11	65	0.84375
GntR	64	CP065314.1_748	498	4.7e-15	2	64	257	319	0.96875
HTH_AraC	42	CP065314.1_757	249	1.2e-08	1	41	144	184	0.952380952381
HTH_AraC	42	CP065314.1_757	249	3.5e-12	6	42	198	235	0.857142857143
Trans_reg_C	77	CP065314.1_759	200	2.8e-11	1	43	147	190	0.545454545455
HTH_AraC	42	CP065314.1_768	284	6.3e-06	1	42	189	230	0.97619047619
HTH_AraC	42	CP065314.1_768	284	2e-12	2	41	242	279	0.928571428571
HTH_1	60	CP065314.1_77	307	5.4e-23	4	60	8	64	0.933333333333
SpoVT_AbrB	46	CP065314.1_853	86	1.2e-09	2	39	5	43	0.804347826087
Trans_reg_C	77	CP065314.1_864	229	5.2e-21	3	77	148	221	0.961038961039
HTH_AraC	42	CP065314.1_871	286	3.1e-11	1	41	186	226	0.952380952381
HTH_AraC	42	CP065314.1_871	286	1.3e-12	6	42	240	277	0.857142857143
HTH_AraC	42	CP065314.1_882	287	8.6e-06	4	42	192	230	0.904761904762
HTH_AraC	42	CP065314.1_888	286	1e-07	1	40	179	218	0.928571428571
HTH_AraC	42	CP065314.1_888	286	1.1e-07	11	42	238	270	0.738095238095
HTH_AraC	42	CP065314.1_895	519	7.3e-08	8	42	430	464	0.809523809524
HTH_AraC	42	CP065314.1_895	519	1.1e-11	8	41	479	513	0.785714285714
Trans_reg_C	77	CP065314.1_902	225	3.7e-23	4	76	149	219	0.935064935065
GntR	64	CP065314.1_911	369	2.7e-21	1	64	7	70	0.984375
HTH_AraC	42	CP065314.1_920	543	1.5e-11	1	42	444	486	0.97619047619
HTH_AraC	42	CP065314.1_920	543	4.8e-10	6	41	499	535	0.833333333333
HTH_1	60	CP065314.1_925	170	1.8e-19	2	59	4	61	0.95
HTH_1	60	CP065314.1_933	289	3e-23	1	59	3	61	0.966666666667
HTH_DeoR	57	CP065314.1_959	257	1.2e-18	1	53	11	63	0.912280701754
Rrf2	83	CP065314.1_971	132	1.3e-21	1	82	1	81	0.975903614458
HTH_3	55	CP065314.1_977	153	1.7e-07	3	54	11	65	0.927272727273
Trans_reg_C	77	CP065314.1_985	148	1.3e-24	2	77	68	144	0.974025974026
GerE	57	CP065314.1_987	250	0.0001	2	38	76	112	0.631578947368
HTH_AraC	42	CP065314.1_989	310	9e-10	1	35	14	48	0.809523809524
HTH_AraC	42	CP065314.1_989	310	2.5e-10	1	42	66	105	0.97619047619
MerR	38	CP065314.1_996	271	2.2e-14	1	38	3	41	0.973684210526
HTH_AraC	42	CP065314.1_998	155	4.6e-06	9	40	106	138	0.738095238095
