NZ_CP028715.1_26           0.140  32  0.290  27  0.863   3  0.713   0.455 Y  0.450      SignalP-TM
NZ_CP028715.1_26           0.162  21  0.358  21  0.931   2  0.833   0.582 Y  0.570      SignalP-noTM
NZ_CP028715.1_29           0.347  41  0.451  41  0.880  23  0.718   0.555 Y  0.450      SignalP-TM
NZ_CP028715.1_31           0.239  30  0.403  30  0.956  17  0.802   0.559 Y  0.450      SignalP-TM
NZ_CP028715.1_31           0.585  22  0.747  22  0.983  13  0.941   0.838 Y  0.570      SignalP-noTM
NZ_CP028715.1_35           0.181  21  0.400  21  0.937  11  0.882   0.588 Y  0.450      SignalP-TM
NZ_CP028715.1_35           0.373  21  0.601  21  0.978  17  0.955   0.767 Y  0.570      SignalP-noTM
NZ_CP028715.1_39           0.259  27  0.406  27  0.882   9  0.736   0.535 Y  0.450      SignalP-TM
NZ_CP028715.1_40           0.614  25  0.689  25  0.828  15  0.751   0.714 Y  0.450      SignalP-TM
NZ_CP028715.1_40           0.886  25  0.848  25  0.942  21  0.841   0.844 Y  0.570      SignalP-noTM
NZ_CP028715.1_41           0.533  22  0.649  22  0.920  18  0.795   0.706 Y  0.450      SignalP-TM
NZ_CP028715.1_41           0.898  22  0.897  22  0.949  17  0.888   0.893 Y  0.570      SignalP-noTM
NZ_CP028715.1_42           0.259  27  0.460  20  0.953  16  0.862   0.617 Y  0.450      SignalP-TM
NZ_CP028715.1_42           0.772  20  0.820  20  0.944  15  0.863   0.841 Y  0.570      SignalP-noTM
NZ_CP028715.1_44           0.264  27  0.397  27  0.835  12  0.633   0.489 Y  0.450      SignalP-TM
NZ_CP028715.1_45           0.290  21  0.415  21  0.685   3  0.610   0.491 Y  0.450      SignalP-TM
NZ_CP028715.1_45           0.839  21  0.859  21  0.965  16  0.878   0.868 Y  0.570      SignalP-noTM
NZ_CP028715.1_52           0.198  31  0.365  26  0.950  18  0.855   0.556 Y  0.450      SignalP-TM
NZ_CP028715.1_52           0.416  21  0.611  21  0.962  18  0.902   0.748 Y  0.570      SignalP-noTM
NZ_CP028715.1_96           0.140  32  0.290  27  0.863   3  0.713   0.455 Y  0.450      SignalP-TM
NZ_CP028715.1_96           0.162  21  0.358  21  0.931   2  0.833   0.582 Y  0.570      SignalP-noTM
NZ_CP028715.1_99           0.347  41  0.451  41  0.880  23  0.718   0.555 Y  0.450      SignalP-TM
