CP065320.1_1025            0.508  42  0.544  42  0.786  27  0.480   0.519 Y  0.450      SignalP-TM
CP065320.1_104             0.240  29  0.365  29  0.884  17  0.690   0.492 Y  0.450      SignalP-TM
CP065320.1_104             0.384  22  0.558  22  0.913   1  0.821   0.682 Y  0.570      SignalP-noTM
CP065320.1_105             0.258  23  0.419  23  0.740  13  0.606   0.492 Y  0.450      SignalP-TM
CP065320.1_1063            0.260  20  0.468  20  0.907  13  0.813   0.630 Y  0.570      SignalP-noTM
CP065320.1_1063            0.306  28  0.385  28  0.836  13  0.627   0.480 Y  0.450      SignalP-TM
CP065320.1_1066            0.213  25  0.381  25  0.892   6  0.759   0.528 Y  0.450      SignalP-TM
CP065320.1_1141            0.739  23  0.658  23  0.678  20  0.518   0.606 Y  0.510      SignalP-TM
CP065320.1_1158            0.482  24  0.652  24  0.947   7  0.896   0.747 Y  0.450      SignalP-TM
CP065320.1_1158            0.843  23  0.868  23  0.957  21  0.893   0.880 Y  0.570      SignalP-noTM
CP065320.1_1167            0.192  27  0.385  27  0.952  13  0.850   0.567 Y  0.450      SignalP-TM
CP065320.1_1167            0.277  22  0.494  22  0.956   2  0.910   0.690 Y  0.570      SignalP-noTM
CP065320.1_1194            0.169  25  0.338  25  0.848  18  0.686   0.473 Y  0.450      SignalP-TM
CP065320.1_1194            0.244  20  0.448  20  0.887   4  0.832   0.629 Y  0.570      SignalP-noTM
CP065320.1_1258            0.338  29  0.487  29  0.872   4  0.764   0.595 Y  0.450      SignalP-TM
CP065320.1_1258            0.356  27  0.533  27  0.937  20  0.844   0.679 Y  0.570      SignalP-noTM
CP065320.1_1263            0.567  37  0.687  37  0.949  26  0.739   0.711 Y  0.570      SignalP-noTM
CP065320.1_1263            0.591  37  0.695  37  0.909  26  0.632   0.671 Y  0.450      SignalP-TM
CP065320.1_1268            0.247  23  0.387  23  0.777   7  0.640   0.486 Y  0.450      SignalP-TM
CP065320.1_1277            0.464  25  0.657  25  0.967  16  0.939   0.767 Y  0.450      SignalP-TM
CP065320.1_1277            0.718  25  0.805  25  0.972  10  0.924   0.861 Y  0.570      SignalP-noTM
CP065320.1_1280            0.423  30  0.571  30  0.984  16  0.872   0.689 Y  0.450      SignalP-TM
CP065320.1_1280            0.504  22  0.698  22  0.986  12  0.959   0.820 Y  0.570      SignalP-noTM
CP065320.1_1282            0.382  26  0.496  26  0.825  22  0.504   0.499 Y  0.450      SignalP-TM
CP065320.1_1291            0.116  36  0.281  13  0.869   9  0.799   0.483 Y  0.450      SignalP-TM
CP065320.1_1294            0.192  25  0.358  25  0.894   7  0.746   0.509 Y  0.450      SignalP-TM
CP065320.1_1294            0.238  25  0.429  25  0.933   2  0.801   0.604 Y  0.570      SignalP-noTM
CP065320.1_1318            0.179  24  0.390  24  0.932   2  0.873   0.578 Y  0.450      SignalP-TM
CP065320.1_136             0.536  24  0.587  24  0.842  19  0.681   0.623 Y  0.450      SignalP-TM
CP065320.1_136             0.643  24  0.670  24  0.945   1  0.737   0.701 Y  0.570      SignalP-noTM
CP065320.1_138             0.635  30  0.492  30  0.753   5  0.551   0.515 Y  0.450      SignalP-TM
CP065320.1_1399            0.307  32  0.461  32  0.847   8  0.745   0.572 Y  0.450      SignalP-TM
CP065320.1_1399            0.318  28  0.485  28  0.877  24  0.778   0.623 Y  0.570      SignalP-noTM
CP065320.1_140             0.139  24  0.339  19  0.923   1  0.853   0.581 Y  0.570      SignalP-noTM
CP065320.1_140             0.404  27  0.542  27  0.822   3  0.750   0.623 Y  0.450      SignalP-TM
CP065320.1_1421            0.747  25  0.827  25  0.948   9  0.918   0.863 Y  0.450      SignalP-TM
CP065320.1_1421            0.849  25  0.891  25  0.981   5  0.954   0.921 Y  0.570      SignalP-noTM
CP065320.1_1425            0.216  26  0.439  26  0.975  17  0.908   0.659 Y  0.570      SignalP-noTM
CP065320.1_1425            0.312  27  0.488  27  0.872   5  0.775   0.600 Y  0.450      SignalP-TM
CP065320.1_1437            0.163  25  0.348  25  0.856  18  0.725   0.495 Y  0.450      SignalP-TM
CP065320.1_1437            0.201  20  0.403  20  0.910   3  0.831   0.604 Y  0.570      SignalP-noTM
CP065320.1_1440            0.240  22  0.440  22  0.944   1  0.824   0.620 Y  0.570      SignalP-noTM
CP065320.1_1440            0.306  22  0.523  22  0.961   4  0.914   0.676 Y  0.450      SignalP-TM
CP065320.1_1441            0.226  23  0.348  23  0.805   5  0.610   0.450 Y  0.450      SignalP-TM
CP065320.1_1445            0.149  47  0.274  14  0.796   6  0.735   0.454 Y  0.450      SignalP-TM
CP065320.1_1473            0.170  27  0.339  20  0.921  16  0.864   0.586 Y  0.570      SignalP-noTM
CP065320.1_1473            0.315  27  0.489  27  0.916   3  0.821   0.619 Y  0.450      SignalP-TM
CP065320.1_1525            0.237  50  0.318  25  0.930  13  0.834   0.519 Y  0.450      SignalP-TM
CP065320.1_1525            0.396  22  0.602  22  0.946   6  0.920   0.751 Y  0.570      SignalP-noTM
CP065320.1_1545            0.203  26  0.419  26  0.976  14  0.906   0.648 Y  0.570      SignalP-noTM
CP065320.1_1545            0.258  33  0.460  26  0.967  12  0.904   0.633 Y  0.450      SignalP-TM
CP065320.1_1546            0.330  25  0.546  25  0.950  18  0.876   0.675 Y  0.450      SignalP-TM
CP065320.1_1546            0.623  25  0.760  25  0.971  17  0.936   0.842 Y  0.570      SignalP-noTM
CP065320.1_1550            0.315  21  0.552  21  0.979  11  0.956   0.742 Y  0.570      SignalP-noTM
CP065320.1_1550            0.412  30  0.538  30  0.932  14  0.813   0.645 Y  0.450      SignalP-TM
CP065320.1_1618            0.143  20  0.348  20  0.924   3  0.871   0.594 Y  0.570      SignalP-noTM
CP065320.1_1618            0.216  26  0.384  26  0.905   4  0.767   0.533 Y  0.450      SignalP-TM
CP065320.1_167             0.230  38  0.398  38  0.738  41  0.615   0.482 Y  0.450      SignalP-TM
CP065320.1_168             0.475  24  0.595  24  0.901  18  0.688   0.631 Y  0.450      SignalP-TM
CP065320.1_168             0.542  24  0.603  24  0.857   1  0.693   0.645 Y  0.570      SignalP-noTM
CP065320.1_1707            0.444  25  0.638  25  0.960   5  0.931   0.752 Y  0.450      SignalP-TM
CP065320.1_1707            0.611  25  0.723  25  0.969  10  0.904   0.808 Y  0.570      SignalP-noTM
CP065320.1_1742            0.217  26  0.375  26  0.915   5  0.754   0.523 Y  0.450      SignalP-TM
CP065320.1_1742            0.397  20  0.593  20  0.952   4  0.902   0.738 Y  0.570      SignalP-noTM
CP065320.1_1748            0.217  32  0.323  23  0.932  10  0.773   0.498 Y  0.450      SignalP-TM
CP065320.1_1748            0.524  23  0.609  23  0.832   7  0.736   0.656 Y  0.510      SignalP-TM
CP065320.1_1785            0.327  27  0.432  27  0.744  19  0.585   0.492 Y  0.450      SignalP-TM
CP065320.1_1803            0.678  19  0.654  19  0.811  17  0.628   0.642 Y  0.570      SignalP-noTM
CP065320.1_1819            0.191  27  0.348  27  0.814  12  0.698   0.485 Y  0.450      SignalP-TM
CP065320.1_1822            0.320  20  0.540  20  0.963  18  0.886   0.675 Y  0.450      SignalP-TM
CP065320.1_1822            0.635  20  0.762  20  0.938  17  0.907   0.830 Y  0.570      SignalP-noTM
CP065320.1_1870            0.252  20  0.412  20  0.890   4  0.726   0.534 Y  0.450      SignalP-TM
CP065320.1_1870            0.474  20  0.514  20  0.896   1  0.651   0.564 Y  0.510      SignalP-TM
CP065320.1_1878            0.226  23  0.458  23  0.976   8  0.940   0.685 Y  0.570      SignalP-noTM
CP065320.1_1878            0.299  30  0.516  23  0.976   8  0.952   0.686 Y  0.450      SignalP-TM
CP065320.1_1909            0.579  30  0.668  30  0.946  22  0.785   0.723 Y  0.570      SignalP-noTM
CP065320.1_1909            0.696  30  0.756  30  0.892  17  0.798   0.772 Y  0.450      SignalP-TM
CP065320.1_1910            0.575  30  0.659  30  0.943  22  0.791   0.721 Y  0.570      SignalP-noTM
CP065320.1_1910            0.599  30  0.710  30  0.910   9  0.829   0.756 Y  0.450      SignalP-TM
CP065320.1_1918            0.140  24  0.336  24  0.931  16  0.822   0.525 Y  0.450      SignalP-TM
CP065320.1_1918            0.219  22  0.427  22  0.947  17  0.855   0.628 Y  0.570      SignalP-noTM
CP065320.1_1969            0.445  32  0.556  32  0.898  13  0.762   0.636 Y  0.450      SignalP-TM
CP065320.1_1969            0.582  32  0.571  32  0.681  30  0.534   0.557 Y  0.510      SignalP-TM
CP065320.1_197             0.318  33  0.381  21  0.981  16  0.947   0.647 Y  0.570      SignalP-noTM
CP065320.1_197             0.565  33  0.494  33  0.906   7  0.680   0.566 Y  0.450      SignalP-TM
CP065320.1_1970            0.605  31  0.731  31  0.923  27  0.840   0.774 Y  0.450      SignalP-TM
CP065320.1_1970            0.667  30  0.786  30  0.963  21  0.900   0.839 Y  0.570      SignalP-noTM
CP065320.1_1971            0.332  29  0.499  29  0.856  15  0.755   0.599 Y  0.450      SignalP-TM
CP065320.1_1971            0.702  29  0.744  29  0.919  10  0.821   0.780 Y  0.570      SignalP-noTM
CP065320.1_1972            0.399  26  0.550  26  0.915   6  0.806   0.670 Y  0.570      SignalP-noTM
CP065320.1_1972            0.402  26  0.533  26  0.831  24  0.701   0.599 Y  0.450      SignalP-TM
CP065320.1_1973            0.214  30  0.414  30  0.928   6  0.846   0.582 Y  0.450      SignalP-TM
CP065320.1_1988            0.392  34  0.547  34  0.841  27  0.663   0.593 Y  0.450      SignalP-TM
CP065320.1_2086            0.201  24  0.440  24  0.973  16  0.896   0.618 Y  0.450      SignalP-TM
CP065320.1_2086            0.278  24  0.515  24  0.977  16  0.941   0.715 Y  0.570      SignalP-noTM
CP065320.1_2097            0.684  27  0.534  27  0.609  19  0.405   0.484 Y  0.450      SignalP-TM
CP065320.1_2103            0.629  26  0.634  26  0.896  17  0.752   0.689 Y  0.570      SignalP-noTM
CP065320.1_2111            0.176  21  0.378  21  0.932   3  0.852   0.601 Y  0.570      SignalP-noTM
CP065320.1_2111            0.330  26  0.496  26  0.907  13  0.809   0.618 Y  0.450      SignalP-TM
CP065320.1_2115            0.329  23  0.484  23  0.817   8  0.730   0.580 Y  0.450      SignalP-TM
CP065320.1_2115            0.695  23  0.750  23  0.910  13  0.838   0.791 Y  0.570      SignalP-noTM
CP065320.1_2117            0.297  24  0.464  24  0.863   8  0.765   0.581 Y  0.450      SignalP-TM
CP065320.1_2117            0.500  24  0.656  24  0.973  16  0.903   0.772 Y  0.570      SignalP-noTM
CP065320.1_2139            0.765  28  0.816  28  0.936  14  0.889   0.844 Y  0.450      SignalP-TM
CP065320.1_216             0.291  25  0.475  25  0.954   5  0.843   0.618 Y  0.450      SignalP-TM
CP065320.1_216             0.385  20  0.584  20  0.953   2  0.910   0.737 Y  0.570      SignalP-noTM
CP065320.1_2176            0.176  27  0.381  27  0.928   8  0.842   0.598 Y  0.570      SignalP-noTM
CP065320.1_2176            0.185  34  0.358  34  0.918  16  0.791   0.527 Y  0.450      SignalP-TM
CP065320.1_2315            0.313  27  0.546  27  0.972  17  0.949   0.736 Y  0.570      SignalP-noTM
CP065320.1_2315            0.400  27  0.593  27  0.932  25  0.805   0.676 Y  0.450      SignalP-TM
CP065320.1_2325            0.226  30  0.370  30  0.973  17  0.797   0.571 Y  0.570      SignalP-noTM
CP065320.1_2325            0.356  30  0.529  30  0.948  18  0.803   0.635 Y  0.450      SignalP-TM
CP065320.1_2333            0.292  22  0.508  22  0.937  17  0.828   0.633 Y  0.450      SignalP-TM
CP065320.1_2333            0.484  22  0.635  22  0.898  18  0.831   0.727 Y  0.570      SignalP-noTM
CP065320.1_2372            0.151  29  0.344  21  0.942   8  0.907   0.564 Y  0.450      SignalP-TM
CP065320.1_2372            0.465  19  0.658  19  0.954  18  0.933   0.787 Y  0.570      SignalP-noTM
CP065320.1_2373            0.167  19  0.394  19  0.948  16  0.906   0.594 Y  0.450      SignalP-TM
CP065320.1_2373            0.621  19  0.763  19  0.956  18  0.937   0.845 Y  0.570      SignalP-noTM
CP065320.1_2389            0.257  23  0.378  23  0.670   1  0.584   0.458 Y  0.450      SignalP-TM
CP065320.1_2602            0.147  24  0.305  22  0.846   5  0.720   0.467 Y  0.450      SignalP-TM
CP065320.1_262             0.683  25  0.789  25  0.965  19  0.905   0.834 Y  0.450      SignalP-TM
CP065320.1_262             0.859  25  0.844  25  0.926  18  0.851   0.847 Y  0.570      SignalP-noTM
CP065320.1_2623            0.197  25  0.388  25  0.944   1  0.821   0.592 Y  0.570      SignalP-noTM
CP065320.1_2623            0.295  25  0.526  25  0.973  14  0.927   0.682 Y  0.450      SignalP-TM
CP065320.1_2630            0.496  42  0.564  42  0.776  37  0.471   0.528 Y  0.450      SignalP-TM
CP065320.1_2645            0.431  30  0.568  22  0.959   9  0.920   0.733 Y  0.570      SignalP-noTM
CP065320.1_2645            0.559  30  0.658  30  0.969  11  0.865   0.738 Y  0.450      SignalP-TM
CP065320.1_2675            0.405  24  0.542  24  0.886  21  0.617   0.572 Y  0.450      SignalP-TM
CP065320.1_2675            0.446  24  0.550  24  0.825  15  0.648   0.596 Y  0.570      SignalP-noTM
CP065320.1_2679            0.323  25  0.473  25  0.876  18  0.596   0.521 Y  0.450      SignalP-TM
CP065320.1_2689            0.169  20  0.354  20  0.795  18  0.692   0.486 Y  0.450      SignalP-TM
CP065320.1_2708            0.565  21  0.705  21  0.974  19  0.889   0.776 Y  0.450      SignalP-TM
CP065320.1_2708            0.690  21  0.790  21  0.941  19  0.883   0.834 Y  0.570      SignalP-noTM
CP065320.1_2719            0.439  55  0.447  55  0.755  23  0.520   0.475 Y  0.450      SignalP-TM
CP065320.1_2720            0.214  30  0.400  26  0.956  13  0.849   0.611 Y  0.570      SignalP-noTM
CP065320.1_2720            0.465  30  0.581  30  0.955   7  0.832   0.679 Y  0.450      SignalP-TM
CP065320.1_2736            0.187  31  0.317  31  0.889  12  0.707   0.469 Y  0.450      SignalP-TM
CP065320.1_2737            0.812  31  0.706  31  0.841  18  0.667   0.691 Y  0.450      SignalP-TM
CP065320.1_275             0.131  26  0.308  20  0.873   5  0.792   0.496 Y  0.450      SignalP-TM
CP065320.1_275             0.645  20  0.794  20  0.987  14  0.970   0.877 Y  0.570      SignalP-noTM
CP065320.1_276             0.479  28  0.666  28  0.944  18  0.904   0.759 Y  0.450      SignalP-TM
CP065320.1_276             0.703  28  0.809  28  0.985  12  0.949   0.874 Y  0.570      SignalP-noTM
CP065320.1_2760            0.559  26  0.619  26  0.955  10  0.810   0.709 Y  0.570      SignalP-noTM
CP065320.1_2760            0.647  26  0.741  26  0.927   2  0.871   0.792 Y  0.450      SignalP-TM
CP065320.1_2768            0.407  24  0.575  24  0.889  15  0.796   0.661 Y  0.450      SignalP-TM
CP065320.1_2768            0.408  24  0.625  24  0.972  21  0.932   0.770 Y  0.570      SignalP-noTM
CP065320.1_2777            0.237  23  0.410  23  0.893  14  0.733   0.536 Y  0.450      SignalP-TM
CP065320.1_2777            0.436  23  0.571  23  0.956  15  0.808   0.683 Y  0.570      SignalP-noTM
CP065320.1_2819            0.195  21  0.429  21  0.954  12  0.920   0.621 Y  0.450      SignalP-TM
CP065320.1_2819            0.440  25  0.652  25  0.980  17  0.952   0.793 Y  0.570      SignalP-noTM
CP065320.1_2825            0.172  23  0.356  23  0.860   1  0.768   0.516 Y  0.450      SignalP-TM
CP065320.1_2825            0.209  20  0.418  20  0.923   1  0.854   0.623 Y  0.570      SignalP-noTM
CP065320.1_284             0.219  25  0.418  25  0.944  14  0.849   0.586 Y  0.450      SignalP-TM
CP065320.1_284             0.304  25  0.481  25  0.977  15  0.854   0.656 Y  0.570      SignalP-noTM
CP065320.1_2849            0.300  27  0.477  27  0.865  21  0.681   0.557 Y  0.450      SignalP-TM
CP065320.1_2849            0.344  27  0.513  27  0.942  18  0.806   0.651 Y  0.570      SignalP-noTM
CP065320.1_2850            0.306  32  0.498  27  0.948  12  0.888   0.681 Y  0.570      SignalP-noTM
CP065320.1_2850            0.384  32  0.524  32  0.940  12  0.812   0.636 Y  0.450      SignalP-TM
CP065320.1_2859            0.199  22  0.398  22  0.885   2  0.816   0.594 Y  0.570      SignalP-noTM
CP065320.1_2859            0.212  27  0.357  27  0.787   1  0.644   0.469 Y  0.450      SignalP-TM
CP065320.1_2901            0.416  20  0.626  20  0.964   2  0.945   0.776 Y  0.570      SignalP-noTM
CP065320.1_2901            0.608  25  0.722  25  0.943  18  0.883   0.785 Y  0.450      SignalP-TM
CP065320.1_2909            0.349  26  0.462  26  0.673  18  0.593   0.513 Y  0.450      SignalP-TM
CP065320.1_2924            0.333  23  0.424  23  0.773  16  0.537   0.469 Y  0.450      SignalP-TM
CP065320.1_293             0.150  26  0.278  12  0.846   6  0.775   0.472 Y  0.450      SignalP-TM
CP065320.1_2970            0.254  24  0.480  24  0.953   7  0.921   0.652 Y  0.450      SignalP-TM
CP065320.1_2996            0.259  24  0.462  24  0.912  18  0.819   0.602 Y  0.450      SignalP-TM
CP065320.1_3005            0.344  33  0.438  33  0.986  19  0.807   0.611 Y  0.570      SignalP-noTM
CP065320.1_3005            0.372  33  0.486  33  0.897  15  0.752   0.590 Y  0.450      SignalP-TM
CP065320.1_3048            0.607  25  0.768  25  0.986  21  0.964   0.845 Y  0.450      SignalP-TM
CP065320.1_3048            0.802  25  0.888  25  0.996  12  0.982   0.932 Y  0.570      SignalP-noTM
CP065320.1_3146            0.463  29  0.491  29  0.653  23  0.466   0.481 Y  0.450      SignalP-TM
CP065320.1_3154            0.431  27  0.503  27  0.795  11  0.640   0.557 Y  0.450      SignalP-TM
CP065320.1_3163            0.192  30  0.380  30  0.978  17  0.862   0.606 Y  0.570      SignalP-noTM
CP065320.1_3163            0.348  30  0.556  30  0.975  16  0.922   0.699 Y  0.450      SignalP-TM
CP065320.1_3167            0.351  36  0.349  25  0.965  15  0.907   0.611 Y  0.570      SignalP-noTM
CP065320.1_3167            0.554  36  0.579  29  0.949  14  0.829   0.676 Y  0.450      SignalP-TM
CP065320.1_3180            0.185  27  0.403  27  0.927  22  0.868   0.584 Y  0.450      SignalP-TM
CP065320.1_3201            0.176  26  0.375  26  0.880  22  0.775   0.531 Y  0.450      SignalP-TM
CP065320.1_3201            0.219  22  0.404  22  0.942   3  0.799   0.590 Y  0.570      SignalP-noTM
CP065320.1_3292            0.629  27  0.758  27  0.971  12  0.919   0.834 Y  0.570      SignalP-noTM
CP065320.1_3292            0.694  30  0.766  30  0.958  12  0.877   0.810 Y  0.450      SignalP-TM
CP065320.1_3314            0.168  21  0.369  21  0.913   3  0.838   0.590 Y  0.570      SignalP-noTM
CP065320.1_3314            0.240  25  0.447  25  0.931   3  0.872   0.613 Y  0.450      SignalP-TM
CP065320.1_3344            0.535  25  0.694  25  0.970  14  0.924   0.802 Y  0.570      SignalP-noTM
CP065320.1_3344            0.749  25  0.822  25  0.944  10  0.896   0.851 Y  0.450      SignalP-TM
CP065320.1_3358            0.178  31  0.274  13  0.781   2  0.754   0.461 Y  0.450      SignalP-TM
CP065320.1_3374            0.260  27  0.404  27  0.949   7  0.783   0.582 Y  0.570      SignalP-noTM
CP065320.1_3374            0.265  30  0.393  30  0.935  13  0.765   0.538 Y  0.450      SignalP-TM
CP065320.1_3383            0.646  26  0.753  26  0.917  14  0.875   0.801 Y  0.450      SignalP-TM
CP065320.1_3383            0.713  26  0.736  26  0.920  11  0.825   0.778 Y  0.570      SignalP-noTM
CP065320.1_3384            0.328  34  0.502  34  0.960  16  0.797   0.617 Y  0.450      SignalP-TM
CP065320.1_3384            0.446  29  0.614  29  0.940  18  0.772   0.672 Y  0.510      SignalP-TM
CP065320.1_345             0.467  33  0.422  33  0.868   3  0.623   0.500 Y  0.450      SignalP-TM
CP065320.1_3487            0.232  25  0.433  25  0.927   3  0.858   0.598 Y  0.450      SignalP-TM
CP065320.1_3487            0.403  22  0.616  22  0.961  11  0.943   0.769 Y  0.570      SignalP-noTM
CP065320.1_354             0.151  24  0.329  24  0.847  19  0.731   0.485 Y  0.450      SignalP-TM
CP065320.1_355             0.161  24  0.380  24  0.960   9  0.911   0.587 Y  0.450      SignalP-TM
CP065320.1_355             0.224  25  0.424  25  0.941  10  0.855   0.626 Y  0.570      SignalP-noTM
CP065320.1_356             0.176  22  0.382  19  0.946   1  0.854   0.604 Y  0.570      SignalP-noTM
CP065320.1_356             0.181  24  0.371  24  0.912   2  0.810   0.543 Y  0.450      SignalP-TM
CP065320.1_3578            0.202  24  0.416  24  0.954  18  0.874   0.631 Y  0.570      SignalP-noTM
CP065320.1_3578            0.425  28  0.603  28  0.972  18  0.894   0.717 Y  0.450      SignalP-TM
CP065320.1_361             0.174  37  0.343  37  0.852  27  0.623   0.452 Y  0.450      SignalP-TM
CP065320.1_3674            0.499  23  0.598  23  0.920  12  0.775   0.681 Y  0.570      SignalP-noTM
CP065320.1_3674            0.616  23  0.727  23  0.912  13  0.850   0.775 Y  0.450      SignalP-TM
CP065320.1_3696            0.171  36  0.284  13  0.854   9  0.801   0.486 Y  0.450      SignalP-TM
CP065320.1_3722            0.136  24  0.311  24  0.862  19  0.719   0.470 Y  0.450      SignalP-TM
CP065320.1_3749            0.171  23  0.374  23  0.951   2  0.849   0.597 Y  0.570      SignalP-noTM
CP065320.1_3749            0.225  24  0.428  24  0.924   5  0.845   0.591 Y  0.450      SignalP-TM
CP065320.1_3766            0.314  24  0.485  24  0.886   8  0.776   0.598 Y  0.450      SignalP-TM
CP065320.1_3766            0.662  24  0.693  24  0.911  12  0.778   0.733 Y  0.570      SignalP-noTM
CP065320.1_3768            0.185  21  0.396  21  0.906   2  0.849   0.573 Y  0.450      SignalP-TM
CP065320.1_3769            0.308  24  0.482  24  0.935   1  0.828   0.645 Y  0.570      SignalP-noTM
CP065320.1_3769            0.327  24  0.522  24  0.945  14  0.862   0.654 Y  0.450      SignalP-TM
CP065320.1_3876            0.174  25  0.347  25  0.791  23  0.641   0.462 Y  0.450      SignalP-TM
CP065320.1_3885            0.278  29  0.409  29  0.756  20  0.659   0.507 Y  0.450      SignalP-TM
CP065320.1_3886            0.413  26  0.583  26  0.941  17  0.845   0.706 Y  0.570      SignalP-noTM
CP065320.1_3909            0.186  19  0.393  19  0.928   2  0.856   0.610 Y  0.570      SignalP-noTM
CP065320.1_3909            0.208  28  0.355  28  0.860   5  0.713   0.495 Y  0.450      SignalP-TM
CP065320.1_3912            0.669  22  0.638  22  0.773   1  0.605   0.622 Y  0.570      SignalP-noTM
CP065320.1_3912            0.676  22  0.720  22  0.907  19  0.748   0.731 Y  0.450      SignalP-TM
CP065320.1_3940            0.197  24  0.391  24  0.949  14  0.847   0.605 Y  0.570      SignalP-noTM
CP065320.1_3940            0.242  23  0.440  23  0.927   6  0.845   0.598 Y  0.450      SignalP-TM
CP065320.1_3963            0.241  25  0.449  25  0.945   6  0.875   0.615 Y  0.450      SignalP-TM
CP065320.1_3963            0.445  25  0.602  25  0.954   2  0.870   0.728 Y  0.570      SignalP-noTM
CP065320.1_3971            0.151  36  0.289  23  0.799   6  0.760   0.473 Y  0.450      SignalP-TM
CP065320.1_3971            0.210  23  0.398  23  0.872   7  0.785   0.541 Y  0.510      SignalP-TM
CP065320.1_4008            0.316  26  0.501  26  0.962   7  0.864   0.642 Y  0.450      SignalP-TM
CP065320.1_4008            0.409  21  0.596  21  0.945   1  0.882   0.731 Y  0.570      SignalP-noTM
CP065320.1_4033            0.140  37  0.299  23  0.906  12  0.747   0.474 Y  0.450      SignalP-TM
CP065320.1_4061            0.142  38  0.320  25  0.811  21  0.703   0.469 Y  0.450      SignalP-TM
CP065320.1_4071            0.191  29  0.281  17  0.860   9  0.792   0.480 Y  0.450      SignalP-TM
CP065320.1_4077            0.174  24  0.380  24  0.943  11  0.831   0.556 Y  0.450      SignalP-TM
CP065320.1_4084            0.120  35  0.275  18  0.816   9  0.728   0.452 Y  0.450      SignalP-TM
CP065320.1_4119            0.287  45  0.431  24  0.904   8  0.846   0.593 Y  0.450      SignalP-TM
CP065320.1_4119            0.436  25  0.652  25  0.992  21  0.963   0.798 Y  0.570      SignalP-noTM
CP065320.1_4124            0.338  29  0.425  29  0.707  19  0.535   0.468 Y  0.450      SignalP-TM
CP065320.1_4127            0.552  21  0.674  21  0.893  15  0.823   0.732 Y  0.450      SignalP-TM
CP065320.1_4127            0.790  21  0.868  21  0.974  15  0.929   0.897 Y  0.570      SignalP-noTM
CP065320.1_415             0.748  27  0.764  27  0.914   9  0.809   0.782 Y  0.450      SignalP-TM
CP065320.1_415             0.790  27  0.820  27  0.978  19  0.900   0.857 Y  0.570      SignalP-noTM
CP065320.1_416             0.738  30  0.665  30  0.977  11  0.804   0.731 Y  0.570      SignalP-noTM
CP065320.1_416             0.796  30  0.798  30  0.978  11  0.890   0.833 Y  0.450      SignalP-TM
CP065320.1_4237            0.128  28  0.282  11  0.862   6  0.818   0.491 Y  0.450      SignalP-TM
CP065320.1_4237            0.204  19  0.444  19  0.980  12  0.964   0.688 Y  0.570      SignalP-noTM
CP065320.1_4306            0.169  24  0.348  24  0.834  18  0.724   0.495 Y  0.450      SignalP-TM
CP065320.1_4306            0.203  22  0.406  20  0.919   2  0.832   0.606 Y  0.570      SignalP-noTM
CP065320.1_434             0.541  42  0.600  42  0.825  38  0.523   0.570 Y  0.450      SignalP-TM
CP065320.1_435             0.340  30  0.438  30  0.720  28  0.501   0.463 Y  0.450      SignalP-TM
CP065320.1_446             0.132  25  0.317  25  0.900   8  0.806   0.508 Y  0.450      SignalP-TM
CP065320.1_446             0.271  20  0.506  20  0.957  17  0.946   0.713 Y  0.570      SignalP-noTM
CP065320.1_467             0.166  30  0.375  30  0.978  14  0.908   0.625 Y  0.570      SignalP-noTM
CP065320.1_467             0.226  31  0.321  31  0.899   8  0.653   0.450 Y  0.450      SignalP-TM
CP065320.1_468             0.180  30  0.319  30  0.883  17  0.722   0.476 Y  0.450      SignalP-TM
CP065320.1_487             0.511  26  0.668  26  0.948  17  0.899   0.758 Y  0.450      SignalP-TM
CP065320.1_487             0.738  22  0.835  21  0.968  17  0.947   0.887 Y  0.570      SignalP-noTM
CP065320.1_490             0.246  28  0.441  23  0.973  10  0.922   0.667 Y  0.570      SignalP-noTM
CP065320.1_490             0.600  28  0.570  28  0.947   9  0.731   0.633 Y  0.450      SignalP-TM
CP065320.1_50              0.208  25  0.390  25  0.939   7  0.815   0.556 Y  0.450      SignalP-TM
CP065320.1_50              0.299  21  0.510  21  0.939   1  0.876   0.682 Y  0.570      SignalP-noTM
CP065320.1_504             0.712  30  0.619  30  0.743  24  0.331   0.507 Y  0.450      SignalP-TM
CP065320.1_508             0.491  31  0.434  31  0.677  16  0.476   0.450 Y  0.450      SignalP-TM
CP065320.1_517             0.391  37  0.508  37  0.886  23  0.712   0.587 Y  0.450      SignalP-TM
CP065320.1_530             0.237  21  0.445  21  0.920   4  0.858   0.639 Y  0.570      SignalP-noTM
CP065320.1_530             0.261  27  0.446  27  0.901  17  0.814   0.590 Y  0.450      SignalP-TM
CP065320.1_534             0.414  25  0.611  25  0.976  16  0.918   0.755 Y  0.570      SignalP-noTM
CP065320.1_534             0.477  27  0.560  27  0.867   8  0.738   0.629 Y  0.450      SignalP-TM
CP065320.1_538             0.326  28  0.421  28  0.741  26  0.607   0.494 Y  0.450      SignalP-TM
CP065320.1_548             0.145  27  0.300  26  0.860  10  0.731   0.468 Y  0.450      SignalP-TM
CP065320.1_556             0.258  28  0.368  28  0.857  14  0.673   0.487 Y  0.450      SignalP-TM
CP065320.1_566             0.179  30  0.376  23  0.906  11  0.827   0.552 Y  0.450      SignalP-TM
CP065320.1_575             0.355  24  0.510  24  0.839  17  0.729   0.595 Y  0.450      SignalP-TM
CP065320.1_615             0.366  35  0.485  35  0.914   9  0.765   0.594 Y  0.450      SignalP-TM
CP065320.1_615             0.455  35  0.657  24  0.992  11  0.966   0.803 Y  0.570      SignalP-noTM
CP065320.1_624             0.273  39  0.326  26  0.863  22  0.766   0.498 Y  0.450      SignalP-TM
CP065320.1_625             0.614  25  0.723  25  0.923  21  0.849   0.772 Y  0.450      SignalP-TM
CP065320.1_625             0.668  25  0.697  25  0.892  11  0.791   0.741 Y  0.570      SignalP-noTM
CP065320.1_650             0.553  29  0.560  29  0.923  19  0.744   0.647 Y  0.570      SignalP-noTM
CP065320.1_650             0.556  29  0.562  29  0.857  16  0.698   0.615 Y  0.450      SignalP-TM
CP065320.1_664             0.177  24  0.388  24  0.927  17  0.859   0.609 Y  0.570      SignalP-noTM
CP065320.1_664             0.304  32  0.451  32  0.890  15  0.774   0.577 Y  0.450      SignalP-TM
CP065320.1_697             0.203  24  0.365  24  0.765  18  0.624   0.466 Y  0.450      SignalP-TM
CP065320.1_7               0.203  22  0.423  22  0.941  19  0.871   0.598 Y  0.450      SignalP-TM
CP065320.1_7               0.612  22  0.754  22  0.964  20  0.936   0.839 Y  0.570      SignalP-noTM
CP065320.1_70              0.338  23  0.448  23  0.743   3  0.639   0.522 Y  0.450      SignalP-TM
CP065320.1_70              0.766  23  0.835  23  0.935   8  0.913   0.871 Y  0.570      SignalP-noTM
CP065320.1_716             0.232  28  0.459  26  0.978  11  0.940   0.647 Y  0.450      SignalP-TM
CP065320.1_716             0.283  25  0.526  25  0.989  15  0.971   0.735 Y  0.570      SignalP-noTM
CP065320.1_752             0.489  31  0.581  31  0.928   7  0.802   0.667 Y  0.450      SignalP-TM
CP065320.1_752             0.659  31  0.772  31  0.988  17  0.938   0.850 Y  0.570      SignalP-noTM
CP065320.1_753             0.408  27  0.514  27  0.768  18  0.565   0.534 Y  0.450      SignalP-TM
CP065320.1_811             0.139  25  0.341  25  0.940   2  0.867   0.589 Y  0.570      SignalP-noTM
CP065320.1_811             0.215  27  0.408  27  0.881  21  0.765   0.547 Y  0.450      SignalP-TM
CP065320.1_837             0.810  23  0.567  23  0.641   6  0.457   0.524 Y  0.450      SignalP-TM
CP065320.1_844             0.129  32  0.272  14  0.828   2  0.735   0.452 Y  0.450      SignalP-TM
CP065320.1_865             0.680  32  0.662  32  0.820  25  0.556   0.621 Y  0.450      SignalP-TM
CP065320.1_884             0.626  32  0.559  32  0.883  19  0.675   0.613 Y  0.570      SignalP-noTM
CP065320.1_884             0.761  32  0.804  32  0.947  20  0.870   0.830 Y  0.450      SignalP-TM
CP065320.1_893             0.161  18  0.369  18  0.911   3  0.855   0.558 Y  0.450      SignalP-TM
CP065320.1_926             0.569  29  0.676  29  0.989  12  0.895   0.779 Y  0.570      SignalP-noTM
CP065320.1_926             0.773  29  0.843  29  0.961  14  0.907   0.868 Y  0.450      SignalP-TM
CP065320.1_938             0.295  25  0.503  25  0.972  13  0.893   0.655 Y  0.450      SignalP-TM
CP065320.1_938             0.434  20  0.637  20  0.970   9  0.940   0.780 Y  0.570      SignalP-noTM
CP065320.1_962             0.179  25  0.386  25  0.899  12  0.817   0.554 Y  0.450      SignalP-TM
CP065320.1_963             0.499  26  0.662  26  0.970   9  0.912   0.760 Y  0.450      SignalP-TM
CP065320.1_963             0.542  26  0.703  26  0.989  12  0.941   0.815 Y  0.570      SignalP-noTM
CP065320.1_985             0.390  21  0.582  21  0.960   5  0.898   0.706 Y  0.450      SignalP-TM
CP065320.1_985             0.744  21  0.829  21  0.962  10  0.927   0.875 Y  0.570      SignalP-noTM
