AAA	132	NZ_CP028714.1_1000	533	2.1e-09	1	100	211	321	0.75
GerE	57	NZ_CP028714.1_1003	902	1.3e-21	2	57	835	890	0.964912280702
TrmB	68	NZ_CP028714.1_1011	79	5.9e-08	18	59	11	53	0.602941176471
FeoA	74	NZ_CP028714.1_1013	76	3.7e-10	8	73	5	71	0.878378378378
Response_reg	112	NZ_CP028714.1_1016	240	1.4e-31	1	112	7	117	0.991071428571
Trans_reg_C	77	NZ_CP028714.1_1016	240	2.4e-24	2	77	157	232	0.974025974026
HisKA	64	NZ_CP028714.1_1017	451	2.3e-12	3	60	235	289	0.890625
HATPase_c	111	NZ_CP028714.1_1017	451	3.9e-21	6	109	337	438	0.927927927928
NUDIX	131	NZ_CP028714.1_1024	187	9e-15	2	109	46	150	0.81679389313
SKI	158	NZ_CP028714.1_1031	174	1.1e-58	1	157	13	170	0.987341772152
Aminotran_1_2	363	NZ_CP028714.1_1045	362	2.2e-10	48	259	54	232	0.581267217631
Pyr_redox_2	292	NZ_CP028714.1_1050	848	3.3e-53	2	277	5	292	0.941780821918
NIR_SIR_ferr	69	NZ_CP028714.1_1050	848	1.1e-13	3	68	560	622	0.942028985507
NIR_SIR	159	NZ_CP028714.1_1050	848	7.7e-17	3	142	633	757	0.874213836478
Aminotran_1_2	363	NZ_CP028714.1_1056	407	1.3e-08	104	332	155	368	0.628099173554
cNMP_binding	88	NZ_CP028714.1_1058	211	7e-26	3	87	23	109	0.954545454545
Crp	32	NZ_CP028714.1_1058	211	1.9e-17	1	32	166	197	0.96875
HTH_3	55	NZ_CP028714.1_106	164	3.2e-08	1	53	23	75	0.945454545455
HTH_7	45	NZ_CP028714.1_1070	241	1e-05	14	41	194	226	0.6
T2SSE	273	NZ_CP028714.1_1090	494	1.2e-94	2	272	114	380	0.989010989011
MerR	38	NZ_CP028714.1_1124	142	2.9e-14	1	38	3	40	0.973684210526
TrkA_C	70	NZ_CP028714.1_1127	459	1.8e-12	3	69	157	225	0.942857142857
TrkA_C	70	NZ_CP028714.1_1127	459	1.4e-11	8	69	390	451	0.871428571429
SBP_bac_3	225	NZ_CP028714.1_1143	342	2.1e-34	1	213	37	253	0.942222222222
TetR_N	47	NZ_CP028714.1_1148	221	7.9e-20	1	47	16	62	0.978723404255
HTH_8	42	NZ_CP028714.1_1151	99	4.1e-16	2	42	55	95	0.952380952381
PfkB	302	NZ_CP028714.1_1156	319	7.2e-48	35	298	35	304	0.870860927152
HTH_DeoR	57	NZ_CP028714.1_1157	272	6.2e-16	1	52	11	62	0.894736842105
DeoRC	160	NZ_CP028714.1_1157	272	2.5e-18	5	135	83	213	0.8125
Peripla_BP_1	279	NZ_CP028714.1_1159	297	2.2e-16	3	255	28	273	0.903225806452
AAA	132	NZ_CP028714.1_1160	500	8.4e-06	3	115	36	204	0.848484848485
PfkB	302	NZ_CP028714.1_1162	321	1.1e-45	35	297	34	296	0.867549668874
GGDEF	161	NZ_CP028714.1_1168	647	2.3e-34	1	160	224	380	0.987577639752
EAL	238	NZ_CP028714.1_1168	647	1.9e-39	4	236	403	628	0.974789915966
HTH_1	60	NZ_CP028714.1_1176	310	1.7e-21	1	60	4	63	0.983333333333
LysR_substrate	209	NZ_CP028714.1_1176	310	8.9e-41	4	206	90	290	0.966507177033
Arg_repressor	70	NZ_CP028714.1_1182	157	2e-28	1	69	5	74	0.971428571429
HTH_DeoR	57	NZ_CP028714.1_119	252	2.5e-22	1	57	6	62	0.982456140351
DeoRC	160	NZ_CP028714.1_119	252	2.4e-39	2	159	76	230	0.98125
GntR	64	NZ_CP028714.1_1192	261	1e-22	1	64	29	92	0.984375
Glucokinase	316	NZ_CP028714.1_1196	292	8.7e-05	1	109	4	114	0.341772151899
Pyr_redox_2	292	NZ_CP028714.1_1198	473	6.8e-28	1	292	147	459	0.996575342466
GATase_2	420	NZ_CP028714.1_1199	1518	1e-178	1	420	43	456	0.997619047619
PAS	113	NZ_CP028714.1_1201	779	1.2e-19	2	113	156	266	0.982300884956
HisKA	64	NZ_CP028714.1_1201	779	2.7e-17	2	63	283	346	0.953125
HATPase_c	111	NZ_CP028714.1_1201	779	4.4e-33	2	108	395	504	0.954954954955
Response_reg	112	NZ_CP028714.1_1201	779	6.3e-24	1	111	528	639	0.982142857143
Pkinase	264	NZ_CP028714.1_1204	211	2e-05	9	133	12	140	0.469696969697
PTS-HPr	82	NZ_CP028714.1_1205	91	6.5e-25	2	81	4	84	0.963414634146
SIS	131	NZ_CP028714.1_1214	329	1e-37	2	131	46	177	0.984732824427
CBS	57	NZ_CP028714.1_1214	329	7e-07	1	54	206	261	0.929824561404
CBS	57	NZ_CP028714.1_1214	329	2.1e-07	2	54	274	325	0.912280701754
STAS	117	NZ_CP028714.1_1220	98	1.5e-07	53	103	42	92	0.42735042735
EPSP_synthase	417	NZ_CP028714.1_1222	420	5.9e-133	1	417	6	406	0.997601918465
AAA	132	NZ_CP028714.1_1233	648	6.9e-48	1	131	191	323	0.984848484848
TPR_1	34	NZ_CP028714.1_1246	295	1.1e-05	1	33	62	94	0.941176470588
TPR_1	34	NZ_CP028714.1_1246	295	1.2e-07	2	34	97	129	0.941176470588
SIS	131	NZ_CP028714.1_1260	197	1.9e-07	48	108	104	167	0.458015267176
SIS	131	NZ_CP028714.1_1269	385	2.2e-32	1	130	48	188	0.984732824427
SIS	131	NZ_CP028714.1_1269	385	5.5e-26	2	131	221	357	0.984732824427
HTH_DeoR	57	NZ_CP028714.1_1276	270	7.1e-23	1	57	18	74	0.982456140351
DeoRC	160	NZ_CP028714.1_1276	270	3.9e-58	2	160	89	247	0.9875
HTH_1	60	NZ_CP028714.1_1284	313	7.1e-21	2	60	10	68	0.966666666667
LysR_substrate	209	NZ_CP028714.1_1284	313	1.9e-33	7	206	98	296	0.952153110048
PALP	294	NZ_CP028714.1_1285	330	7.6e-81	5	294	25	312	0.982993197279
HTH_1	60	NZ_CP028714.1_1295	299	5.3e-18	1	60	9	68	0.983333333333
LysR_substrate	209	NZ_CP028714.1_1295	299	2.4e-20	5	192	96	280	0.894736842105
GntR	64	NZ_CP028714.1_1305	259	1.7e-24	1	64	9	72	0.984375
HTH_12	66	NZ_CP028714.1_131	814	3.7e-15	2	64	23	83	0.939393939394
HTH_3	55	NZ_CP028714.1_1316	139	4.8e-09	1	54	84	135	0.963636363636
Pyr_redox_2	292	NZ_CP028714.1_1317	673	3.4e-26	2	243	376	635	0.825342465753
Rrf2	83	NZ_CP028714.1_132	142	4.9e-27	1	82	1	82	0.975903614458
LacI	46	NZ_CP028714.1_1323	328	1.1e-19	1	45	3	49	0.95652173913
Peripla_BP_3	164	NZ_CP028714.1_1323	328	3.4e-32	3	164	168	326	0.981707317073
PAS	113	NZ_CP028714.1_1326	507	1.2e-08	14	106	21	111	0.814159292035
MCPsignal	172	NZ_CP028714.1_1326	507	6.6e-48	3	170	319	472	0.970930232558
PadR	75	NZ_CP028714.1_1327	208	6.6e-18	1	74	67	136	0.973333333333
Sigma70_r2	71	NZ_CP028714.1_1330	614	1.8e-23	1	70	379	448	0.971830985915
Sigma70_r3	78	NZ_CP028714.1_1330	614	3.8e-31	1	76	458	533	0.961538461538
Sigma70_r4	50	NZ_CP028714.1_1330	614	1.1e-20	1	50	547	600	0.98
HTH_1	60	NZ_CP028714.1_1337	311	2.9e-17	2	60	9	67	0.966666666667
LysR_substrate	209	NZ_CP028714.1_1337	311	5.5e-37	3	208	93	296	0.980861244019
HD	122	NZ_CP028714.1_1341	413	3.4e-14	2	121	229	328	0.975409836066
CYTH	179	NZ_CP028714.1_1343	434	2.3e-40	2	179	3	196	0.988826815642
PfkB	302	NZ_CP028714.1_1345	478	5.4e-62	3	300	12	305	0.983443708609
NUDIX	131	NZ_CP028714.1_1364	210	1.5e-13	5	116	59	179	0.847328244275
HATPase_c	111	NZ_CP028714.1_1368	631	3.5e-18	2	109	28	171	0.963963963964
Peripla_BP_2	238	NZ_CP028714.1_1373	316	1.3e-21	48	211	97	254	0.68487394958
HTH_6	77	NZ_CP028714.1_1374	296	7.7e-12	6	72	15	81	0.857142857143
SIS	131	NZ_CP028714.1_1374	296	5.8e-15	1	110	137	246	0.832061068702
HisKA	64	NZ_CP028714.1_1380	450	3.9e-14	3	63	238	301	0.9375
HATPase_c	111	NZ_CP028714.1_1380	450	1.4e-17	6	100	353	442	0.846846846847
Response_reg	112	NZ_CP028714.1_1381	220	8.3e-24	1	111	3	112	0.982142857143
Trans_reg_C	77	NZ_CP028714.1_1381	220	1.1e-24	1	77	145	216	0.987012987013
GyrI-like	155	NZ_CP028714.1_1383	161	1.6e-33	2	154	7	159	0.98064516129
SBP_bac_5	377	NZ_CP028714.1_1384	536	1.9e-80	1	374	75	453	0.989389920424
DctP	286	NZ_CP028714.1_1390	328	7.5e-82	2	284	33	312	0.986013986014
GntR	64	NZ_CP028714.1_1394	250	1e-21	3	63	11	71	0.9375
HATPase_c	111	NZ_CP028714.1_140	616	5.2e-09	5	63	22	84	0.522522522523
HTH_18	81	NZ_CP028714.1_1400	319	1.9e-23	1	77	232	307	0.938271604938
Fer4	24	NZ_CP028714.1_1411	329	0.0001	3	18	42	57	0.625
Fer4	24	NZ_CP028714.1_1411	329	8.2e-08	2	23	139	160	0.875
Aminotran_1_2	363	NZ_CP028714.1_1429	391	9.8e-57	2	362	44	384	0.99173553719
GntR	64	NZ_CP028714.1_1434	255	1.4e-15	4	62	11	69	0.90625
T2SSE	273	NZ_CP028714.1_1446	498	1.1e-93	2	272	123	389	0.989010989011
SIS	131	NZ_CP028714.1_1468	328	1.2e-33	3	131	54	184	0.977099236641
CBS	57	NZ_CP028714.1_1468	328	3.5e-09	1	55	213	267	0.947368421053
CBS	57	NZ_CP028714.1_1468	328	2.1e-09	2	47	279	324	0.789473684211
Phage_AlpA	51	NZ_CP028714.1_1487	69	5.2e-10	4	51	13	59	0.921568627451
HTH_DeoR	57	NZ_CP028714.1_1494	261	1.6e-10	1	45	8	52	0.771929824561
DeoRC	160	NZ_CP028714.1_1494	261	8e-31	9	159	84	234	0.9375
PfkB	302	NZ_CP028714.1_1495	307	1.7e-65	3	301	2	294	0.986754966887
LacI	46	NZ_CP028714.1_1502	344	1.7e-20	1	46	14	59	0.978260869565
Peripla_BP_3	164	NZ_CP028714.1_1502	344	1.5e-26	1	164	179	343	0.993902439024
Fer4	24	NZ_CP028714.1_152	245	3.5e-06	7	19	148	160	0.5
HisKA	64	NZ_CP028714.1_1538	670	2.5e-09	3	61	450	513	0.90625
HATPase_c	111	NZ_CP028714.1_1538	670	8e-16	1	110	558	663	0.981981981982
Response_reg	112	NZ_CP028714.1_1539	416	1.8e-28	1	111	8	117	0.982142857143
HTH_8	42	NZ_CP028714.1_1539	416	1.9e-12	2	42	366	406	0.952380952381
Peripla_BP_2	238	NZ_CP028714.1_1541	351	1.4e-30	1	237	44	297	0.991596638655
AAA	132	NZ_CP028714.1_1543	258	1.3e-05	2	66	34	161	0.484848484848
TetR_N	47	NZ_CP028714.1_1544	205	1.7e-13	4	47	12	55	0.914893617021
AAA	132	NZ_CP028714.1_1551	260	6.9e-07	1	74	105	180	0.55303030303
HTH_7	45	NZ_CP028714.1_1552	341	1.2e-10	13	44	9	40	0.688888888889
Sigma70_r4_2	54	NZ_CP028714.1_1557	161	2.8e-09	17	53	105	141	0.666666666667
GerE	57	NZ_CP028714.1_1558	170	1.9e-16	2	53	109	160	0.894736842105
HTH_18	81	NZ_CP028714.1_1563	279	9.3e-13	2	78	194	268	0.938271604938
CbiA	128	NZ_CP028714.1_1566	291	4.6e-11	3	109	7	219	0.828125
HTH_18	81	NZ_CP028714.1_1605	287	3.6e-16	3	81	28	105	0.962962962963
GyrI-like	155	NZ_CP028714.1_1605	287	4.6e-09	39	154	170	285	0.741935483871
HhH-GPD	108	NZ_CP028714.1_1641	351	2e-25	2	106	36	168	0.962962962963
T2SSE	273	NZ_CP028714.1_1652	327	2.8e-43	76	264	74	258	0.688644688645
PTS_EIIC	324	NZ_CP028714.1_1669	463	6.7e-25	3	324	20	277	0.990740740741
HTH_1	60	NZ_CP028714.1_1685	313	6.2e-14	3	60	8	65	0.95
LysR_substrate	209	NZ_CP028714.1_1685	313	2.9e-13	10	193	97	281	0.875598086124
HTH_1	60	NZ_CP028714.1_1687	298	1.1e-20	2	60	7	64	0.966666666667
LysR_substrate	209	NZ_CP028714.1_1687	298	1.3e-13	8	206	93	288	0.947368421053
ACT	67	NZ_CP028714.1_1690	411	5.7e-09	8	66	345	401	0.865671641791
Pyr_redox	81	NZ_CP028714.1_1696	401	6.5e-05	2	31	6	35	0.358024691358
PTS-HPr	82	NZ_CP028714.1_17	794	4.3e-20	4	81	160	237	0.939024390244
NUDIX	131	NZ_CP028714.1_1712	183	5.8e-21	2	130	31	161	0.977099236641
Fer4	24	NZ_CP028714.1_1715	640	1.3e-08	2	23	81	102	0.875
Pyr_redox_2	292	NZ_CP028714.1_1715	640	2.2e-23	2	292	312	623	0.993150684932
Fer4	24	NZ_CP028714.1_1716	163	6.3e-05	1	18	5	22	0.708333333333
Fer4	24	NZ_CP028714.1_1716	163	5.8e-09	4	24	82	102	0.833333333333
TetR_N	47	NZ_CP028714.1_172	192	6.3e-06	4	44	9	49	0.851063829787
Pyr_redox_2	292	NZ_CP028714.1_1723	1033	2.1e-48	2	292	552	840	0.993150684932
PALP	294	NZ_CP028714.1_1730	399	4e-51	4	292	41	375	0.979591836735
PAS	113	NZ_CP028714.1_1732	593	3.2e-07	3	46	162	205	0.380530973451
AAA	132	NZ_CP028714.1_1732	593	2.2e-06	1	111	296	415	0.833333333333
HTH_8	42	NZ_CP028714.1_1732	593	3.8e-15	2	42	548	587	0.952380952381
Peptidase_M23	96	NZ_CP028714.1_1736	252	2.3e-33	3	96	145	238	0.96875
HTH_7	45	NZ_CP028714.1_1738	180	5.5e-06	14	44	145	175	0.666666666667
HTH_1	60	NZ_CP028714.1_1762	312	1.3e-18	1	59	6	64	0.966666666667
LysR_substrate	209	NZ_CP028714.1_1762	312	5.3e-45	4	207	92	293	0.971291866029
LacI	46	NZ_CP028714.1_1764	344	7.8e-23	1	46	3	48	0.978260869565
Peripla_BP_3	164	NZ_CP028714.1_1764	344	1.8e-38	1	164	168	329	0.993902439024
NUDIX	131	NZ_CP028714.1_1772	177	5.6e-29	2	130	7	146	0.977099236641
GAF	133	NZ_CP028714.1_1773	749	6.6e-17	2	131	18	152	0.96992481203
PTS_EIIC	324	NZ_CP028714.1_1787	527	1.3e-76	1	324	14	353	0.996913580247
Aminotran_1_2	363	NZ_CP028714.1_1788	392	4.7e-45	2	354	29	372	0.969696969697
SIS	131	NZ_CP028714.1_1789	199	1.6e-27	3	130	41	170	0.969465648855
AAA	132	NZ_CP028714.1_1805	879	1.1e-11	2	110	240	352	0.818181818182
AAA	132	NZ_CP028714.1_1805	879	9.8e-08	2	111	614	732	0.825757575758
HTH_1	60	NZ_CP028714.1_1817	306	1.3e-23	1	60	8	67	0.983333333333
LysR_substrate	209	NZ_CP028714.1_1817	306	5.6e-44	3	208	91	292	0.980861244019
HTH_DeoR	57	NZ_CP028714.1_1820	244	2.3e-23	1	56	5	60	0.964912280702
DeoRC	160	NZ_CP028714.1_1820	244	1.2e-46	2	160	76	233	0.9875
HisKA	64	NZ_CP028714.1_1839	919	2.4e-22	2	64	293	357	0.96875
HATPase_c	111	NZ_CP028714.1_1839	919	4.3e-34	1	110	404	519	0.981981981982
Response_reg	112	NZ_CP028714.1_1839	919	3.7e-31	1	110	670	780	0.973214285714
ACT	67	NZ_CP028714.1_1841	745	2.9e-11	2	66	668	733	0.955223880597
LacI	46	NZ_CP028714.1_1850	336	4.6e-21	1	46	8	56	0.978260869565
Peripla_BP_3	164	NZ_CP028714.1_1850	336	4.3e-13	11	161	185	333	0.914634146341
PTS_EIIC	324	NZ_CP028714.1_1852	457	7.9e-51	1	324	110	395	0.996913580247
PfkB	302	NZ_CP028714.1_1854	307	2.4e-73	2	300	3	298	0.986754966887
Pyr_redox_2	292	NZ_CP028714.1_1865	229	1.1e-10	2	117	6	166	0.393835616438
NIR_SIR_ferr	69	NZ_CP028714.1_1868	571	1.6e-14	11	67	81	138	0.811594202899
NIR_SIR	159	NZ_CP028714.1_1868	571	1.1e-49	2	159	173	331	0.987421383648
NIR_SIR_ferr	69	NZ_CP028714.1_1868	571	1.1e-16	7	68	355	417	0.884057971014
CbiA	128	NZ_CP028714.1_1874	202	4e-05	6	99	35	120	0.7265625
Peptidase_M23	96	NZ_CP028714.1_1882	380	1.3e-33	3	96	279	372	0.96875
Sigma70_r2	71	NZ_CP028714.1_1883	331	3.8e-23	1	70	94	163	0.971830985915
Sigma70_r3	78	NZ_CP028714.1_1883	331	1.3e-22	2	76	174	248	0.948717948718
Sigma70_r4	50	NZ_CP028714.1_1883	331	2.8e-17	1	50	262	315	0.98
HTH_DeoR	57	NZ_CP028714.1_1891	256	8.7e-18	1	52	6	57	0.894736842105
DeoRC	160	NZ_CP028714.1_1891	256	2e-53	3	159	76	231	0.975
TOBE	64	NZ_CP028714.1_1895	143	2.5e-18	2	64	4	66	0.96875
TOBE	64	NZ_CP028714.1_1895	143	3e-17	2	62	76	136	0.9375
GAF	133	NZ_CP028714.1_1896	693	2.7e-14	1	133	202	344	0.992481203008
AAA	132	NZ_CP028714.1_1896	693	1e-07	1	112	405	525	0.840909090909
HTH_8	42	NZ_CP028714.1_1896	693	3.2e-07	6	42	645	684	0.857142857143
GntR	64	NZ_CP028714.1_19	258	4.2e-25	1	64	10	73	0.984375
Fer4	24	NZ_CP028714.1_1903	204	9.7e-09	2	24	76	98	0.916666666667
Fer4	24	NZ_CP028714.1_1907	181	6.9e-09	4	24	36	56	0.833333333333
Fer4	24	NZ_CP028714.1_1907	181	4.7e-11	2	24	69	91	0.916666666667
PTS_EIIC	324	NZ_CP028714.1_1912	486	3.3e-44	3	324	113	396	0.990740740741
LacI	46	NZ_CP028714.1_1913	338	1.9e-23	1	46	4	49	0.978260869565
Peripla_BP_3	164	NZ_CP028714.1_1913	338	3e-35	1	163	172	331	0.987804878049
Fer4	24	NZ_CP028714.1_1914	176	6.7e-05	3	18	7	22	0.625
Fer4	24	NZ_CP028714.1_1914	176	6.5e-10	2	23	83	104	0.875
Pyr_redox_2	292	NZ_CP028714.1_1916	378	1.1e-52	3	277	5	278	0.938356164384
GAF	133	NZ_CP028714.1_1918	505	1.7e-11	4	127	23	154	0.924812030075
AAA	132	NZ_CP028714.1_1918	505	1.6e-07	1	126	211	342	0.94696969697
SIS	131	NZ_CP028714.1_1919	322	4.8e-31	2	130	39	169	0.977099236641
CBS	57	NZ_CP028714.1_1919	322	7.9e-06	1	56	199	256	0.964912280702
CBS	57	NZ_CP028714.1_1919	322	5.5e-06	18	51	282	315	0.578947368421
HTH_DeoR	57	NZ_CP028714.1_1920	258	2.2e-23	1	56	6	61	0.964912280702
DeoRC	160	NZ_CP028714.1_1920	258	8.2e-54	2	159	74	231	0.98125
CsrA	53	NZ_CP028714.1_1931	62	2.8e-29	1	52	1	52	0.962264150943
HD	122	NZ_CP028714.1_1938	371	8.1e-06	24	118	63	163	0.770491803279
MarR	59	NZ_CP028714.1_1942	177	1.5e-18	1	58	53	112	0.966101694915
CBS	57	NZ_CP028714.1_1948	401	1.3e-07	9	56	347	393	0.824561403509
GntR	64	NZ_CP028714.1_1954	445	9.7e-20	2	64	4	66	0.96875
Aminotran_1_2	363	NZ_CP028714.1_1954	445	2e-25	41	312	126	385	0.746556473829
Rhodanese	107	NZ_CP028714.1_1959	175	4.4e-12	1	107	7	99	0.990654205607
HTH_5	47	NZ_CP028714.1_1960	100	4.1e-16	1	47	23	70	0.978723404255
GntR	64	NZ_CP028714.1_1963	221	2.8e-14	7	64	10	66	0.890625
CBS	57	NZ_CP028714.1_1976	414	1.2e-06	8	56	263	311	0.842105263158
CbiA	128	NZ_CP028714.1_1978	454	1.4e-08	9	89	110	255	0.625
GGDEF	161	NZ_CP028714.1_1984	409	9.3e-47	1	159	249	403	0.981366459627
AAA	132	NZ_CP028714.1_1994	858	1.4e-15	2	128	203	337	0.954545454545
AAA	132	NZ_CP028714.1_1994	858	1.6e-12	2	117	602	727	0.871212121212
HTH_1	60	NZ_CP028714.1_2012	294	6.4e-18	1	60	3	62	0.983333333333
LysR_substrate	209	NZ_CP028714.1_2012	294	4.7e-44	3	206	87	288	0.971291866029
Pyr_redox_2	292	NZ_CP028714.1_2015	541	1.2e-07	2	111	10	210	0.373287671233
Sigma70_r2	71	NZ_CP028714.1_2016	192	4.6e-20	1	70	25	91	0.971830985915
Sigma70_r4_2	54	NZ_CP028714.1_2016	192	4.8e-21	2	53	129	180	0.944444444444
RseA_N	87	NZ_CP028714.1_2017	217	7.2e-39	1	87	1	87	0.988505747126
Fer4	24	NZ_CP028714.1_2027	87	4.4e-08	5	24	6	25	0.791666666667
HTH_6	77	NZ_CP028714.1_2028	283	3.4e-32	1	77	1	77	0.987012987013
SIS	131	NZ_CP028714.1_2028	283	5.4e-33	1	131	128	258	0.992366412214
SBP_bac_3	225	NZ_CP028714.1_2031	519	6e-32	10	225	52	268	0.955555555556
HisKA	64	NZ_CP028714.1_2033	461	2e-16	2	63	235	301	0.953125
HATPase_c	111	NZ_CP028714.1_2033	461	2.2e-18	4	109	348	455	0.945945945946
Response_reg	112	NZ_CP028714.1_2035	445	8.4e-32	2	111	9	117	0.973214285714
AAA	132	NZ_CP028714.1_2035	445	4.5e-06	1	127	160	292	0.954545454545
Aminotran_1_2	363	NZ_CP028714.1_2038	418	2.2e-12	55	350	84	368	0.812672176309
MarR	59	NZ_CP028714.1_2039	398	2.3e-05	4	41	14	51	0.627118644068
TPR_1	34	NZ_CP028714.1_2040	1094	8.1e-05	7	28	541	562	0.617647058824
Peripla_BP_1	279	NZ_CP028714.1_2041	328	3.6e-19	2	279	31	312	0.992831541219
Rrf2	83	NZ_CP028714.1_2052	163	3.1e-29	1	83	1	83	0.987951807229
Rhodanese	107	NZ_CP028714.1_2062	282	1.7e-20	2	106	9	128	0.971962616822
Rhodanese	107	NZ_CP028714.1_2062	282	3.1e-15	10	105	165	270	0.88785046729
HTH_3	55	NZ_CP028714.1_2067	336	1.9e-09	1	35	19	53	0.618181818182
CBS	57	NZ_CP028714.1_2078	489	5.8e-11	7	52	95	140	0.789473684211
CBS	57	NZ_CP028714.1_2078	489	1.5e-06	5	52	153	202	0.824561403509
MASE1	300	NZ_CP028714.1_2084	748	9.4e-68	1	300	15	320	0.996666666667
EAL	238	NZ_CP028714.1_2084	748	2.6e-68	2	238	498	730	0.991596638655
Pribosyltran	159	NZ_CP028714.1_2089	209	2e-14	24	130	64	166	0.666666666667
ACT	67	NZ_CP028714.1_2096	191	1.3e-08	2	66	97	166	0.955223880597
HATPase_c	111	NZ_CP028714.1_2108	567	1.2e-11	4	107	468	555	0.927927927928
Fer4	24	NZ_CP028714.1_2109	660	1.1e-08	1	21	80	100	0.833333333333
Pyr_redox_2	292	NZ_CP028714.1_2109	660	5.8e-26	1	292	328	640	0.996575342466
NUDIX	131	NZ_CP028714.1_2110	192	2.8e-11	3	115	45	163	0.854961832061
HTH_IclR	52	NZ_CP028714.1_2130	167	7.8e-05	7	50	113	156	0.826923076923
HTH_18	81	NZ_CP028714.1_2131	351	6.4e-25	1	79	262	342	0.962962962963
PTS_EIIC	324	NZ_CP028714.1_2138	475	3.6e-43	3	324	120	401	0.990740740741
SIS	131	NZ_CP028714.1_2139	299	1.4e-09	51	128	129	208	0.587786259542
SBP_bac_1	315	NZ_CP028714.1_2141	339	1.8e-21	5	314	37	277	0.980952380952
PALP	294	NZ_CP028714.1_2145	304	4.7e-71	2	294	5	281	0.993197278912
PfkB	302	NZ_CP028714.1_2147	284	7.8e-15	165	282	136	256	0.387417218543
PTS-HPr	82	NZ_CP028714.1_2150	86	1.3e-30	2	81	3	82	0.963414634146
PALP	294	NZ_CP028714.1_2151	324	3.8e-71	3	293	10	300	0.986394557823
HTH_1	60	NZ_CP028714.1_2157	309	1.3e-24	1	60	5	64	0.983333333333
LysR_substrate	209	NZ_CP028714.1_2157	309	5.7e-48	2	207	89	292	0.980861244019
HTH_1	60	NZ_CP028714.1_2161	295	1e-23	1	60	9	68	0.983333333333
LysR_substrate	209	NZ_CP028714.1_2161	295	2.7e-40	2	203	93	292	0.961722488038
HTH_3	55	NZ_CP028714.1_2164	120	7e-06	10	35	6	31	0.454545454545
MASE1	300	NZ_CP028714.1_2165	730	8.8e-60	2	298	16	314	0.986666666667
GGDEF	161	NZ_CP028714.1_2165	730	1.6e-05	1	110	326	424	0.67701863354
EAL	238	NZ_CP028714.1_2165	730	5.1e-61	2	238	493	724	0.991596638655
Glucokinase	316	NZ_CP028714.1_2170	322	1.6e-125	1	315	6	315	0.993670886076
PTS_EIIC	324	NZ_CP028714.1_2172	416	6.3e-15	2	319	41	343	0.978395061728
PTS-HPr	82	NZ_CP028714.1_2175	832	5.2e-14	6	80	7	83	0.90243902439
HTH_18	81	NZ_CP028714.1_2176	286	3.7e-21	2	80	204	281	0.962962962963
Response_reg	112	NZ_CP028714.1_2177	246	1.8e-25	1	111	3	112	0.982142857143
LytTR	98	NZ_CP028714.1_2177	246	2.6e-35	2	97	147	243	0.969387755102
GAF	133	NZ_CP028714.1_2178	566	7.2e-06	11	131	241	346	0.902255639098
HATPase_c	111	NZ_CP028714.1_2178	566	4e-09	9	109	456	552	0.900900900901
Aminotran_1_2	363	NZ_CP028714.1_2179	413	2.5e-62	2	348	37	376	0.953168044077
SBP_bac_3	225	NZ_CP028714.1_2188	1198	2.4e-15	15	223	73	276	0.924444444444
SBP_bac_3	225	NZ_CP028714.1_2188	1198	1.1e-25	3	224	306	520	0.982222222222
HisKA	64	NZ_CP028714.1_2188	1198	1.2e-16	1	64	711	777	0.984375
HATPase_c	111	NZ_CP028714.1_2188	1198	9.8e-27	2	110	825	937	0.972972972973
Response_reg	112	NZ_CP028714.1_2188	1198	1.4e-31	1	111	961	1070	0.982142857143
Response_reg	112	NZ_CP028714.1_2189	205	4.4e-29	2	112	4	114	0.982142857143
GerE	57	NZ_CP028714.1_2189	205	8.8e-24	1	57	142	198	0.982456140351
PALP	294	NZ_CP028714.1_2192	443	2.2e-72	3	285	74	404	0.959183673469
HTH_1	60	NZ_CP028714.1_2194	312	2.6e-22	2	60	18	76	0.966666666667
LysR_substrate	209	NZ_CP028714.1_2194	312	2.4e-32	2	208	99	307	0.985645933014
Pribosyltran	159	NZ_CP028714.1_2228	506	1.3e-09	21	121	286	394	0.62893081761
SBP_bac_3	225	NZ_CP028714.1_2230	261	6.3e-65	1	224	28	254	0.991111111111
SBP_bac_3	225	NZ_CP028714.1_2231	261	2.1e-65	1	224	28	254	0.991111111111
NUDIX	131	NZ_CP028714.1_2241	181	3.4e-20	2	121	36	154	0.908396946565
TrkA_C	70	NZ_CP028714.1_2248	611	7.1e-15	2	68	231	304	0.942857142857
TrkA_C	70	NZ_CP028714.1_2248	611	1.4e-12	1	63	326	390	0.885714285714
HD	122	NZ_CP028714.1_2249	200	4e-09	2	119	31	139	0.959016393443
Aminotran_1_2	363	NZ_CP028714.1_2250	406	9.4e-49	30	353	58	387	0.889807162534
HTH_1	60	NZ_CP028714.1_2251	313	8.1e-20	1	59	13	71	0.966666666667
LysR_substrate	209	NZ_CP028714.1_2251	313	3.2e-29	4	201	97	281	0.942583732057
Fer4	24	NZ_CP028714.1_2260	181	8.1e-07	5	24	57	76	0.791666666667
Fer4	24	NZ_CP028714.1_2260	181	7e-11	2	24	93	115	0.916666666667
Aminotran_1_2	363	NZ_CP028714.1_2285	386	6.7e-11	46	197	41	170	0.415977961433
NUDIX	131	NZ_CP028714.1_2287	142	4.1e-23	1	128	1	135	0.969465648855
HTH_IclR	52	NZ_CP028714.1_2290	261	1.9e-10	1	51	9	58	0.961538461538
IclR	129	NZ_CP028714.1_2290	261	2.7e-43	2	128	122	247	0.976744186047
Fer4	24	NZ_CP028714.1_2296	397	3.3e-05	7	21	55	69	0.583333333333
Response_reg	112	NZ_CP028714.1_2317	462	2.1e-32	1	110	7	115	0.973214285714
AAA	132	NZ_CP028714.1_2317	462	3.4e-07	1	112	169	290	0.840909090909
HTH_8	42	NZ_CP028714.1_2317	462	5.1e-16	3	42	415	454	0.928571428571
PAS	113	NZ_CP028714.1_2318	609	1.2e-23	4	112	265	369	0.955752212389
HisKA	64	NZ_CP028714.1_2318	609	9.5e-19	2	61	389	450	0.921875
HATPase_c	111	NZ_CP028714.1_2318	609	8.1e-23	2	108	496	599	0.954954954955
HisKA	64	NZ_CP028714.1_2319	950	5.6e-18	1	63	469	533	0.96875
HATPase_c	111	NZ_CP028714.1_2319	950	3.8e-32	1	109	581	690	0.972972972973
Response_reg	112	NZ_CP028714.1_2319	950	2e-31	1	111	827	936	0.982142857143
Response_reg	112	NZ_CP028714.1_2320	217	1.3e-26	1	111	6	120	0.982142857143
GerE	57	NZ_CP028714.1_2320	217	1.2e-20	2	56	150	204	0.947368421053
HATPase_c	111	NZ_CP028714.1_2321	891	1e-12	1	108	565	675	0.963963963964
Ada_Zn_binding	65	NZ_CP028714.1_2324	355	4.4e-34	1	65	11	75	0.984615384615
HTH_18	81	NZ_CP028714.1_2324	355	3.3e-18	1	79	105	181	0.962962962963
Fer4	24	NZ_CP028714.1_2330	165	4.6e-05	7	23	36	52	0.666666666667
Fer4	24	NZ_CP028714.1_2330	165	2.7e-05	6	19	67	80	0.541666666667
Fer4	24	NZ_CP028714.1_2330	165	5.3e-09	3	24	136	157	0.875
Fer4	24	NZ_CP028714.1_2333	232	3.2e-08	6	23	59	76	0.708333333333
Fer4	24	NZ_CP028714.1_2333	232	3.6e-06	2	18	180	196	0.666666666667
Fer4	24	NZ_CP028714.1_2334	288	8.2e-05	6	21	258	273	0.625
Response_reg	112	NZ_CP028714.1_2345	216	2.8e-33	1	112	9	121	0.991071428571
GerE	57	NZ_CP028714.1_2345	216	1.7e-26	2	56	153	207	0.947368421053
SBP_bac_5	377	NZ_CP028714.1_2360	605	1.7e-71	2	373	98	504	0.984084880637
EAL	238	NZ_CP028714.1_2361	519	1.5e-69	3	238	267	500	0.987394957983
PTS-HPr	82	NZ_CP028714.1_2369	377	3.7e-27	2	80	287	368	0.951219512195
PfkB	302	NZ_CP028714.1_2370	313	2.1e-70	12	297	14	293	0.943708609272
PTS_EIIC	324	NZ_CP028714.1_2371	564	1e-20	3	324	233	496	0.990740740741
PfkB	302	NZ_CP028714.1_2372	314	6.8e-65	2	298	5	295	0.980132450331
cNMP_binding	88	NZ_CP028714.1_2375	233	1.1e-14	3	85	35	118	0.931818181818
HTH_11	55	NZ_CP028714.1_2377	363	7.9e-07	1	53	4	51	0.945454545455
PfkB	302	NZ_CP028714.1_2377	363	3.5e-63	3	298	59	348	0.976821192053
HTH_1	60	NZ_CP028714.1_2380	269	2.6e-10	23	60	2	39	0.616666666667
LysR_substrate	209	NZ_CP028714.1_2380	269	9.1e-56	3	204	61	261	0.961722488038
LacI	46	NZ_CP028714.1_2386	347	2.4e-23	1	46	3	48	0.978260869565
Peripla_BP_3	164	NZ_CP028714.1_2386	347	6.8e-35	2	164	169	329	0.987804878049
Peripla_BP_1	279	NZ_CP028714.1_2387	333	3.8e-11	6	208	30	254	0.724014336918
Fer4	24	NZ_CP028714.1_2390	412	4.2e-06	2	18	338	354	0.666666666667
Fer4	24	NZ_CP028714.1_2390	412	2.3e-06	4	23	374	393	0.791666666667
Pyr_redox_2	292	NZ_CP028714.1_2391	413	6.4e-27	2	291	126	394	0.989726027397
CBS	57	NZ_CP028714.1_2407	309	4.2e-06	13	53	266	306	0.701754385965
MerR	38	NZ_CP028714.1_2410	244	9.9e-15	1	38	5	42	0.973684210526
Response_reg	112	NZ_CP028714.1_2412	240	1.3e-27	1	111	4	112	0.982142857143
LytTR	98	NZ_CP028714.1_2412	240	1.4e-26	2	97	144	237	0.969387755102
CbiA	128	NZ_CP028714.1_2424	370	2.2e-14	1	125	110	326	0.96875
PfkB	302	NZ_CP028714.1_2433	263	2.5e-06	114	226	51	171	0.370860927152
PfkB	302	NZ_CP028714.1_2434	267	3.6e-09	138	282	81	236	0.476821192053
GntR	64	NZ_CP028714.1_2436	249	5.3e-18	6	64	29	87	0.90625
PfkB	302	NZ_CP028714.1_2437	322	2.4e-55	4	296	19	306	0.966887417219
HTH_DeoR	57	NZ_CP028714.1_2447	260	3.6e-18	1	53	8	60	0.912280701754
DeoRC	160	NZ_CP028714.1_2447	260	4.9e-53	5	159	85	238	0.9625
Response_reg	112	NZ_CP028714.1_2452	241	1.2e-26	1	111	13	121	0.982142857143
Trans_reg_C	77	NZ_CP028714.1_2452	241	1.7e-25	2	76	157	231	0.961038961039
HisKA	64	NZ_CP028714.1_2453	468	2.4e-15	1	64	240	304	0.984375
HATPase_c	111	NZ_CP028714.1_2453	468	4.4e-23	1	110	349	460	0.981981981982
AlkA_N	116	NZ_CP028714.1_2462	283	3.5e-31	3	116	3	112	0.974137931034
HhH-GPD	108	NZ_CP028714.1_2462	283	1.5e-10	1	78	118	240	0.712962962963
MASE1	300	NZ_CP028714.1_2463	1106	2e-36	2	299	19	294	0.99
PAS	113	NZ_CP028714.1_2463	1106	8e-11	2	113	303	414	0.982300884956
PAS	113	NZ_CP028714.1_2463	1106	1.2e-09	7	113	561	668	0.938053097345
GGDEF	161	NZ_CP028714.1_2463	1106	2.1e-47	1	160	682	838	0.987577639752
EAL	238	NZ_CP028714.1_2463	1106	2.4e-21	37	237	896	1089	0.840336134454
CBS	57	NZ_CP028714.1_2467	528	1.2e-06	1	55	302	360	0.947368421053
CBS	57	NZ_CP028714.1_2467	528	1.1e-08	6	56	372	422	0.877192982456
CbiA	128	NZ_CP028714.1_2470	721	3e-09	10	84	538	698	0.578125
NUDIX	131	NZ_CP028714.1_2479	161	4.7e-21	8	122	23	143	0.870229007634
CbiA	128	NZ_CP028714.1_251	293	5.2e-12	3	43	6	46	0.3125
Aminotran_1_2	363	NZ_CP028714.1_2512	357	1.9e-69	31	362	46	350	0.911845730028
HTH_1	60	NZ_CP028714.1_2518	317	1.3e-14	3	59	14	70	0.933333333333
LysR_substrate	209	NZ_CP028714.1_2518	317	5.2e-26	2	205	96	297	0.971291866029
Trans_reg_C	77	NZ_CP028714.1_252	513	5e-21	1	77	24	100	0.987012987013
GyrI-like	155	NZ_CP028714.1_2522	158	2.9e-31	1	154	1	152	0.987096774194
HTH_18	81	NZ_CP028714.1_2545	305	1.2e-22	2	81	216	294	0.975308641975
HTH_7	45	NZ_CP028714.1_2553	89	0.0001	2	39	2	39	0.822222222222
GerE	57	NZ_CP028714.1_2555	71	1.3e-21	2	57	9	64	0.964912280702
Nitroreductase	170	NZ_CP028714.1_2565	2155	1.1e-17	3	168	1767	1944	0.970588235294
HTH_1	60	NZ_CP028714.1_2575	317	1.6e-14	1	59	3	63	0.966666666667
LysR_substrate	209	NZ_CP028714.1_2575	317	7.9e-44	3	206	90	293	0.971291866029
HTH_1	60	NZ_CP028714.1_2576	306	1e-22	1	60	3	62	0.983333333333
LysR_substrate	209	NZ_CP028714.1_2576	306	1.1e-34	2	206	87	289	0.976076555024
HTH_18	81	NZ_CP028714.1_2590	320	1.1e-20	1	80	239	317	0.975308641975
Phage_AlpA	51	NZ_CP028714.1_2598	73	3.9e-23	2	51	11	60	0.960784313725
dCache_1	249	NZ_CP028714.1_261	544	4.9e-07	28	170	55	179	0.570281124498
PAS	113	NZ_CP028714.1_261	544	4.7e-16	1	112	222	323	0.982300884956
HATPase_c	111	NZ_CP028714.1_261	544	4.1e-20	5	108	434	535	0.927927927928
Response_reg	112	NZ_CP028714.1_262	240	5e-21	1	111	4	117	0.982142857143
Response_reg	112	NZ_CP028714.1_2627	261	2.8e-28	1	112	40	149	0.991071428571
Trans_reg_C	77	NZ_CP028714.1_2627	261	2.6e-26	4	77	183	255	0.948051948052
HisKA	64	NZ_CP028714.1_2628	453	3.6e-11	2	62	236	299	0.9375
HATPase_c	111	NZ_CP028714.1_2628	453	2.1e-14	2	109	345	450	0.963963963964
HD	122	NZ_CP028714.1_2632	232	1.5e-16	4	121	29	131	0.959016393443
dCache_1	249	NZ_CP028714.1_2638	565	2.5e-12	52	239	139	335	0.751004016064
GGDEF	161	NZ_CP028714.1_2638	565	3.2e-48	1	161	398	557	0.993788819876
GerE	57	NZ_CP028714.1_2642	208	3.4e-21	2	56	137	191	0.947368421053
HTH_18	81	NZ_CP028714.1_2659	266	8.8e-18	1	80	184	261	0.975308641975
HTH_18	81	NZ_CP028714.1_267	303	8.3e-21	2	80	214	291	0.962962962963
Sigma70_r2	71	NZ_CP028714.1_2670	240	2.1e-18	1	70	16	88	0.971830985915
Sigma70_r3	78	NZ_CP028714.1_2670	240	6.2e-22	3	72	97	166	0.884615384615
Sigma70_r4	50	NZ_CP028714.1_2670	240	6e-19	1	49	185	233	0.96
SBP_bac_3	225	NZ_CP028714.1_2672	286	2.4e-73	2	224	63	280	0.986666666667
PALP	294	NZ_CP028714.1_2673	329	9.9e-56	5	294	16	316	0.982993197279
Autoind_bind	149	NZ_CP028714.1_2676	241	1.8e-34	2	142	23	158	0.939597315436
GerE	57	NZ_CP028714.1_2676	241	6.1e-25	2	57	179	234	0.964912280702
Response_reg	112	NZ_CP028714.1_2678	219	1e-32	1	111	4	115	0.982142857143
GerE	57	NZ_CP028714.1_2678	219	6.1e-23	2	57	149	204	0.964912280702
Aminotran_1_2	363	NZ_CP028714.1_268	757	5.8e-05	55	198	217	359	0.393939393939
Peripla_BP_1	279	NZ_CP028714.1_2688	330	4e-98	2	278	26	319	0.989247311828
HTH_18	81	NZ_CP028714.1_269	254	1.2e-15	2	79	169	244	0.950617283951
CheY-binding	63	NZ_CP028714.1_2698	655	2.2e-19	1	63	161	223	0.984126984127
H-kinase_dim	69	NZ_CP028714.1_2698	655	1.4e-19	2	69	262	324	0.971014492754
HATPase_c	111	NZ_CP028714.1_2698	655	8.5e-20	4	110	372	508	0.954954954955
CheW	138	NZ_CP028714.1_2698	655	4.4e-29	2	133	514	640	0.949275362319
CheW	138	NZ_CP028714.1_2699	168	8.2e-38	1	137	18	154	0.985507246377
MCPsignal	172	NZ_CP028714.1_2700	554	1.9e-62	1	172	325	482	0.994186046512
CheR_N	53	NZ_CP028714.1_2702	287	9.8e-21	2	53	26	77	0.962264150943
CheR	195	NZ_CP028714.1_2702	287	1.2e-64	1	193	92	280	0.984615384615
Response_reg	112	NZ_CP028714.1_2703	350	9.6e-27	1	102	6	109	0.901785714286
CheB_methylest	170	NZ_CP028714.1_2703	350	5.1e-64	1	169	159	336	0.988235294118
Response_reg	112	NZ_CP028714.1_2704	130	7e-34	2	111	9	120	0.973214285714
CheZ	202	NZ_CP028714.1_2705	215	7.2e-79	3	202	17	214	0.985148514851
Response_reg	112	NZ_CP028714.1_272	223	1.3e-27	1	112	3	113	0.991071428571
Trans_reg_C	77	NZ_CP028714.1_272	223	1.7e-22	1	77	145	216	0.987012987013
NUDIX	131	NZ_CP028714.1_2720	148	6.3e-20	2	130	5	141	0.977099236641
AAA	132	NZ_CP028714.1_2725	337	1.9e-21	1	130	58	181	0.977272727273
Peptidase_M23	96	NZ_CP028714.1_2729	441	4.9e-35	2	96	313	407	0.979166666667
HisKA	64	NZ_CP028714.1_273	367	6e-11	3	62	147	203	0.921875
HATPase_c	111	NZ_CP028714.1_273	367	4.4e-19	1	110	252	359	0.981981981982
HTH_6	77	NZ_CP028714.1_2732	290	1.3e-34	1	76	1	76	0.974025974026
SIS	131	NZ_CP028714.1_2732	290	5.5e-30	1	130	124	252	0.984732824427
GAF	133	NZ_CP028714.1_2754	184	3.2e-11	6	132	47	168	0.947368421053
HTH_IclR	52	NZ_CP028714.1_2759	264	2.4e-15	1	52	15	65	0.980769230769
IclR	129	NZ_CP028714.1_2759	264	2.3e-50	2	128	129	254	0.976744186047
EAL	238	NZ_CP028714.1_2770	533	1.9e-60	3	238	272	501	0.987394957983
NUDIX	131	NZ_CP028714.1_2772	193	1e-16	2	115	30	143	0.862595419847
GAF	133	NZ_CP028714.1_2786	342	2.8e-08	69	131	82	152	0.466165413534
GGDEF	161	NZ_CP028714.1_2786	342	2.2e-43	2	160	175	330	0.981366459627
Glyoxalase	128	NZ_CP028714.1_279	148	4.7e-07	7	128	8	138	0.9453125
AraC_binding	136	NZ_CP028714.1_2790	273	9.4e-07	5	79	21	95	0.544117647059
HTH_18	81	NZ_CP028714.1_2790	273	2.2e-19	1	79	179	255	0.962962962963
dCache_1	249	NZ_CP028714.1_2793	497	3.5e-07	78	167	156	249	0.357429718876
GGDEF	161	NZ_CP028714.1_2793	497	1.8e-41	3	160	346	494	0.975155279503
GGDEF	161	NZ_CP028714.1_2794	492	3.2e-46	1	161	328	485	0.993788819876
PfkB	302	NZ_CP028714.1_2807	316	2.2e-72	3	299	5	300	0.980132450331
HTH_DeoR	57	NZ_CP028714.1_2809	253	2.8e-19	1	55	6	60	0.947368421053
DeoRC	160	NZ_CP028714.1_2809	253	1.8e-50	3	160	77	233	0.98125
SBP_bac_3	225	NZ_CP028714.1_281	339	5.8e-05	29	178	54	220	0.662222222222
Nitroreductase	170	NZ_CP028714.1_2814	184	5.1e-29	3	169	9	161	0.976470588235
NUDIX	131	NZ_CP028714.1_2819	136	1.6e-23	5	131	5	125	0.961832061069
Rhodanese	107	NZ_CP028714.1_2821	436	2.3e-06	7	99	34	128	0.859813084112
Rhodanese	107	NZ_CP028714.1_2821	436	1.1e-13	23	106	179	263	0.775700934579
Rhodanese	107	NZ_CP028714.1_2821	436	7.4e-14	3	106	297	418	0.96261682243
SBP_bac_1	315	NZ_CP028714.1_2824	389	7.7e-07	19	314	57	326	0.936507936508
GntR	64	NZ_CP028714.1_283	244	1e-23	2	64	16	77	0.96875
Aminotran_1_2	363	NZ_CP028714.1_2830	407	7e-09	61	332	78	365	0.746556473829
PTS_EIIC	324	NZ_CP028714.1_2841	453	5.5e-49	2	322	30	363	0.987654320988
AraC_binding	136	NZ_CP028714.1_2843	280	1.3e-06	17	60	37	80	0.316176470588
HTH_18	81	NZ_CP028714.1_2843	280	1.7e-21	7	80	200	272	0.901234567901
PfkB	302	NZ_CP028714.1_2854	310	1.4e-66	6	299	12	296	0.970198675497
EAL	238	NZ_CP028714.1_2869	238	1.1e-12	15	234	13	222	0.920168067227
AraC_binding	136	NZ_CP028714.1_2881	304	5.1e-14	8	135	27	157	0.933823529412
HTH_18	81	NZ_CP028714.1_2881	304	1.5e-20	1	81	202	281	0.987654320988
Fer4	24	NZ_CP028714.1_2903	209	2.5e-07	1	20	149	168	0.791666666667
Fer4	24	NZ_CP028714.1_2903	209	1.7e-09	6	24	181	199	0.75
Fer4	24	NZ_CP028714.1_2906	223	5.7e-06	2	18	40	56	0.666666666667
Fer4	24	NZ_CP028714.1_2906	223	1.7e-06	3	22	119	138	0.791666666667
Pyr_redox_2	292	NZ_CP028714.1_2909	535	4.8e-05	2	161	3	212	0.544520547945
HTH_1	60	NZ_CP028714.1_2916	311	7.6e-22	4	59	7	62	0.916666666667
LysR_substrate	209	NZ_CP028714.1_2916	311	2e-27	2	206	88	290	0.976076555024
LacI	46	NZ_CP028714.1_2917	342	5.8e-21	1	46	3	48	0.978260869565
Peripla_BP_3	164	NZ_CP028714.1_2917	342	8.7e-43	2	164	171	331	0.987804878049
Glyoxalase	128	NZ_CP028714.1_2924	136	1e-26	2	128	3	123	0.984375
TetR_N	47	NZ_CP028714.1_2926	200	2.5e-12	1	43	13	55	0.893617021277
MarR	59	NZ_CP028714.1_2933	145	1.5e-20	1	58	29	87	0.966101694915
PfkB	302	NZ_CP028714.1_2939	287	3.4e-12	175	284	130	248	0.360927152318
HhH-GPD	108	NZ_CP028714.1_2943	212	2.2e-22	1	107	34	168	0.981481481481
Fer4	24	NZ_CP028714.1_2947	741	7.4e-06	6	21	375	390	0.625
Fer4	24	NZ_CP028714.1_2947	741	3.6e-06	7	22	415	430	0.625
FeS	33	NZ_CP028714.1_2948	193	1.5e-14	1	33	44	76	0.969696969697
Fer4	24	NZ_CP028714.1_2948	193	1.9e-09	2	23	111	132	0.875
Fer4	24	NZ_CP028714.1_2948	193	5e-08	2	24	141	163	0.916666666667
Aminotran_1_2	363	NZ_CP028714.1_2954	391	6e-61	3	360	30	379	0.98347107438
PTS_EIIC	324	NZ_CP028714.1_2955	531	1.6e-89	1	324	19	361	0.996913580247
LacI	46	NZ_CP028714.1_2956	343	9.2e-21	1	46	8	53	0.978260869565
Peripla_BP_1	279	NZ_CP028714.1_2956	343	2.5e-102	2	278	65	341	0.989247311828
TetR_N	47	NZ_CP028714.1_2958	193	7.5e-20	1	47	12	58	0.978723404255
HTH_6	77	NZ_CP028714.1_296	297	9.7e-29	2	77	15	90	0.974025974026
SIS	131	NZ_CP028714.1_296	297	2.8e-34	2	130	138	266	0.977099236641
HisKA	64	NZ_CP028714.1_2968	434	1.4e-09	1	63	211	270	0.96875
HATPase_c	111	NZ_CP028714.1_2968	434	1.7e-21	6	109	320	423	0.927927927928
Response_reg	112	NZ_CP028714.1_2969	240	1.9e-21	1	111	4	112	0.982142857143
Trans_reg_C	77	NZ_CP028714.1_2969	240	8e-23	2	77	158	233	0.974025974026
Peripla_BP_1	279	NZ_CP028714.1_297	312	5.3e-21	5	207	28	241	0.724014336918
HTH_1	60	NZ_CP028714.1_2982	298	3e-24	1	60	5	64	0.983333333333
LysR_substrate	209	NZ_CP028714.1_2982	298	3.3e-48	1	208	88	296	0.99043062201
Fe_dep_repress	60	NZ_CP028714.1_2983	407	8.2e-05	12	53	20	61	0.683333333333
CbiA	128	NZ_CP028714.1_2984	232	5.7e-14	2	116	6	204	0.890625
Fer4	24	NZ_CP028714.1_2988	206	4.3e-06	2	18	8	24	0.666666666667
Fer4	24	NZ_CP028714.1_2988	206	1.5e-09	1	23	92	114	0.916666666667
PAS	113	NZ_CP028714.1_3	612	4.6e-10	5	112	222	317	0.946902654867
GntR	64	NZ_CP028714.1_3001	229	3.2e-19	3	64	15	75	0.953125
GGDEF	161	NZ_CP028714.1_3004	297	8.1e-47	2	161	130	283	0.987577639752
GntR	64	NZ_CP028714.1_3008	233	2.3e-21	3	64	4	65	0.953125
PTS_EIIC	324	NZ_CP028714.1_3010	441	8.2e-48	1	324	32	365	0.996913580247
HTH_18	81	NZ_CP028714.1_3015	128	5.6e-20	2	79	32	108	0.950617283951
MarR	59	NZ_CP028714.1_3016	145	4.5e-20	1	59	38	96	0.983050847458
HTH_1	60	NZ_CP028714.1_3019	294	2.5e-19	1	59	3	61	0.966666666667
LysR_substrate	209	NZ_CP028714.1_3019	294	7e-47	2	204	85	282	0.966507177033
GGDEF	161	NZ_CP028714.1_3023	473	1.6e-44	1	161	303	461	0.993788819876
HTH_3	55	NZ_CP028714.1_3028	95	1.2e-16	2	53	24	75	0.927272727273
Trp_repressor	88	NZ_CP028714.1_3032	149	8.8e-05	31	70	7	46	0.443181818182
HTH_3	55	NZ_CP028714.1_3032	149	3.3e-11	11	52	27	68	0.745454545455
Trp_repressor	88	NZ_CP028714.1_3042	149	8.8e-05	31	70	7	46	0.443181818182
HTH_3	55	NZ_CP028714.1_3042	149	3.3e-11	11	52	27	68	0.745454545455
LysR_substrate	209	NZ_CP028714.1_3059	241	1.8e-42	2	205	33	237	0.971291866029
HTH_18	81	NZ_CP028714.1_3070	254	1.2e-16	2	78	157	230	0.938271604938
PAS	113	NZ_CP028714.1_3079	800	2.6e-11	13	112	24	124	0.87610619469
PAS	113	NZ_CP028714.1_3079	800	4.5e-10	7	113	142	248	0.938053097345
GGDEF	161	NZ_CP028714.1_3079	800	2.9e-23	2	160	377	525	0.981366459627
EAL	238	NZ_CP028714.1_3079	800	1.7e-69	3	238	547	781	0.987394957983
HTH_3	55	NZ_CP028714.1_3087	95	2.5e-10	2	53	14	65	0.927272727273
Fer4	24	NZ_CP028714.1_3089	295	6.5e-07	5	22	130	147	0.708333333333
SBP_bac_5	377	NZ_CP028714.1_310	523	3.1e-66	4	375	73	439	0.984084880637
SBP_bac_1	315	NZ_CP028714.1_3127	382	1.2e-22	14	314	56	312	0.952380952381
GntR	64	NZ_CP028714.1_3128	469	2.6e-16	1	64	3	66	0.984375
Aminotran_1_2	363	NZ_CP028714.1_3128	469	8.5e-34	44	348	145	445	0.837465564738
HTH_3	55	NZ_CP028714.1_3131	179	1.1e-18	1	53	12	64	0.945454545455
HTH_1	60	NZ_CP028714.1_3141	308	4.3e-21	1	60	13	72	0.983333333333
LysR_substrate	209	NZ_CP028714.1_3141	308	1.6e-34	6	207	101	304	0.961722488038
MCPsignal	172	NZ_CP028714.1_3142	152	9.4e-30	66	172	5	97	0.616279069767
Fer4	24	NZ_CP028714.1_3158	1175	2.5e-07	2	24	683	705	0.916666666667
Fer4	24	NZ_CP028714.1_3158	1175	9.3e-07	3	20	740	757	0.708333333333
GGDEF	161	NZ_CP028714.1_3165	411	1.1e-47	1	161	253	406	0.993788819876
HTH_11	55	NZ_CP028714.1_3169	216	3.8e-05	1	32	103	135	0.563636363636
HTH_18	81	NZ_CP028714.1_3169	216	1.3e-22	1	81	124	202	0.987654320988
TPR_1	34	NZ_CP028714.1_317	199	1e-05	2	32	74	104	0.882352941176
cNMP_binding	88	NZ_CP028714.1_3171	251	1.1e-17	3	84	51	132	0.920454545455
Crp	32	NZ_CP028714.1_3171	251	2.9e-17	1	32	193	224	0.96875
MASE1	300	NZ_CP028714.1_3174	344	2.1e-05	76	179	9	116	0.343333333333
SBP_bac_5	377	NZ_CP028714.1_3175	538	3.4e-90	1	372	77	453	0.984084880637
HTH_1	60	NZ_CP028714.1_3176	300	1.1e-21	3	60	8	65	0.95
LysR_substrate	209	NZ_CP028714.1_3176	300	8.4e-39	2	205	90	294	0.971291866029
ACT	67	NZ_CP028714.1_3182	514	1.7e-05	2	65	2	61	0.940298507463
AAA	132	NZ_CP028714.1_3182	514	1.5e-06	1	111	230	341	0.833333333333
LacI	46	NZ_CP028714.1_3185	333	3.1e-23	1	46	4	49	0.978260869565
Peripla_BP_1	279	NZ_CP028714.1_3185	333	2e-26	13	269	77	323	0.917562724014
TOBE	64	NZ_CP028714.1_3187	361	1.7e-07	4	64	295	350	0.9375
SBP_bac_1	315	NZ_CP028714.1_3195	431	1.3e-39	7	311	43	325	0.965079365079
Rhodanese	107	NZ_CP028714.1_3197	105	4e-14	15	100	22	93	0.794392523364
AAA	132	NZ_CP028714.1_3202	326	6.1e-05	1	123	32	165	0.924242424242
HTH_8	42	NZ_CP028714.1_3202	326	1.2e-07	5	41	286	322	0.857142857143
SBP_bac_5	377	NZ_CP028714.1_3204	548	7.9e-86	2	375	79	457	0.989389920424
Fer4	24	NZ_CP028714.1_321	224	1.8e-06	2	18	40	56	0.666666666667
Fer4	24	NZ_CP028714.1_321	224	5e-08	2	21	119	138	0.791666666667
TetR_N	47	NZ_CP028714.1_3213	189	8.4e-18	1	47	16	62	0.978723404255
PAS	113	NZ_CP028714.1_3217	662	2.3e-08	4	107	114	217	0.911504424779
GGDEF	161	NZ_CP028714.1_3217	662	3.7e-48	1	160	237	390	0.987577639752
EAL	238	NZ_CP028714.1_3217	662	1.1e-66	3	238	412	644	0.987394957983
HTH_DeoR	57	NZ_CP028714.1_3219	250	9.5e-18	1	56	4	59	0.964912280702
DeoRC	160	NZ_CP028714.1_3219	250	1.1e-47	2	160	69	227	0.9875
HTH_1	60	NZ_CP028714.1_3230	325	5.9e-17	1	60	3	64	0.983333333333
LysR_substrate	209	NZ_CP028714.1_3230	325	9.4e-45	5	205	92	292	0.956937799043
Glycos_trans_3N	63	NZ_CP028714.1_3241	532	2.1e-16	2	62	202	262	0.952380952381
PALP	294	NZ_CP028714.1_3243	398	1.6e-51	3	291	52	375	0.979591836735
SBP_bac_5	377	NZ_CP028714.1_3261	559	4.9e-90	3	376	98	478	0.989389920424
Response_reg	112	NZ_CP028714.1_3270	338	2.8e-30	1	111	10	120	0.982142857143
ACT	67	NZ_CP028714.1_3273	281	6.1e-10	2	64	8	69	0.925373134328
HATPase_c	111	NZ_CP028714.1_3282	599	3.6e-13	4	107	497	583	0.927927927928
Response_reg	112	NZ_CP028714.1_3283	217	9.1e-33	1	111	9	120	0.982142857143
GerE	57	NZ_CP028714.1_3283	217	9.7e-25	2	56	155	209	0.947368421053
HTH_1	60	NZ_CP028714.1_329	295	2.4e-23	1	60	3	62	0.983333333333
LysR_substrate	209	NZ_CP028714.1_329	295	1.6e-43	3	204	88	286	0.961722488038
Pribosyltran	159	NZ_CP028714.1_3298	338	4.5e-21	27	122	182	270	0.59748427673
STAS	117	NZ_CP028714.1_3299	551	9.8e-14	4	115	444	544	0.948717948718
GAF	133	NZ_CP028714.1_3303	640	1.2e-05	4	131	55	187	0.954887218045
PAS	113	NZ_CP028714.1_3303	640	2.1e-15	2	113	204	306	0.982300884956
HTH_8	42	NZ_CP028714.1_3303	640	3.7e-16	3	42	589	628	0.928571428571
PTS-HPr	82	NZ_CP028714.1_3306	473	6.4e-18	4	81	159	236	0.939024390244
Peripla_BP_2	238	NZ_CP028714.1_3308	341	1.5e-20	12	234	55	278	0.932773109244
TrkA_C	70	NZ_CP028714.1_3318	579	2.8e-13	6	69	421	483	0.9
MerR	38	NZ_CP028714.1_332	155	1.5e-15	1	38	13	49	0.973684210526
Pyr_redox	81	NZ_CP028714.1_3320	433	6.1e-07	1	32	2	33	0.382716049383
GntR	64	NZ_CP028714.1_3322	240	6.2e-22	4	64	11	71	0.9375
HTH_18	81	NZ_CP028714.1_333	108	8.6e-26	1	81	27	106	0.987654320988
CbiA	128	NZ_CP028714.1_3333	271	7.9e-22	1	128	5	227	0.9921875
EAL	238	NZ_CP028714.1_334	518	6.9e-71	2	237	273	505	0.987394957983
EAL	238	NZ_CP028714.1_3341	227	3.3e-53	34	238	2	205	0.857142857143
BLUF	92	NZ_CP028714.1_3345	404	5.6e-26	1	91	2	92	0.978260869565
EAL	238	NZ_CP028714.1_3345	404	8.2e-51	12	237	171	388	0.945378151261
MerR	38	NZ_CP028714.1_3346	244	1.6e-15	1	38	5	42	0.973684210526
HTH_3	55	NZ_CP028714.1_3401	76	8.4e-05	11	49	15	52	0.690909090909
dCache_1	249	NZ_CP028714.1_341	607	3.4e-17	15	203	49	223	0.755020080321
HisKA	64	NZ_CP028714.1_341	607	2.3e-08	1	60	384	448	0.921875
HATPase_c	111	NZ_CP028714.1_341	607	1.2e-20	2	108	495	599	0.954954954955
NUDIX	131	NZ_CP028714.1_3418	154	8.9e-21	2	116	4	114	0.870229007634
Response_reg	112	NZ_CP028714.1_342	453	1.8e-25	1	111	10	119	0.982142857143
AAA	132	NZ_CP028714.1_342	453	1.7e-06	1	112	171	292	0.840909090909
HTH_8	42	NZ_CP028714.1_342	453	9.1e-12	3	42	400	439	0.928571428571
Response_reg	112	NZ_CP028714.1_3422	224	2.6e-27	1	111	3	112	0.982142857143
Trans_reg_C	77	NZ_CP028714.1_3422	224	1.7e-21	2	77	146	220	0.974025974026
HisKA	64	NZ_CP028714.1_3423	487	1.4e-05	6	64	272	330	0.90625
HATPase_c	111	NZ_CP028714.1_3423	487	4.1e-13	3	97	376	466	0.846846846847
SBP_bac_1	315	NZ_CP028714.1_3429	349	2.3e-15	13	314	41	284	0.955555555556
Glucokinase	316	NZ_CP028714.1_3433	304	3.6e-11	4	265	6	256	0.825949367089
TetR_N	47	NZ_CP028714.1_3441	211	1.9e-17	2	47	25	70	0.957446808511
Pyr_redox_2	292	NZ_CP028714.1_3443	435	2.4e-74	1	292	6	338	0.996575342466
PTS_EIIC	324	NZ_CP028714.1_3451	478	7.3e-87	1	324	13	320	0.996913580247
Pyr_redox_2	292	NZ_CP028714.1_347	473	3.4e-64	1	292	5	333	0.996575342466
Pyr_redox_2	292	NZ_CP028714.1_3492	373	9.5e-05	1	112	3	207	0.380136986301
Rhodanese	107	NZ_CP028714.1_3496	351	1.2e-15	2	106	138	233	0.971962616822
Aminotran_1_2	363	NZ_CP028714.1_350	398	3.7e-87	2	362	27	392	0.99173553719
GerE	57	NZ_CP028714.1_3510	217	2.1e-22	2	57	155	210	0.964912280702
AAA	132	NZ_CP028714.1_3538	260	6.9e-07	1	74	105	180	0.55303030303
HTH_7	45	NZ_CP028714.1_3539	341	1.2e-10	13	44	9	40	0.688888888889
MarR	59	NZ_CP028714.1_3550	167	7e-13	1	58	52	111	0.966101694915
EAL	238	NZ_CP028714.1_3551	247	1.5e-18	13	235	20	230	0.932773109244
FUR	120	NZ_CP028714.1_356	172	4.6e-17	2	118	20	138	0.966666666667
HTH_IclR	52	NZ_CP028714.1_3560	74	4.2e-05	8	52	5	48	0.846153846154
DeoRC	160	NZ_CP028714.1_3566	94	3.5e-21	96	160	2	66	0.4
HTH_DeoR	57	NZ_CP028714.1_3567	84	5.2e-24	1	57	18	74	0.982456140351
SIS	131	NZ_CP028714.1_3568	208	1.4e-09	44	130	91	182	0.656488549618
Aminotran_1_2	363	NZ_CP028714.1_3570	388	9.2e-35	43	348	66	372	0.840220385675
GGDEF	161	NZ_CP028714.1_3578	456	4.7e-52	1	161	282	439	0.993788819876
TPR_2	34	NZ_CP028714.1_3579	742	1.1e-05	1	34	98	131	0.970588235294
LexA_DNA_bind	65	NZ_CP028714.1_359	203	1.4e-33	1	65	1	65	0.984615384615
TetR_N	47	NZ_CP028714.1_3590	213	5.4e-17	1	47	23	69	0.978723404255
Nitroreductase	170	NZ_CP028714.1_3595	197	8.4e-16	5	170	18	174	0.970588235294
Response_reg	112	NZ_CP028714.1_3607	231	4.1e-29	1	111	5	113	0.982142857143
Trans_reg_C	77	NZ_CP028714.1_3607	231	1.3e-18	1	77	153	225	0.987012987013
Peripla_BP_1	279	NZ_CP028714.1_3608	343	1.9e-96	1	279	44	337	0.996415770609
HisKA	64	NZ_CP028714.1_3609	896	1.3e-18	1	64	428	493	0.984375
HATPase_c	111	NZ_CP028714.1_3609	896	1.2e-28	1	110	542	648	0.981981981982
Response_reg	112	NZ_CP028714.1_3609	896	2.3e-16	2	109	670	777	0.955357142857
Fer4	24	NZ_CP028714.1_3610	358	2e-06	3	20	246	263	0.708333333333
Fer4	24	NZ_CP028714.1_3610	358	1.1e-05	7	20	277	290	0.541666666667
LysR_substrate	209	NZ_CP028714.1_3650	320	6.4e-06	8	130	29	155	0.583732057416
SBP_bac_3	225	NZ_CP028714.1_3650	320	9e-12	87	216	111	240	0.573333333333
Aminotran_1_2	363	NZ_CP028714.1_3658	397	5.1e-98	3	363	28	392	0.99173553719
SBP_bac_1	315	NZ_CP028714.1_367	397	1.8e-44	9	313	45	315	0.965079365079
EPSP_synthase	417	NZ_CP028714.1_3678	428	1.6e-157	2	417	7	420	0.99520383693
Fer4	24	NZ_CP028714.1_3688	206	4.3e-06	2	18	8	24	0.666666666667
Fer4	24	NZ_CP028714.1_3688	206	1.5e-09	1	23	92	114	0.916666666667
AAA	132	NZ_CP028714.1_3691	448	2.7e-19	1	126	53	159	0.94696969697
MarR	59	NZ_CP028714.1_3694	165	6.3e-05	8	48	19	59	0.677966101695
AsnC_trans_reg	75	NZ_CP028714.1_3694	165	1.2e-26	1	75	78	152	0.986666666667
Pyr_redox_2	292	NZ_CP028714.1_3695	357	5.4e-54	2	290	43	336	0.986301369863
AAA	132	NZ_CP028714.1_3707	759	7.8e-15	2	125	211	342	0.931818181818
AAA	132	NZ_CP028714.1_3707	759	7.2e-10	2	111	492	607	0.825757575758
Aminotran_1_2	363	NZ_CP028714.1_3719	334	3.6e-11	38	327	28	303	0.796143250689
SBP_bac_3	225	NZ_CP028714.1_3726	244	2.9e-68	1	224	23	242	0.991111111111
SBP_bac_3	225	NZ_CP028714.1_3729	244	8.3e-73	1	224	23	242	0.991111111111
SBP_bac_1	315	NZ_CP028714.1_3735	371	9.9e-19	17	312	44	303	0.936507936508
Nitroreductase	170	NZ_CP028714.1_3738	241	9e-19	4	170	11	159	0.976470588235
TrkA_C	70	NZ_CP028714.1_3742	562	1.5e-10	13	64	229	281	0.728571428571
TrkA_C	70	NZ_CP028714.1_3742	562	6.3e-11	2	69	304	371	0.957142857143
Sigma70_r4_2	54	NZ_CP028714.1_3768	589	2.3e-06	15	49	13	46	0.62962962963
ACT	67	NZ_CP028714.1_377	450	2.3e-08	12	66	323	378	0.805970149254
TetR_N	47	NZ_CP028714.1_3788	179	5.5e-11	1	47	13	59	0.978723404255
HTH_DeoR	57	NZ_CP028714.1_3794	253	1.1e-16	1	55	8	59	0.947368421053
DeoRC	160	NZ_CP028714.1_3794	253	1.2e-47	3	159	76	232	0.975
Sigma70_r4	50	NZ_CP028714.1_380	316	4.6e-08	14	46	15	47	0.64
GGDEF	161	NZ_CP028714.1_3800	443	3e-27	1	160	295	437	0.987577639752
dCache_1	249	NZ_CP028714.1_3801	783	3.8e-07	7	196	39	237	0.759036144578
EAL	238	NZ_CP028714.1_3801	783	5.1e-67	2	238	532	767	0.991596638655
SBP_bac_5	377	NZ_CP028714.1_3804	513	7.7e-100	2	375	71	429	0.989389920424
CbiA	128	NZ_CP028714.1_3805	624	4.5e-05	6	55	49	202	0.3828125
Fe_dep_repress	60	NZ_CP028714.1_3816	156	1.2e-12	6	60	38	92	0.9
Fe_dep_repr_C	70	NZ_CP028714.1_3816	156	1.2e-16	1	56	95	149	0.785714285714
SBP_bac_3	225	NZ_CP028714.1_3822	249	1.1e-72	1	224	27	244	0.991111111111
Glycos_trans_3N	63	NZ_CP028714.1_3833	321	2.3e-11	2	62	5	69	0.952380952381
TetR_N	47	NZ_CP028714.1_3836	224	9.1e-16	1	47	17	62	0.978723404255
CbiA	128	NZ_CP028714.1_3854	226	1.8e-16	2	126	6	218	0.96875
Aminotran_1_2	363	NZ_CP028714.1_3856	385	7.3e-70	3	363	41	380	0.99173553719
HTH_1	60	NZ_CP028714.1_3865	318	1.4e-21	2	60	6	64	0.966666666667
LysR_substrate	209	NZ_CP028714.1_3865	318	4.2e-45	4	205	91	291	0.961722488038
TOBE	64	NZ_CP028714.1_3868	353	2e-19	1	62	290	350	0.953125
SBP_bac_1	315	NZ_CP028714.1_3870	258	1.4e-18	1	314	34	246	0.993650793651
HTH_1	60	NZ_CP028714.1_3872	263	1.2e-15	2	60	20	83	0.966666666667
TOBE	64	NZ_CP028714.1_3872	263	7.3e-14	1	62	125	187	0.953125
TOBE	64	NZ_CP028714.1_3872	263	9.9e-16	3	63	199	257	0.9375
TPR_2	34	NZ_CP028714.1_3884	264	4.1e-05	2	33	181	212	0.911764705882
TPR_2	34	NZ_CP028714.1_3895	342	1.1e-06	2	33	236	267	0.911764705882
TPR_1	34	NZ_CP028714.1_3895	342	5.2e-05	2	21	270	289	0.558823529412
TPR_1	34	NZ_CP028714.1_3895	342	4e-06	1	28	309	336	0.794117647059
Citrate_synt	361	NZ_CP028714.1_3905	428	8.3e-134	1	361	46	410	0.997229916898
B12-binding_2	75	NZ_CP028714.1_391	1228	3.3e-27	2	75	660	733	0.973333333333
B12-binding	121	NZ_CP028714.1_391	1228	3.9e-20	2	94	748	840	0.760330578512
HTH_IclR	52	NZ_CP028714.1_392	275	1.2e-20	1	51	26	76	0.961538461538
IclR	129	NZ_CP028714.1_392	275	1.5e-43	4	127	145	267	0.953488372093
HisKA	64	NZ_CP028714.1_3920	895	1.6e-12	2	64	664	730	0.96875
HATPase_c	111	NZ_CP028714.1_3920	895	6.3e-25	5	110	777	882	0.945945945946
Response_reg	112	NZ_CP028714.1_3921	226	2.2e-31	1	111	4	112	0.982142857143
Trans_reg_C	77	NZ_CP028714.1_3921	226	8e-24	2	77	148	223	0.974025974026
FUR	120	NZ_CP028714.1_3929	149	7.6e-51	1	120	10	130	0.991666666667
HTH_DeoR	57	NZ_CP028714.1_3933	254	4.4e-21	1	54	6	59	0.929824561404
DeoRC	160	NZ_CP028714.1_3933	254	2.3e-49	4	160	77	232	0.975
PTS_EIIC	324	NZ_CP028714.1_3942	649	5.2e-77	2	324	12	300	0.993827160494
MarR	59	NZ_CP028714.1_3945	407	6e-09	10	48	25	63	0.64406779661
CBS	57	NZ_CP028714.1_3952	293	7e-10	1	53	69	124	0.912280701754
CBS	57	NZ_CP028714.1_3952	293	6.6e-07	8	56	141	189	0.842105263158
SBP_bac_3	225	NZ_CP028714.1_3956	303	3.9e-51	1	224	42	271	0.991111111111
HTH_1	60	NZ_CP028714.1_3975	131	4.8e-05	27	59	10	42	0.533333333333
Response_reg	112	NZ_CP028714.1_3983	227	2.9e-21	2	110	8	117	0.964285714286
dCache_1	249	NZ_CP028714.1_3984	553	7e-06	14	164	37	173	0.602409638554
PAS	113	NZ_CP028714.1_3984	553	4.2e-07	4	64	225	285	0.530973451327
HATPase_c	111	NZ_CP028714.1_3984	553	2e-16	2	109	429	539	0.963963963964
Pyr_redox_2	292	NZ_CP028714.1_3995	532	4.7e-46	1	291	223	513	0.993150684932
HTH_1	60	NZ_CP028714.1_3998	301	7e-21	1	59	12	70	0.966666666667
LysR_substrate	209	NZ_CP028714.1_3998	301	1.6e-11	44	207	137	299	0.77990430622
Aminotran_1_2	363	NZ_CP028714.1_4001	387	3.7e-59	3	363	32	383	0.99173553719
Peripla_BP_2	238	NZ_CP028714.1_4010	319	3.6e-32	1	236	49	297	0.987394957983
Response_reg	112	NZ_CP028714.1_402	442	2.5e-32	1	111	8	117	0.982142857143
AAA	132	NZ_CP028714.1_402	442	4.2e-07	1	126	165	296	0.94696969697
HTH_8	42	NZ_CP028714.1_402	442	4e-17	3	41	403	441	0.904761904762
Nitroreductase	170	NZ_CP028714.1_4026	218	6.9e-37	2	170	8	193	0.988235294118
HisKA	64	NZ_CP028714.1_403	459	5.7e-15	1	60	237	299	0.921875
HATPase_c	111	NZ_CP028714.1_403	459	4.6e-27	2	110	346	450	0.972972972973
Response_reg	112	NZ_CP028714.1_4033	228	5.7e-29	2	112	4	113	0.982142857143
Trans_reg_C	77	NZ_CP028714.1_4033	228	6.9e-28	1	77	146	221	0.987012987013
HisKA	64	NZ_CP028714.1_4034	481	3.8e-13	2	63	262	326	0.953125
HATPase_c	111	NZ_CP028714.1_4034	481	5.5e-23	1	108	371	479	0.963963963964
TPR_1	34	NZ_CP028714.1_4036	991	4.4e-05	1	34	612	645	0.970588235294
HTH_IclR	52	NZ_CP028714.1_4064	272	7.1e-14	1	51	23	73	0.961538461538
IclR	129	NZ_CP028714.1_4064	272	2.7e-43	3	128	141	263	0.968992248062
HTH_1	60	NZ_CP028714.1_4066	309	1.5e-21	3	60	6	63	0.95
LysR_substrate	209	NZ_CP028714.1_4066	309	3.6e-22	5	205	91	290	0.956937799043
AAA	132	NZ_CP028714.1_4074	226	5.2e-07	2	118	37	204	0.878787878788
MerR	38	NZ_CP028714.1_4079	136	7.1e-18	1	38	2	39	0.973684210526
HMA	62	NZ_CP028714.1_4082	835	2.1e-13	3	62	8	62	0.951612903226
HMA	62	NZ_CP028714.1_4082	835	3.7e-17	4	61	105	159	0.91935483871
HTH_3	55	NZ_CP028714.1_4083	114	5.1e-12	1	54	16	69	0.963636363636
PfkB	302	NZ_CP028714.1_4091	435	6e-11	24	235	79	293	0.698675496689
HATPase_c	111	NZ_CP028714.1_4095	625	5e-16	1	109	27	182	0.972972972973
AAA	132	NZ_CP028714.1_4098	644	5.6e-13	2	125	42	171	0.931818181818
Pribosyltran	159	NZ_CP028714.1_4099	184	2.4e-17	2	124	31	156	0.767295597484
TetR_N	47	NZ_CP028714.1_4104	216	1.5e-21	1	47	16	62	0.978723404255
NUDIX	131	NZ_CP028714.1_411	258	1.1e-19	7	116	132	234	0.832061068702
EAL	238	NZ_CP028714.1_4111	517	9.3e-68	3	237	274	501	0.983193277311
Ammonium_transp	399	NZ_CP028714.1_4116	429	1.2e-133	1	399	33	426	0.997493734336
HTH_11	55	NZ_CP028714.1_4120	153	2.1e-06	3	46	7	49	0.781818181818
AsnC_trans_reg	75	NZ_CP028714.1_4120	153	7.8e-24	1	75	68	142	0.986666666667
SBP_bac_5	377	NZ_CP028714.1_4122	567	1.5e-17	2	161	165	303	0.42175066313
AAA	132	NZ_CP028714.1_4128	785	1.6e-19	1	128	352	489	0.962121212121
AAA	132	NZ_CP028714.1_4129	425	3.7e-17	1	98	115	220	0.734848484848
PAS	113	NZ_CP028714.1_4167	432	1.2e-12	2	113	99	194	0.982300884956
HisKA	64	NZ_CP028714.1_4167	432	2.2e-20	1	63	203	268	0.96875
HATPase_c	111	NZ_CP028714.1_4167	432	1.2e-28	1	109	313	423	0.972972972973
Response_reg	112	NZ_CP028714.1_4168	230	4.8e-31	1	112	5	117	0.991071428571
Trans_reg_C	77	NZ_CP028714.1_4168	230	1.3e-30	2	77	151	225	0.974025974026
Glucokinase	316	NZ_CP028714.1_4172	303	7.1e-12	4	235	6	237	0.731012658228
SKI	158	NZ_CP028714.1_4178	175	5.7e-50	1	157	11	168	0.987341772152
MASE2	89	NZ_CP028714.1_4181	372	2.5e-30	1	89	40	128	0.988764044944
GGDEF	161	NZ_CP028714.1_4181	372	4.9e-49	2	161	211	366	0.987577639752
Rrf2	83	NZ_CP028714.1_4192	208	1e-05	26	61	161	196	0.421686746988
AAA	132	NZ_CP028714.1_4197	256	6.5e-05	2	98	31	180	0.727272727273
PIG-L	131	NZ_CP028714.1_4199	224	1.8e-24	1	130	20	141	0.984732824427
LacI	46	NZ_CP028714.1_4207	364	5.5e-24	1	46	8	53	0.978260869565
Peripla_BP_3	164	NZ_CP028714.1_4207	364	1.3e-34	1	164	174	332	0.993902439024
Citrate_synt	361	NZ_CP028714.1_4215	390	4e-117	2	360	22	370	0.991689750693
AAA	132	NZ_CP028714.1_4217	529	0.0001	1	109	242	367	0.818181818182
HTH_8	42	NZ_CP028714.1_4217	529	2.7e-12	11	40	498	527	0.690476190476
HTH_1	60	NZ_CP028714.1_4229	311	4.6e-19	4	60	10	66	0.933333333333
LysR_substrate	209	NZ_CP028714.1_4229	311	1.4e-21	2	191	91	280	0.904306220096
GerE	57	NZ_CP028714.1_4230	363	2.4e-12	3	51	25	73	0.842105263158
EAL	238	NZ_CP028714.1_4230	363	1.1e-62	3	238	112	346	0.987394957983
TetR_N	47	NZ_CP028714.1_4232	196	1.8e-16	1	46	14	59	0.957446808511
GerE	57	NZ_CP028714.1_4237	265	1.6e-10	3	48	135	180	0.789473684211
Fer4	24	NZ_CP028714.1_4243	476	5e-06	6	20	310	324	0.583333333333
AraC_binding	136	NZ_CP028714.1_4245	285	1.8e-05	26	67	41	83	0.301470588235
HTH_18	81	NZ_CP028714.1_4245	285	3.8e-22	1	81	199	278	0.987654320988
Pyr_redox_2	292	NZ_CP028714.1_4246	442	1.9e-60	2	282	5	297	0.958904109589
HTH_18	81	NZ_CP028714.1_4249	286	3.2e-22	1	81	27	106	0.987654320988
GyrI-like	155	NZ_CP028714.1_4249	286	2.1e-13	2	155	127	283	0.987096774194
HTH_1	60	NZ_CP028714.1_4253	298	1e-23	1	60	6	65	0.983333333333
LysR_substrate	209	NZ_CP028714.1_4253	298	1e-42	2	205	90	294	0.971291866029
HTH_1	60	NZ_CP028714.1_4254	309	2.1e-20	4	60	12	68	0.933333333333
LysR_substrate	209	NZ_CP028714.1_4254	309	1.1e-33	3	206	94	301	0.971291866029
GerE	57	NZ_CP028714.1_4260	181	1.2e-13	3	45	129	171	0.736842105263
MarR	59	NZ_CP028714.1_4269	175	4.6e-11	2	58	63	121	0.949152542373
Phage_AlpA	51	NZ_CP028714.1_4275	62	3.1e-17	1	51	1	50	0.980392156863
HTH_11	55	NZ_CP028714.1_429	322	9.8e-15	4	54	9	58	0.909090909091
Phage_AlpA	51	NZ_CP028714.1_4294	68	3.7e-21	3	51	7	55	0.941176470588
Pribosyltran	159	NZ_CP028714.1_4301	153	1.5e-17	4	157	11	144	0.962264150943
HTH_3	55	NZ_CP028714.1_4311	191	2e-06	6	28	162	184	0.4
GntR	64	NZ_CP028714.1_4313	301	2.8e-05	25	61	50	86	0.5625
Sigma70_r2	71	NZ_CP028714.1_4316	240	1.1e-12	3	70	28	97	0.943661971831
Sigma70_r3	78	NZ_CP028714.1_4316	240	7.2e-05	6	58	109	160	0.666666666667
Sigma70_r4	50	NZ_CP028714.1_4316	240	6.9e-15	1	49	185	233	0.96
Trans_reg_C	77	NZ_CP028714.1_4323	281	4.5e-15	4	76	26	97	0.935064935065
HTH_8	42	NZ_CP028714.1_4350	329	8.8e-11	7	40	284	317	0.785714285714
TetR_N	47	NZ_CP028714.1_436	235	4e-10	7	43	41	77	0.765957446809
SIS	131	NZ_CP028714.1_4363	193	2.4e-10	52	105	110	163	0.404580152672
FHA	69	NZ_CP028714.1_4384	427	3.2e-06	3	69	40	104	0.95652173913
AAA	132	NZ_CP028714.1_4388	921	6.5e-08	3	110	221	332	0.810606060606
AAA	132	NZ_CP028714.1_4388	921	1.6e-08	2	110	646	763	0.818181818182
Pyr_redox_2	292	NZ_CP028714.1_439	467	3.7e-60	1	292	7	326	0.996575342466
HTH_1	60	NZ_CP028714.1_440	303	1.1e-22	1	59	3	61	0.966666666667
LysR_substrate	209	NZ_CP028714.1_440	303	5e-56	4	208	89	293	0.976076555024
HTH_1	60	NZ_CP028714.1_4402	305	3.8e-22	3	60	7	64	0.95
LysR_substrate	209	NZ_CP028714.1_4402	305	3.7e-45	2	207	89	292	0.980861244019
Glyoxalase	128	NZ_CP028714.1_4419	130	5.1e-25	2	128	7	126	0.984375
NTP_transf_2	95	NZ_CP028714.1_4440	891	1.1e-08	14	70	86	137	0.589473684211
HD	122	NZ_CP028714.1_4440	891	1.6e-16	1	121	468	601	0.983606557377
ACT	67	NZ_CP028714.1_4440	891	5.1e-09	2	53	709	758	0.761194029851
ACT	67	NZ_CP028714.1_4440	891	1.3e-10	3	64	817	874	0.910447761194
Diacid_rec	134	NZ_CP028714.1_4444	386	5.2e-51	1	133	6	138	0.985074626866
HD	122	NZ_CP028714.1_4446	506	6.6e-11	1	54	66	136	0.434426229508
Peripla_BP_2	238	NZ_CP028714.1_4448	267	4.1e-26	1	202	26	217	0.844537815126
Peripla_BP_2	238	NZ_CP028714.1_4454	297	6.4e-29	1	234	38	269	0.978991596639
Pribosyltran	159	NZ_CP028714.1_4481	183	4.2e-25	10	158	17	164	0.930817610063
HTH_18	81	NZ_CP028714.1_449	284	4.5e-23	1	81	191	270	0.987654320988
Pyr_redox_2	292	NZ_CP028714.1_4490	475	4.1e-65	2	292	8	328	0.993150684932
GntR	64	NZ_CP028714.1_4493	255	1.6e-27	2	64	12	74	0.96875
T2SSE	273	NZ_CP028714.1_4503	462	7.4e-88	4	272	89	353	0.981684981685
NUDIX	131	NZ_CP028714.1_4509	133	6.9e-23	3	130	5	125	0.969465648855
LacI	46	NZ_CP028714.1_4528	335	5.3e-21	1	46	2	50	0.978260869565
Peripla_BP_1	279	NZ_CP028714.1_4528	335	5e-16	2	267	62	312	0.94982078853
ACT	67	NZ_CP028714.1_4529	164	8.9e-17	2	66	4	68	0.955223880597
HTH_1	60	NZ_CP028714.1_4531	315	1.8e-20	1	58	24	81	0.95
LysR_substrate	209	NZ_CP028714.1_4531	315	2.4e-18	31	205	137	309	0.832535885167
SBP_bac_5	377	NZ_CP028714.1_4537	552	1.4e-20	3	162	165	306	0.42175066313
SBP_bac_1	315	NZ_CP028714.1_4538	328	1.4e-18	14	314	40	272	0.952380952381
AraC_binding	136	NZ_CP028714.1_4544	282	9.7e-29	4	136	23	160	0.970588235294
HTH_18	81	NZ_CP028714.1_4544	282	5.4e-22	1	80	200	278	0.975308641975
PTS-HPr	82	NZ_CP028714.1_455	834	1.1e-13	5	80	7	84	0.914634146341
HTH_1	60	NZ_CP028714.1_4586	300	1.4e-17	2	60	7	65	0.966666666667
LysR_substrate	209	NZ_CP028714.1_4586	300	7.6e-14	9	199	96	284	0.909090909091
peroxidase	229	NZ_CP028714.1_460	727	3.2e-50	4	229	77	396	0.982532751092
peroxidase	229	NZ_CP028714.1_460	727	2.8e-37	3	229	403	700	0.986899563319
PALP	294	NZ_CP028714.1_4602	429	6.4e-26	30	281	99	369	0.853741496599
ACT	67	NZ_CP028714.1_4604	821	7.7e-10	6	61	324	376	0.820895522388
ACT	67	NZ_CP028714.1_4604	821	1.8e-08	6	51	405	447	0.671641791045
Response_reg	112	NZ_CP028714.1_4606	239	9.1e-29	1	110	6	113	0.973214285714
Trans_reg_C	77	NZ_CP028714.1_4606	239	2.7e-20	1	77	156	232	0.987012987013
dCache_1	249	NZ_CP028714.1_4608	475	6.8e-05	59	154	81	164	0.381526104418
HisKA	64	NZ_CP028714.1_4608	475	1.4e-14	5	63	259	319	0.90625
HATPase_c	111	NZ_CP028714.1_4608	475	1.3e-18	5	106	367	468	0.90990990991
Response_reg	112	NZ_CP028714.1_4609	230	3.9e-28	1	111	6	115	0.982142857143
Trans_reg_C	77	NZ_CP028714.1_4609	230	1.6e-25	2	77	151	226	0.974025974026
HTH_18	81	NZ_CP028714.1_4611	290	1.5e-21	1	80	27	105	0.975308641975
GyrI-like	155	NZ_CP028714.1_4611	290	8.7e-24	2	155	127	288	0.987096774194
Trp_repressor	88	NZ_CP028714.1_4614	99	2.6e-30	1	86	7	92	0.965909090909
HTH_3	55	NZ_CP028714.1_4617	95	1.6e-11	1	45	35	79	0.8
HTH_3	55	NZ_CP028714.1_4619	411	3.9e-11	1	52	7	59	0.927272727273
Glycos_trans_3N	63	NZ_CP028714.1_4627	441	9.8e-21	2	63	6	67	0.968253968254
GerE	57	NZ_CP028714.1_4643	226	1.7e-17	2	54	152	204	0.912280701754
GerE	57	NZ_CP028714.1_4644	242	6.4e-12	2	56	153	207	0.947368421053
AAA	132	NZ_CP028714.1_4648	246	2.6e-08	2	120	103	214	0.893939393939
GntR	64	NZ_CP028714.1_4652	302	6.7e-08	22	57	26	61	0.546875
DctP	286	NZ_CP028714.1_4655	324	3.1e-68	5	281	33	306	0.965034965035
MCPsignal	172	NZ_CP028714.1_4658	555	1.3e-62	1	172	327	484	0.994186046512
GntR	64	NZ_CP028714.1_4670	471	1.9e-17	2	64	4	66	0.96875
Aminotran_1_2	363	NZ_CP028714.1_4670	471	3.4e-37	21	363	122	461	0.942148760331
Aminotran_1_2	363	NZ_CP028714.1_468	387	5.2e-09	49	192	57	178	0.393939393939
HTH_1	60	NZ_CP028714.1_4682	304	1e-15	4	59	16	71	0.916666666667
LysR_substrate	209	NZ_CP028714.1_4682	304	2.7e-27	4	206	99	297	0.966507177033
PAS	113	NZ_CP028714.1_4685	645	5e-10	5	112	222	317	0.946902654867
HTH_8	42	NZ_CP028714.1_4685	645	1.4e-13	1	40	593	632	0.928571428571
LacI	46	NZ_CP028714.1_473	342	1.1e-21	1	46	11	56	0.978260869565
Peripla_BP_3	164	NZ_CP028714.1_473	342	2.6e-46	1	164	176	337	0.993902439024
AAA	132	NZ_CP028714.1_476	444	7e-09	1	56	53	106	0.416666666667
AAA	132	NZ_CP028714.1_476	444	2.4e-08	39	130	226	332	0.689393939394
SBP_bac_1	315	NZ_CP028714.1_490	330	3.4e-20	4	315	32	272	0.987301587302
Response_reg	112	NZ_CP028714.1_494	233	4.8e-31	1	112	4	112	0.991071428571
Trans_reg_C	77	NZ_CP028714.1_494	233	1.6e-23	1	77	152	228	0.987012987013
HisKA	64	NZ_CP028714.1_495	458	2.7e-16	1	63	238	299	0.96875
HATPase_c	111	NZ_CP028714.1_495	458	5.4e-22	2	110	346	454	0.972972972973
AraC_binding	136	NZ_CP028714.1_500	313	1.9e-24	7	129	52	175	0.897058823529
HTH_18	81	NZ_CP028714.1_500	313	1.5e-23	2	79	229	305	0.950617283951
AraC_binding	136	NZ_CP028714.1_501	279	2.4e-25	4	136	16	154	0.970588235294
HTH_18	81	NZ_CP028714.1_501	279	1e-27	2	80	194	271	0.962962962963
Fer4	24	NZ_CP028714.1_511	301	1e-06	5	22	130	147	0.708333333333
HTH_3	55	NZ_CP028714.1_517	97	1.2e-10	1	38	37	74	0.672727272727
PfkB	302	NZ_CP028714.1_530	299	1.5e-57	1	301	1	286	0.993377483444
HTH_DeoR	57	NZ_CP028714.1_531	263	1.9e-25	1	56	11	66	0.964912280702
DeoRC	160	NZ_CP028714.1_531	263	6.2e-48	3	159	80	236	0.975
PAS	113	NZ_CP028714.1_534	350	3.1e-09	5	96	11	99	0.805309734513
HisKA	64	NZ_CP028714.1_534	350	3.9e-16	3	56	131	186	0.828125
HATPase_c	111	NZ_CP028714.1_534	350	3.2e-19	2	109	234	347	0.963963963964
Response_reg	112	NZ_CP028714.1_535	470	6.4e-33	1	111	6	115	0.982142857143
AAA	132	NZ_CP028714.1_535	470	2.7e-05	1	111	164	282	0.833333333333
HTH_8	42	NZ_CP028714.1_535	470	2.1e-17	3	42	427	466	0.928571428571
HTH_IclR	52	NZ_CP028714.1_567	256	3.4e-09	2	51	14	61	0.942307692308
IclR	129	NZ_CP028714.1_567	256	3.6e-23	5	128	128	243	0.953488372093
HTH_1	60	NZ_CP028714.1_583	302	3.9e-17	3	59	7	63	0.933333333333
LysR_substrate	209	NZ_CP028714.1_583	302	1.6e-26	2	205	89	290	0.971291866029
HTH_6	77	NZ_CP028714.1_584	282	6.9e-24	4	74	7	77	0.909090909091
SIS	131	NZ_CP028714.1_584	282	4.1e-22	1	130	126	255	0.984732824427
PTS_EIIC	324	NZ_CP028714.1_586	503	6.5e-76	1	322	18	328	0.990740740741
SIS	131	NZ_CP028714.1_587	186	8.5e-15	2	129	33	155	0.969465648855
HTH_1	60	NZ_CP028714.1_592	318	3.9e-18	2	60	5	63	0.966666666667
LysR_substrate	209	NZ_CP028714.1_592	318	1.2e-45	3	207	86	288	0.976076555024
Arg_repressor	70	NZ_CP028714.1_60	163	5.4e-16	6	66	14	75	0.857142857143
HEM4	232	NZ_CP028714.1_618	247	6.1e-42	2	231	14	242	0.987068965517
TPR_2	34	NZ_CP028714.1_620	399	1.9e-07	2	33	329	360	0.911764705882
Aminotran_1_2	363	NZ_CP028714.1_629	377	1.7e-12	67	190	46	155	0.338842975207
AAA	132	NZ_CP028714.1_637	420	7.5e-05	2	74	175	274	0.545454545455
HTH_1	60	NZ_CP028714.1_644	325	3e-23	1	60	31	90	0.983333333333
LysR_substrate	209	NZ_CP028714.1_644	325	7.1e-39	4	204	117	321	0.956937799043
PALP	294	NZ_CP028714.1_645	516	1.1e-79	5	294	30	317	0.982993197279
LacI	46	NZ_CP028714.1_65	316	4.3e-23	1	46	6	51	0.978260869565
Peripla_BP_3	164	NZ_CP028714.1_65	316	1.2e-20	2	156	168	312	0.939024390244
HTH_1	60	NZ_CP028714.1_652	280	2.6e-22	2	60	4	62	0.966666666667
LysR_substrate	209	NZ_CP028714.1_652	280	3.6e-15	4	201	87	270	0.942583732057
GntR	64	NZ_CP028714.1_654	231	5.7e-21	5	64	18	77	0.921875
LacI	46	NZ_CP028714.1_656	331	5.6e-23	1	46	3	48	0.978260869565
Peripla_BP_3	164	NZ_CP028714.1_656	331	1.6e-42	1	163	169	329	0.987804878049
PfkB	302	NZ_CP028714.1_657	310	1.5e-80	3	301	6	297	0.986754966887
Peripla_BP_1	279	NZ_CP028714.1_658	297	1.8e-28	2	250	27	268	0.888888888889
PTS_EIIC	324	NZ_CP028714.1_66	474	9.9e-34	2	323	113	405	0.990740740741
AAA	132	NZ_CP028714.1_663	499	2e-05	1	128	42	175	0.962121212121
HTH_11	55	NZ_CP028714.1_666	153	1.1e-06	19	54	26	66	0.636363636364
AsnC_trans_reg	75	NZ_CP028714.1_666	153	7.3e-20	5	74	76	143	0.92
SIS	131	NZ_CP028714.1_680	610	2.3e-36	1	130	289	418	0.984732824427
SIS	131	NZ_CP028714.1_680	610	5.1e-33	2	130	462	591	0.977099236641
PTS_EIIC	324	NZ_CP028714.1_687	625	1.9e-31	2	323	106	389	0.990740740741
HTH_1	60	NZ_CP028714.1_697	320	2.3e-15	1	57	10	66	0.933333333333
LysR_substrate	209	NZ_CP028714.1_697	320	4.9e-18	15	206	106	313	0.913875598086
Aminotran_1_2	363	NZ_CP028714.1_700	472	2.1e-05	32	189	66	229	0.432506887052
AAA	132	NZ_CP028714.1_705	468	1.5e-07	2	111	169	270	0.825757575758
HATPase_c	111	NZ_CP028714.1_708	805	1.7e-23	2	110	32	174	0.972972972973
GntR	64	NZ_CP028714.1_712	230	5.1e-16	3	64	7	68	0.953125
Pyr_redox_2	292	NZ_CP028714.1_717	367	2.6e-05	1	109	4	159	0.369863013699
TrkA_C	70	NZ_CP028714.1_722	554	5.8e-09	8	65	212	270	0.814285714286
TrkA_C	70	NZ_CP028714.1_722	554	5e-12	2	70	292	360	0.971428571429
AraC_binding	136	NZ_CP028714.1_723	289	2.6e-08	27	91	65	129	0.470588235294
HTH_18	81	NZ_CP028714.1_723	289	1.1e-18	2	80	207	284	0.962962962963
ACT	67	NZ_CP028714.1_731	97	6e-12	2	66	10	73	0.955223880597
Response_reg	112	NZ_CP028714.1_733	197	2.7e-26	1	111	4	112	0.982142857143
GerE	57	NZ_CP028714.1_733	197	6.7e-25	2	55	137	190	0.929824561404
MASE1	300	NZ_CP028714.1_734	501	1.1e-15	3	299	12	276	0.986666666667
HATPase_c	111	NZ_CP028714.1_734	501	3.1e-09	4	109	412	497	0.945945945946
HTH_11	55	NZ_CP028714.1_748	518	1.8e-10	1	53	7	63	0.945454545455
Mga	87	NZ_CP028714.1_748	518	2.3e-08	20	86	99	169	0.758620689655
PTS_EIIC	324	NZ_CP028714.1_751	364	4e-12	3	245	19	214	0.746913580247
Glucokinase	316	NZ_CP028714.1_754	311	1e-09	4	264	7	253	0.822784810127
HD	122	NZ_CP028714.1_761	703	6.1e-15	1	122	45	144	0.991803278689
Pribosyltran	159	NZ_CP028714.1_769	214	1.4e-13	13	129	48	159	0.729559748428
TetR_N	47	NZ_CP028714.1_770	199	5.4e-11	5	46	20	61	0.872340425532
Peripla_BP_1	279	NZ_CP028714.1_78	319	6.1e-18	15	224	37	253	0.749103942652
Aminotran_1_2	363	NZ_CP028714.1_791	399	1.2e-81	2	363	43	387	0.994490358127
Peptidase_M23	96	NZ_CP028714.1_795	420	5.9e-28	3	96	320	413	0.96875
Rhodanese	107	NZ_CP028714.1_797	144	9.4e-19	3	105	43	133	0.953271028037
GntR	64	NZ_CP028714.1_804	259	5.5e-24	1	64	8	71	0.984375
PTS_EIIC	324	NZ_CP028714.1_812	638	1.8e-22	1	324	17	277	0.996913580247
HTH_DeoR	57	NZ_CP028714.1_819	432	6.2e-06	15	43	384	412	0.491228070175
DctP	286	NZ_CP028714.1_825	329	3.6e-107	1	285	30	312	0.993006993007
HTH_IclR	52	NZ_CP028714.1_831	283	4.6e-16	1	50	25	74	0.942307692308
IclR	129	NZ_CP028714.1_831	283	5.8e-47	2	128	143	268	0.976744186047
Fer4	24	NZ_CP028714.1_832	156	1.6e-09	3	23	84	104	0.833333333333
Aminotran_1_2	363	NZ_CP028714.1_833	418	4e-23	126	348	165	391	0.611570247934
Peripla_BP_3	164	NZ_CP028714.1_836	393	2.1e-39	3	164	113	277	0.981707317073
HTH_18	81	NZ_CP028714.1_836	393	2.4e-21	3	79	309	384	0.938271604938
Peripla_BP_1	279	NZ_CP028714.1_839	331	7.7e-14	23	214	47	244	0.68458781362
Peripla_BP_3	164	NZ_CP028714.1_839	331	2.4e-07	66	152	200	292	0.524390243902
CBS	57	NZ_CP028714.1_85	448	2.7e-05	7	56	284	333	0.859649122807
HTH_3	55	NZ_CP028714.1_850	97	1.5e-07	1	43	38	80	0.763636363636
SBP_bac_5	377	NZ_CP028714.1_860	536	2.3e-110	1	375	73	453	0.992042440318
CbiA	128	NZ_CP028714.1_872	251	1.3e-08	5	128	8	215	0.9609375
TPR_2	34	NZ_CP028714.1_876	1158	4.2e-07	2	34	304	336	0.941176470588
GGDEF	161	NZ_CP028714.1_877	650	2.8e-13	6	161	234	381	0.962732919255
EAL	238	NZ_CP028714.1_877	650	2.6e-62	3	238	402	635	0.987394957983
PfkB	302	NZ_CP028714.1_880	310	1.3e-75	2	300	3	305	0.986754966887
EAL	238	NZ_CP028714.1_881	256	9.1e-32	10	238	27	242	0.957983193277
HTH_1	60	NZ_CP028714.1_885	324	7.5e-20	2	59	29	86	0.95
LysR_substrate	209	NZ_CP028714.1_885	324	6.2e-44	3	206	113	316	0.971291866029
GerE	57	NZ_CP028714.1_886	201	1.6e-23	1	57	140	196	0.982456140351
HTH_18	81	NZ_CP028714.1_890	275	3.7e-18	1	81	164	242	0.987654320988
HTH_18	81	NZ_CP028714.1_891	243	3.5e-14	1	79	158	234	0.962962962963
GerE	57	NZ_CP028714.1_896	176	8.9e-08	4	54	117	167	0.877192982456
HxlR	91	NZ_CP028714.1_90	127	6.7e-34	2	88	29	115	0.945054945055
Peripla_BP_2	238	NZ_CP028714.1_906	305	1.2e-33	1	237	53	281	0.991596638655
GerE	57	NZ_CP028714.1_909	177	5.5e-11	2	55	115	168	0.929824561404
Pyr_redox_2	292	NZ_CP028714.1_914	451	5.6e-72	1	292	5	318	0.996575342466
Pyr_redox_2	292	NZ_CP028714.1_922	398	2.7e-10	2	107	5	161	0.359589041096
PTS-HPr	82	NZ_CP028714.1_928	90	7.7e-30	2	81	3	82	0.963414634146
GntR	64	NZ_CP028714.1_933	249	5.9e-18	1	64	12	75	0.984375
Hemerythrin	131	NZ_CP028714.1_94	221	1.9e-29	3	131	77	216	0.977099236641
SBP_bac_5	377	NZ_CP028714.1_940	525	4.2e-95	2	369	68	433	0.973474801061
HMA	62	NZ_CP028714.1_947	733	5.5e-14	3	61	53	109	0.935483870968
CbiA	128	NZ_CP028714.1_952	499	6e-05	9	73	304	376	0.5
Sigma70_r2	71	NZ_CP028714.1_955	285	1.2e-18	1	70	53	122	0.971830985915
Sigma70_r4	50	NZ_CP028714.1_955	285	7e-19	1	50	228	280	0.98
SBP_bac_1	315	NZ_CP028714.1_963	439	1.9e-40	10	314	41	337	0.965079365079
LacI	46	NZ_CP028714.1_976	332	6.4e-20	2	46	8	52	0.95652173913
Peripla_BP_1	279	NZ_CP028714.1_976	332	9.2e-33	2	259	64	309	0.921146953405
SKI	158	NZ_CP028714.1_977	176	8.8e-14	1	157	17	171	0.987341772152
TetR_N	47	NZ_CP028714.1_98	216	1.1e-16	5	47	19	61	0.893617021277
Rhodanese	107	NZ_CP028714.1_997	109	4.7e-15	4	106	11	98	0.953271028037
HTH_DeoR	57	NZ_CP028714.1_999	253	8.6e-28	1	56	6	61	0.964912280702
DeoRC	160	NZ_CP028714.1_999	253	8e-58	2	159	74	231	0.98125
