GerE	57	NZ_CP028714.1_1003	902	1.1e-21	2	57	835	890	0.964912280702
TrmB	68	NZ_CP028714.1_1011	79	4.9e-08	18	59	11	53	0.602941176471
Trans_reg_C	77	NZ_CP028714.1_1016	240	2e-24	2	77	157	232	0.974025974026
Crp	32	NZ_CP028714.1_1058	211	1.6e-17	1	32	166	197	0.96875
HTH_3	55	NZ_CP028714.1_106	164	2.7e-08	1	53	23	75	0.945454545455
MerR	38	NZ_CP028714.1_1124	142	2.4e-14	1	38	3	40	0.973684210526
HTH_8	42	NZ_CP028714.1_1151	99	3.4e-16	2	42	55	95	0.952380952381
HTH_DeoR	57	NZ_CP028714.1_1157	272	5.1e-16	1	52	11	62	0.894736842105
HTH_1	60	NZ_CP028714.1_1176	310	1.4e-21	1	60	4	63	0.983333333333
Arg_repressor	70	NZ_CP028714.1_1182	157	1.6e-28	1	69	5	74	0.971428571429
HTH_DeoR	57	NZ_CP028714.1_119	252	2.1e-22	1	57	6	62	0.982456140351
GntR	64	NZ_CP028714.1_1192	261	8.4e-23	1	64	29	92	0.984375
HTH_DeoR	57	NZ_CP028714.1_1276	270	5.9e-23	1	57	18	74	0.982456140351
HTH_1	60	NZ_CP028714.1_1284	313	5.9e-21	2	60	10	68	0.966666666667
HTH_1	60	NZ_CP028714.1_1295	299	4.4e-18	1	60	9	68	0.983333333333
GntR	64	NZ_CP028714.1_1305	259	1.4e-24	1	64	9	72	0.984375
HTH_3	55	NZ_CP028714.1_1316	139	4e-09	1	54	84	135	0.963636363636
Rrf2	83	NZ_CP028714.1_132	142	4e-27	1	82	1	82	0.975903614458
LacI	46	NZ_CP028714.1_1323	328	9e-20	1	45	3	49	0.95652173913
PadR	75	NZ_CP028714.1_1327	208	5.4e-18	1	74	67	136	0.973333333333
HTH_1	60	NZ_CP028714.1_1337	311	2.4e-17	2	60	9	67	0.966666666667
HTH_6	77	NZ_CP028714.1_1374	296	6.4e-12	6	72	15	81	0.857142857143
Trans_reg_C	77	NZ_CP028714.1_1381	220	8.7e-25	1	77	145	216	0.987012987013
GntR	64	NZ_CP028714.1_1394	250	8.4e-22	3	63	11	71	0.9375
AraC_N	148	NZ_CP028714.1_1400	319	6.7e-40	2	147	47	197	0.97972972973
HTH_AraC	42	NZ_CP028714.1_1400	319	2.8e-11	1	42	219	260	0.97619047619
HTH_AraC	42	NZ_CP028714.1_1400	319	2.3e-09	14	38	281	306	0.571428571429
GntR	64	NZ_CP028714.1_1434	255	1.1e-15	4	62	11	69	0.90625
HTH_DeoR	57	NZ_CP028714.1_1494	261	1.3e-10	1	45	8	52	0.771929824561
LacI	46	NZ_CP028714.1_1502	344	1.4e-20	1	46	14	59	0.978260869565
HTH_8	42	NZ_CP028714.1_1539	416	1.6e-12	2	42	366	406	0.952380952381
PapB	91	NZ_CP028714.1_1550	91	2.4e-33	9	91	6	88	0.901098901099
HTH_3	55	NZ_CP028714.1_1552	341	2.6e-06	7	37	15	45	0.545454545455
GerE	57	NZ_CP028714.1_1557	161	6.3e-08	4	44	100	141	0.701754385965
GerE	57	NZ_CP028714.1_1558	170	1.6e-16	2	53	109	160	0.894736842105
HTH_AraC	42	NZ_CP028714.1_1563	279	9.8e-12	6	40	233	268	0.809523809524
HTH_AraC	42	NZ_CP028714.1_1605	287	2.6e-10	1	42	65	104	0.97619047619
HTH_1	60	NZ_CP028714.1_1685	313	5.1e-14	3	60	8	65	0.95
HTH_1	60	NZ_CP028714.1_1687	298	9.4e-21	2	60	7	64	0.966666666667
HTH_8	42	NZ_CP028714.1_1732	593	3.1e-15	2	42	548	587	0.952380952381
HTH_1	60	NZ_CP028714.1_1762	312	1.1e-18	1	59	6	64	0.966666666667
LacI	46	NZ_CP028714.1_1764	344	6.4e-23	1	46	3	48	0.978260869565
HTH_1	60	NZ_CP028714.1_1817	306	1.1e-23	1	60	8	67	0.983333333333
HTH_DeoR	57	NZ_CP028714.1_1820	244	1.9e-23	1	56	5	60	0.964912280702
SpoVT_AbrB	46	NZ_CP028714.1_1842	83	6.8e-14	1	45	7	51	0.95652173913
LacI	46	NZ_CP028714.1_1850	336	3.8e-21	1	46	8	56	0.978260869565
HTH_DeoR	57	NZ_CP028714.1_1891	256	7.2e-18	1	52	6	57	0.894736842105
HTH_8	42	NZ_CP028714.1_1896	693	2.7e-07	6	42	645	684	0.857142857143
GntR	64	NZ_CP028714.1_19	258	3.4e-25	1	64	10	73	0.984375
LacI	46	NZ_CP028714.1_1913	338	1.6e-23	1	46	4	49	0.978260869565
HTH_DeoR	57	NZ_CP028714.1_1920	258	1.9e-23	1	56	6	61	0.964912280702
MarR	59	NZ_CP028714.1_1942	177	1.2e-18	1	58	53	112	0.966101694915
GntR	64	NZ_CP028714.1_1954	445	8e-20	2	64	4	66	0.96875
HTH_5	47	NZ_CP028714.1_1960	100	3.4e-16	1	47	23	70	0.978723404255
GntR	64	NZ_CP028714.1_1963	221	2.3e-14	7	64	10	66	0.890625
HTH_1	60	NZ_CP028714.1_2012	294	5.3e-18	1	60	3	62	0.983333333333
HTH_6	77	NZ_CP028714.1_2028	283	2.8e-32	1	77	1	77	0.987012987013
MarR	59	NZ_CP028714.1_2039	398	1.9e-05	4	41	14	51	0.627118644068
Rrf2	83	NZ_CP028714.1_2052	163	2.6e-29	1	83	1	83	0.987951807229
HTH_3	55	NZ_CP028714.1_2067	336	1.5e-09	1	35	19	53	0.618181818182
HTH_AraC	42	NZ_CP028714.1_2131	351	2.4e-10	2	42	250	290	0.952380952381
HTH_AraC	42	NZ_CP028714.1_2131	351	1.8e-06	1	42	301	343	0.97619047619
HTH_1	60	NZ_CP028714.1_2157	309	1.1e-24	1	60	5	64	0.983333333333
HTH_1	60	NZ_CP028714.1_2161	295	8.3e-24	1	60	9	68	0.983333333333
HTH_3	55	NZ_CP028714.1_2164	120	5.7e-06	10	35	6	31	0.454545454545
HTH_AraC	42	NZ_CP028714.1_2176	286	8.7e-05	1	31	190	220	0.714285714286
HTH_AraC	42	NZ_CP028714.1_2176	286	1.8e-12	9	40	247	279	0.738095238095
LytTR	98	NZ_CP028714.1_2177	246	2.1e-35	2	97	147	243	0.969387755102
GerE	57	NZ_CP028714.1_2189	205	7.2e-24	1	57	142	198	0.982456140351
HTH_1	60	NZ_CP028714.1_2194	312	2.2e-22	2	60	18	76	0.966666666667
HTH_1	60	NZ_CP028714.1_2251	313	6.6e-20	1	59	13	71	0.966666666667
HTH_8	42	NZ_CP028714.1_2317	462	4.2e-16	3	42	415	454	0.928571428571
GerE	57	NZ_CP028714.1_2320	217	9.6e-21	2	56	150	204	0.947368421053
HTH_AraC	42	NZ_CP028714.1_2324	355	2.5e-13	7	42	98	133	0.833333333333
HTH_AraC	42	NZ_CP028714.1_2324	355	9.1e-06	6	42	145	182	0.857142857143
GerE	57	NZ_CP028714.1_2345	216	1.4e-26	2	56	153	207	0.947368421053
HTH_11	55	NZ_CP028714.1_2377	363	6.6e-07	1	53	4	51	0.945454545455
HTH_1	60	NZ_CP028714.1_2380	269	2.2e-10	23	60	2	39	0.616666666667
LacI	46	NZ_CP028714.1_2386	347	2e-23	1	46	3	48	0.978260869565
MerR	38	NZ_CP028714.1_2410	244	8.2e-15	1	38	5	42	0.973684210526
LytTR	98	NZ_CP028714.1_2412	240	1.2e-26	2	97	144	237	0.969387755102
GntR	64	NZ_CP028714.1_2436	249	4.3e-18	6	64	29	87	0.90625
FlhD	102	NZ_CP028714.1_244	193	2.4e-05	36	95	31	91	0.578431372549
HTH_DeoR	57	NZ_CP028714.1_2447	260	3e-18	1	53	8	60	0.912280701754
Trans_reg_C	77	NZ_CP028714.1_2452	241	1.4e-25	2	76	157	231	0.961038961039
HTH_1	60	NZ_CP028714.1_2518	317	1.1e-14	3	59	14	70	0.933333333333
Trans_reg_C	77	NZ_CP028714.1_252	513	4.1e-21	1	77	24	100	0.987012987013
HTH_AraC	42	NZ_CP028714.1_2545	305	9.5e-13	1	42	202	243	0.97619047619
HTH_AraC	42	NZ_CP028714.1_2545	305	7.5e-13	2	42	255	293	0.952380952381
GerE	57	NZ_CP028714.1_2555	71	1e-21	2	57	9	64	0.964912280702
HTH_1	60	NZ_CP028714.1_2575	317	1.3e-14	1	59	3	63	0.966666666667
HTH_1	60	NZ_CP028714.1_2576	306	8.4e-23	1	60	3	62	0.983333333333
HTH_AraC	42	NZ_CP028714.1_2590	320	4.6e-09	7	38	281	313	0.738095238095
Trans_reg_C	77	NZ_CP028714.1_2627	261	2.1e-26	4	77	183	255	0.948051948052
GerE	57	NZ_CP028714.1_2642	208	2.8e-21	2	56	137	191	0.947368421053
HTH_AraC	42	NZ_CP028714.1_267	303	2.2e-10	1	42	200	241	0.97619047619
HTH_AraC	42	NZ_CP028714.1_267	303	1.3e-13	6	42	254	291	0.857142857143
GerE	57	NZ_CP028714.1_2676	241	5e-25	2	57	179	234	0.964912280702
GerE	57	NZ_CP028714.1_2678	219	5.1e-23	2	57	149	204	0.964912280702
HTH_AraC	42	NZ_CP028714.1_269	254	1.5e-08	1	42	155	195	0.97619047619
HTH_AraC	42	NZ_CP028714.1_269	254	5.2e-10	7	40	209	243	0.785714285714
FlhD	102	NZ_CP028714.1_2694	117	1.2e-42	1	100	1	100	0.970588235294
FlhC	173	NZ_CP028714.1_2695	193	4.8e-84	1	172	1	172	0.988439306358
Trans_reg_C	77	NZ_CP028714.1_272	223	1.4e-22	1	77	145	216	0.987012987013
HTH_6	77	NZ_CP028714.1_2732	290	1.1e-34	1	76	1	76	0.974025974026
TrmB	68	NZ_CP028714.1_2759	264	8.7e-06	15	58	24	67	0.632352941176
CSD	66	NZ_CP028714.1_2762	70	2.8e-35	2	65	5	68	0.954545454545
HTH_AraC	42	NZ_CP028714.1_2790	273	1.1e-06	10	41	223	255	0.738095238095
HTH_DeoR	57	NZ_CP028714.1_2809	253	2.3e-19	1	55	6	60	0.947368421053
GntR	64	NZ_CP028714.1_283	244	8.2e-24	2	64	16	77	0.96875
HTH_AraC	42	NZ_CP028714.1_2843	280	7.9e-08	2	42	181	222	0.952380952381
HTH_AraC	42	NZ_CP028714.1_2843	280	3.8e-13	2	42	234	272	0.952380952381
HTH_AraC	42	NZ_CP028714.1_2881	304	7.6e-06	12	42	249	280	0.714285714286
HTH_1	60	NZ_CP028714.1_2916	311	6.3e-22	4	59	7	62	0.916666666667
LacI	46	NZ_CP028714.1_2917	342	4.8e-21	1	46	3	48	0.978260869565
MarR	59	NZ_CP028714.1_2933	145	1.2e-20	1	58	29	87	0.966101694915
HHA	57	NZ_CP028714.1_2951	72	2.3e-31	1	57	8	68	0.982456140351
LacI	46	NZ_CP028714.1_2956	343	7.6e-21	1	46	8	53	0.978260869565
HTH_6	77	NZ_CP028714.1_296	297	8e-29	2	77	15	90	0.974025974026
Trans_reg_C	77	NZ_CP028714.1_2969	240	6.6e-23	2	77	158	233	0.974025974026
HTH_1	60	NZ_CP028714.1_2982	298	2.5e-24	1	60	5	64	0.983333333333
Fe_dep_repress	60	NZ_CP028714.1_2983	407	6.7e-05	12	53	20	61	0.683333333333
GntR	64	NZ_CP028714.1_3001	229	2.6e-19	3	64	15	75	0.953125
GntR	64	NZ_CP028714.1_3008	233	1.9e-21	3	64	4	65	0.953125
HTH_AraC	42	NZ_CP028714.1_3015	128	1.2e-08	1	42	18	59	0.97619047619
HTH_AraC	42	NZ_CP028714.1_3015	128	7e-08	7	41	73	108	0.809523809524
MarR	59	NZ_CP028714.1_3016	145	3.7e-20	1	59	38	96	0.983050847458
HTH_1	60	NZ_CP028714.1_3019	294	2e-19	1	59	3	61	0.966666666667
HTH_3	55	NZ_CP028714.1_3028	95	9.7e-17	2	53	24	75	0.927272727273
Trp_repressor	88	NZ_CP028714.1_3032	149	7.2e-05	31	70	7	46	0.443181818182
HTH_3	55	NZ_CP028714.1_3032	149	2.7e-11	11	52	27	68	0.745454545455
Trp_repressor	88	NZ_CP028714.1_3042	149	7.2e-05	31	70	7	46	0.443181818182
HTH_3	55	NZ_CP028714.1_3042	149	2.7e-11	11	52	27	68	0.745454545455
HTH_AraC	42	NZ_CP028714.1_3070	254	2e-08	5	41	147	182	0.857142857143
HTH_AraC	42	NZ_CP028714.1_3070	254	2.2e-09	10	39	199	229	0.690476190476
HTH_3	55	NZ_CP028714.1_3087	95	2.1e-10	2	53	14	65	0.927272727273
GntR	64	NZ_CP028714.1_3128	469	2.1e-16	1	64	3	66	0.984375
HTH_3	55	NZ_CP028714.1_3131	179	9.2e-19	1	53	12	64	0.945454545455
HTH_1	60	NZ_CP028714.1_3141	308	3.5e-21	1	60	13	72	0.983333333333
HTH_11	55	NZ_CP028714.1_3169	216	3.2e-05	1	32	103	135	0.563636363636
HTH_AraC	42	NZ_CP028714.1_3169	216	8.6e-06	10	41	120	151	0.738095238095
HTH_AraC	42	NZ_CP028714.1_3169	216	6.5e-06	6	40	164	199	0.809523809524
Crp	32	NZ_CP028714.1_3171	251	2.4e-17	1	32	193	224	0.96875
HTH_1	60	NZ_CP028714.1_3176	300	9.4e-22	3	60	8	65	0.95
LacI	46	NZ_CP028714.1_3185	333	2.5e-23	1	46	4	49	0.978260869565
PspC	53	NZ_CP028714.1_3199	120	2.5e-17	1	51	8	65	0.943396226415
HTH_8	42	NZ_CP028714.1_3202	326	9.6e-08	5	41	286	322	0.857142857143
HTH_DeoR	57	NZ_CP028714.1_3219	250	7.9e-18	1	56	4	59	0.964912280702
HTH_1	60	NZ_CP028714.1_3230	325	4.9e-17	1	60	3	64	0.983333333333
GerE	57	NZ_CP028714.1_3283	217	8e-25	2	56	155	209	0.947368421053
HTH_1	60	NZ_CP028714.1_329	295	2e-23	1	60	3	62	0.983333333333
SirB	120	NZ_CP028714.1_3292	131	3.3e-37	3	120	6	127	0.975
HTH_8	42	NZ_CP028714.1_3303	640	3e-16	3	42	589	628	0.928571428571
MerR	38	NZ_CP028714.1_332	155	1.3e-15	1	38	13	49	0.973684210526
GntR	64	NZ_CP028714.1_3322	240	5.1e-22	4	64	11	71	0.9375
HTH_AraC	42	NZ_CP028714.1_333	108	1e-05	1	41	14	54	0.952380952381
HTH_AraC	42	NZ_CP028714.1_333	108	9.2e-15	1	42	66	105	0.97619047619
MerR	38	NZ_CP028714.1_3346	244	1.3e-15	1	38	5	42	0.973684210526
HTH_3	55	NZ_CP028714.1_3401	76	6.9e-05	11	49	15	52	0.690909090909
HTH_8	42	NZ_CP028714.1_342	453	7.5e-12	3	42	400	439	0.928571428571
Trans_reg_C	77	NZ_CP028714.1_3422	224	1.4e-21	2	77	146	220	0.974025974026
GerE	57	NZ_CP028714.1_3510	217	1.7e-22	2	57	155	210	0.964912280702
HTH_3	55	NZ_CP028714.1_3539	341	2.6e-06	7	37	15	45	0.545454545455
MarR	59	NZ_CP028714.1_3550	167	5.8e-13	1	58	52	111	0.966101694915
PapB	91	NZ_CP028714.1_3559	110	3.7e-39	6	91	8	96	0.934065934066
FUR	120	NZ_CP028714.1_356	172	3.8e-17	2	118	20	138	0.966666666667
HTH_DeoR	57	NZ_CP028714.1_3567	84	4.3e-24	1	57	18	74	0.982456140351
LexA_DNA_bind	65	NZ_CP028714.1_359	203	1.1e-33	1	65	1	65	0.984615384615
Trans_reg_C	77	NZ_CP028714.1_3607	231	1.1e-18	1	77	153	225	0.987012987013
CSD	66	NZ_CP028714.1_3612	71	2.7e-35	1	65	5	69	0.969696969697
MarR	59	NZ_CP028714.1_3694	165	5.2e-05	8	48	19	59	0.677966101695
CSD	66	NZ_CP028714.1_3709	75	6e-31	2	64	3	65	0.939393939394
Ogr_Delta	47	NZ_CP028714.1_3743	73	1.1e-22	2	47	4	49	0.957446808511
HTH_DeoR	57	NZ_CP028714.1_3794	253	8.8e-17	1	55	8	59	0.947368421053
MarR	59	NZ_CP028714.1_380	316	1.7e-05	10	40	14	44	0.508474576271
Fe_dep_repress	60	NZ_CP028714.1_3816	156	1e-12	6	60	38	92	0.9
HTH_1	60	NZ_CP028714.1_3865	318	1.2e-21	2	60	6	64	0.966666666667
HTH_1	60	NZ_CP028714.1_3872	263	1e-15	2	60	20	83	0.966666666667
MarR	59	NZ_CP028714.1_392	275	1.6e-05	7	48	32	74	0.694915254237
Trans_reg_C	77	NZ_CP028714.1_3921	226	6.6e-24	2	77	148	223	0.974025974026
FUR	120	NZ_CP028714.1_3929	149	6.3e-51	1	120	10	130	0.991666666667
HTH_DeoR	57	NZ_CP028714.1_3933	254	3.6e-21	1	54	6	59	0.929824561404
MarR	59	NZ_CP028714.1_3945	407	4.9e-09	10	48	25	63	0.64406779661
HTH_1	60	NZ_CP028714.1_3975	131	4e-05	27	59	10	42	0.533333333333
CSD	66	NZ_CP028714.1_3980	70	1.3e-35	2	65	5	68	0.954545454545
HTH_1	60	NZ_CP028714.1_3998	301	5.8e-21	1	59	12	70	0.966666666667
HTH_8	42	NZ_CP028714.1_402	442	3.3e-17	3	41	403	441	0.904761904762
Trans_reg_C	77	NZ_CP028714.1_4033	228	5.7e-28	1	77	146	221	0.987012987013
HTH_5	47	NZ_CP028714.1_4064	272	3.7e-05	6	46	29	71	0.851063829787
HTH_1	60	NZ_CP028714.1_4066	309	1.2e-21	3	60	6	63	0.95
MerR	38	NZ_CP028714.1_4079	136	5.8e-18	1	38	2	39	0.973684210526
HTH_3	55	NZ_CP028714.1_4083	114	4.2e-12	1	54	16	69	0.963636363636
HHA	57	NZ_CP028714.1_4108	73	1.3e-35	1	57	13	69	0.982456140351
Rsd_AlgQ	150	NZ_CP028714.1_412	159	7.3e-55	1	148	1	147	0.98
HTH_11	55	NZ_CP028714.1_4120	153	1.8e-06	3	46	7	49	0.781818181818
Trans_reg_C	77	NZ_CP028714.1_4168	230	1.1e-30	2	77	151	225	0.974025974026
Rrf2	83	NZ_CP028714.1_4192	208	8.6e-06	26	61	161	196	0.421686746988
LacI	46	NZ_CP028714.1_4207	364	4.6e-24	1	46	8	53	0.978260869565
HTH_8	42	NZ_CP028714.1_4217	529	2.2e-12	11	40	498	527	0.690476190476
HTH_1	60	NZ_CP028714.1_4229	311	3.8e-19	4	60	10	66	0.933333333333
GerE	57	NZ_CP028714.1_4230	363	2e-12	3	51	25	73	0.842105263158
GerE	57	NZ_CP028714.1_4237	265	1.3e-10	3	48	135	180	0.789473684211
HTH_AraC	42	NZ_CP028714.1_4245	285	6.3e-07	7	41	192	226	0.809523809524
HTH_AraC	42	NZ_CP028714.1_4245	285	3.3e-09	11	41	245	276	0.714285714286
HTH_AraC	42	NZ_CP028714.1_4249	286	5.1e-05	4	31	17	44	0.642857142857
HTH_AraC	42	NZ_CP028714.1_4249	286	1.2e-12	9	42	71	105	0.785714285714
HTH_1	60	NZ_CP028714.1_4253	298	8.3e-24	1	60	6	65	0.983333333333
HTH_1	60	NZ_CP028714.1_4254	309	1.7e-20	4	60	12	68	0.933333333333
GerE	57	NZ_CP028714.1_4260	181	1e-13	3	45	129	171	0.736842105263
MarR	59	NZ_CP028714.1_4269	175	3.8e-11	2	58	63	121	0.949152542373
PerC	90	NZ_CP028714.1_4273	94	2.5e-32	1	85	1	85	0.933333333333
HTH_11	55	NZ_CP028714.1_429	322	8.1e-15	4	54	9	58	0.909090909091
Crl	120	NZ_CP028714.1_4299	134	1.8e-56	2	119	5	122	0.975
HTH_3	55	NZ_CP028714.1_4311	191	1.7e-06	6	28	162	184	0.4
GntR	64	NZ_CP028714.1_4313	301	2.3e-05	25	61	50	86	0.5625
Trans_reg_C	77	NZ_CP028714.1_4323	281	3.7e-15	4	76	26	97	0.935064935065
HTH_8	42	NZ_CP028714.1_4350	329	7.3e-11	7	40	284	317	0.785714285714
HTH_1	60	NZ_CP028714.1_440	303	8.7e-23	1	59	3	61	0.966666666667
HTH_1	60	NZ_CP028714.1_4402	305	3.1e-22	3	60	7	64	0.95
SfsA	199	NZ_CP028714.1_4460	235	5.3e-79	1	198	13	225	0.989949748744
HTH_AraC	42	NZ_CP028714.1_449	284	3.1e-05	1	32	178	209	0.738095238095
HTH_AraC	42	NZ_CP028714.1_449	284	7.2e-14	8	42	234	269	0.809523809524
GntR	64	NZ_CP028714.1_4493	255	1.3e-27	2	64	12	74	0.96875
LacI	46	NZ_CP028714.1_4528	335	4.3e-21	1	46	2	50	0.978260869565
HTH_1	60	NZ_CP028714.1_4531	315	1.5e-20	1	58	24	81	0.95
HTH_AraC	42	NZ_CP028714.1_4544	282	2.7e-11	3	41	188	227	0.904761904762
HTH_AraC	42	NZ_CP028714.1_4544	282	1.5e-10	2	41	240	277	0.928571428571
HTH_1	60	NZ_CP028714.1_4586	300	1.1e-17	2	60	7	65	0.966666666667
Trans_reg_C	77	NZ_CP028714.1_4606	239	2.2e-20	1	77	156	232	0.987012987013
Trans_reg_C	77	NZ_CP028714.1_4609	230	1.3e-25	2	77	151	226	0.974025974026
HTH_AraC	42	NZ_CP028714.1_4611	290	1e-05	4	42	17	55	0.904761904762
HTH_AraC	42	NZ_CP028714.1_4611	290	3.5e-09	10	42	72	105	0.761904761905
Trp_repressor	88	NZ_CP028714.1_4614	99	2.1e-30	1	86	7	92	0.965909090909
HTH_3	55	NZ_CP028714.1_4617	95	1.4e-11	1	45	35	79	0.8
HTH_3	55	NZ_CP028714.1_4619	411	3.2e-11	1	52	7	59	0.927272727273
GerE	57	NZ_CP028714.1_4643	226	1.4e-17	2	54	152	204	0.912280701754
GerE	57	NZ_CP028714.1_4644	242	5.3e-12	2	56	153	207	0.947368421053
GntR	64	NZ_CP028714.1_4652	302	5.5e-08	22	57	26	61	0.546875
GntR	64	NZ_CP028714.1_4670	471	1.6e-17	2	64	4	66	0.96875
HTH_1	60	NZ_CP028714.1_4682	304	8.5e-16	4	59	16	71	0.916666666667
HTH_8	42	NZ_CP028714.1_4685	645	1.1e-13	1	40	593	632	0.928571428571
MetJ	97	NZ_CP028714.1_469	106	3.4e-61	1	97	3	99	0.989690721649
LacI	46	NZ_CP028714.1_473	342	9.3e-22	1	46	11	56	0.978260869565
Trans_reg_C	77	NZ_CP028714.1_494	233	1.3e-23	1	77	152	228	0.987012987013
HTH_AraC	42	NZ_CP028714.1_500	313	1.1e-09	1	42	215	256	0.97619047619
HTH_AraC	42	NZ_CP028714.1_500	313	4.5e-14	1	42	267	306	0.97619047619
HTH_AraC	42	NZ_CP028714.1_501	279	3.8e-11	1	42	180	221	0.97619047619
HTH_AraC	42	NZ_CP028714.1_501	279	1.2e-12	1	42	232	271	0.97619047619
HTH_3	55	NZ_CP028714.1_517	97	1e-10	1	38	37	74	0.672727272727
HTH_DeoR	57	NZ_CP028714.1_531	263	1.6e-25	1	56	11	66	0.964912280702
HTH_8	42	NZ_CP028714.1_535	470	1.7e-17	3	42	427	466	0.928571428571
HTH_1	60	NZ_CP028714.1_583	302	3.2e-17	3	59	7	63	0.933333333333
HTH_6	77	NZ_CP028714.1_584	282	5.7e-24	4	74	7	77	0.909090909091
HTH_1	60	NZ_CP028714.1_592	318	3.2e-18	2	60	5	63	0.966666666667
Arg_repressor	70	NZ_CP028714.1_60	163	4.5e-16	6	66	14	75	0.857142857143
HTH_1	60	NZ_CP028714.1_644	325	2.5e-23	1	60	31	90	0.983333333333
LacI	46	NZ_CP028714.1_65	316	3.6e-23	1	46	6	51	0.978260869565
HTH_1	60	NZ_CP028714.1_652	280	2.1e-22	2	60	4	62	0.966666666667
GntR	64	NZ_CP028714.1_654	231	4.7e-21	5	64	18	77	0.921875
LacI	46	NZ_CP028714.1_656	331	4.6e-23	1	46	3	48	0.978260869565
HTH_11	55	NZ_CP028714.1_666	153	8.8e-07	19	54	26	66	0.636363636364
HTH_1	60	NZ_CP028714.1_697	320	1.9e-15	1	57	10	66	0.933333333333
GntR	64	NZ_CP028714.1_712	230	4.2e-16	3	64	7	68	0.953125
HTH_AraC	42	NZ_CP028714.1_723	289	2.1e-08	1	40	193	232	0.928571428571
HTH_AraC	42	NZ_CP028714.1_723	289	3e-11	6	41	247	283	0.833333333333
GerE	57	NZ_CP028714.1_733	197	5.5e-25	2	55	137	190	0.929824561404
HTH_11	55	NZ_CP028714.1_748	518	1.5e-10	1	53	7	63	0.945454545455
Mga	87	NZ_CP028714.1_748	518	1.9e-08	20	86	99	169	0.758620689655
GntR	64	NZ_CP028714.1_804	259	4.5e-24	1	64	8	71	0.984375
HTH_DeoR	57	NZ_CP028714.1_819	432	5.1e-06	15	43	384	412	0.491228070175
HTH_AraC	42	NZ_CP028714.1_836	393	1.8e-10	1	42	294	335	0.97619047619
HTH_AraC	42	NZ_CP028714.1_836	393	8.8e-14	2	41	347	384	0.928571428571
CSD	66	NZ_CP028714.1_849	71	8.2e-35	1	65	5	69	0.969696969697
HTH_3	55	NZ_CP028714.1_850	97	1.3e-07	1	43	38	80	0.763636363636
HTH_1	60	NZ_CP028714.1_885	324	6.2e-20	2	59	29	86	0.95
GerE	57	NZ_CP028714.1_886	201	1.3e-23	1	57	140	196	0.982456140351
HTH_AraC	42	NZ_CP028714.1_890	275	2.8e-09	1	42	151	191	0.97619047619
HTH_AraC	42	NZ_CP028714.1_890	275	3.1e-13	9	41	207	240	0.761904761905
HTH_AraC	42	NZ_CP028714.1_891	243	1e-11	11	40	203	233	0.690476190476
GerE	57	NZ_CP028714.1_896	176	7.4e-08	4	54	117	167	0.877192982456
SirB	120	NZ_CP028714.1_897	191	6e-06	40	114	48	123	0.616666666667
DUF24	91	NZ_CP028714.1_90	127	5.5e-34	2	88	29	115	0.945054945055
GerE	57	NZ_CP028714.1_909	177	4.5e-11	2	55	115	168	0.929824561404
GntR	64	NZ_CP028714.1_933	249	4.9e-18	1	64	12	75	0.984375
LacI	46	NZ_CP028714.1_976	332	5.3e-20	2	46	8	52	0.95652173913
HTH_DeoR	57	NZ_CP028714.1_999	253	7.1e-28	1	56	6	61	0.964912280702
