HMM Profile	Profile Length	Gene ID	Gene Length	E Value	Profile Start	Profile End	Gene Start	Gene End	Coverage
GH24.hmm	137	CP065319.1_1136	176	1.8e-16	21	137	54	168	0.846715328467
GH23.hmm	135	CP065319.1_1152	323	5e-23	2	125	93	229	0.911111111111
PL33_1.hmm	155	CP065319.1_1190	645	1.6e-60	2	152	430	576	0.967741935484
GT5.hmm	472	CP065319.1_1273	279	1.1e-46	1	222	6	238	0.468220338983
GH57.hmm	383	CP065319.1_1275	486	8.5e-53	12	313	20	326	0.78590078329
GT4.hmm	160	CP065319.1_1276	422	9.8e-34	7	154	240	384	0.91875
GH133.hmm	372	CP065319.1_1277	646	6.1e-103	6	372	285	636	0.983870967742
GH109.hmm	399	CP065319.1_1310	470	8.4e-164	2	398	55	459	0.992481203008
GH2.hmm	752	CP065319.1_1313	1114	7.9e-213	22	750	51	949	0.968085106383
CE11.hmm	271	CP065319.1_1336	462	2.1e-73	1	220	4	224	0.808118081181
GH28.hmm	325	CP065319.1_1346	530	2.8e-88	8	306	76	473	0.916923076923
GH43_10.hmm	271	CP065319.1_1348	559	4.5e-109	1	271	39	309	0.9963099631
CBM91.hmm	200	CP065319.1_1348	559	1.6e-20	4	196	343	555	0.96
GH105.hmm	332	CP065319.1_1352	239	3.1e-32	8	169	57	210	0.484939759036
PL11.hmm	606	CP065319.1_1372	635	1.7e-271	2	573	30	620	0.942244224422
GH105.hmm	332	CP065319.1_1376	470	9.8e-92	9	332	96	432	0.972891566265
PL11_1.hmm	583	CP065319.1_1377	614	1e-272	3	574	30	601	0.979416809605
GH105.hmm	332	CP065319.1_1378	380	1.1e-94	10	332	61	377	0.969879518072
CE12.hmm	210	CP065319.1_1379	545	2.3e-53	2	210	66	285	0.990476190476
CE12.hmm	210	CP065319.1_1379	545	1.3e-62	2	210	317	532	0.990476190476
PL26.hmm	862	CP065319.1_1380	1116	8e-250	264	857	534	1110	0.687935034803
PL11_1.hmm	583	CP065319.1_1381	696	1e-182	12	576	63	687	0.967409948542
GH43_18.hmm	229	CP065319.1_1391	976	3.6e-90	2	229	60	294	0.991266375546
GH42.hmm	371	CP065319.1_1391	976	9.1e-124	2	370	322	696	0.991913746631
GH2.hmm	752	CP065319.1_1392	1016	1e-69	26	492	78	711	0.619680851064
CE12.hmm	210	CP065319.1_1393	413	5e-73	1	209	163	367	0.990476190476
GH28.hmm	325	CP065319.1_1394	511	1.4e-63	7	317	87	461	0.953846153846
GH28.hmm	325	CP065319.1_1396	468	5.1e-66	7	309	48	395	0.929230769231
GH106.hmm	824	CP065319.1_1397	922	0	3	823	20	914	0.995145631068
PL1_2.hmm	183	CP065319.1_1410	526	1.1e-78	1	183	89	281	0.994535519126
PL1_2.hmm	183	CP065319.1_1411	547	4.3e-80	1	183	101	289	0.994535519126
CE12.hmm	210	CP065319.1_1418	580	2.6e-78	1	210	30	261	0.995238095238
CE8.hmm	288	CP065319.1_1418	580	5.5e-99	2	274	277	549	0.944444444444
CE8.hmm	288	CP065319.1_1419	315	6.2e-105	2	287	24	305	0.989583333333
GH105.hmm	332	CP065319.1_1420	400	4.8e-121	6	332	52	396	0.981927710843
GT19.hmm	354	CP065319.1_1463	379	6.6e-114	2	350	4	357	0.983050847458
GH23.hmm	135	CP065319.1_1469	432	3.3e-24	4	119	130	261	0.851851851852
GH97.hmm	631	CP065319.1_1497	649	1.5e-203	3	630	11	647	0.993660855784
GH92.hmm	491	CP065319.1_1498	1082	6.4e-172	2	491	248	745	0.995926680244
GH43_34.hmm	280	CP065319.1_1498	1082	3e-108	1	279	781	1060	0.992857142857
GH92.hmm	491	CP065319.1_1500	781	8.7e-187	3	491	266	759	0.993890020367
GH92.hmm	491	CP065319.1_1501	762	2.9e-188	2	491	234	741	0.995926680244
GH76.hmm	358	CP065319.1_1648	524	9e-70	11	321	158	486	0.865921787709
GH92.hmm	491	CP065319.1_1655	761	3.2e-177	2	491	237	742	0.995926680244
GH76.hmm	358	CP065319.1_1657	209	1.5e-54	141	334	3	193	0.539106145251
GH130.hmm	296	CP065319.1_1659	384	1.3e-87	14	286	63	371	0.918918918919
GH92.hmm	491	CP065319.1_1660	757	1.7e-187	3	491	246	736	0.993890020367
GT2.hmm	170	CP065319.1_1717	330	6.4e-27	1	167	4	167	0.976470588235
GH20.hmm	337	CP065319.1_1726	769	1.6e-125	9	336	383	734	0.970326409496
GH105.hmm	332	CP065319.1_1740	378	2.2e-81	5	331	46	372	0.981927710843
PL42.hmm	296	CP065319.1_1741	421	2.3e-127	1	296	23	315	0.996621621622
GH154.hmm	348	CP065319.1_1742	419	3.3e-107	1	347	36	398	0.994252873563
GH16_3.hmm	230	CP065319.1_1743	636	1.8e-62	1	230	32	283	0.995652173913
GH43_24.hmm	246	CP065319.1_1743	636	2.4e-102	2	246	311	603	0.991869918699
GH16_3.hmm	230	CP065319.1_1744	508	3.9e-46	2	230	230	504	0.991304347826
GH97.hmm	631	CP065319.1_1752	652	2.2e-180	4	627	15	647	0.987321711569
GH51.hmm	630	CP065319.1_1753	822	5.8e-99	83	429	343	706	0.549206349206
GH43_19.hmm	233	CP065319.1_1754	322	1e-96	1	233	69	300	0.995708154506
GH35.hmm	307	CP065319.1_1755	779	5.5e-119	1	306	36	348	0.99348534202
GT2.hmm	170	CP065319.1_1779	822	3.5e-20	1	132	247	380	0.770588235294
CE1.hmm	227	CP065319.1_1786	291	3.5e-54	1	223	34	284	0.977973568282
GH95.hmm	722	CP065319.1_1787	814	1.3e-294	5	713	23	746	0.980609418283
CBM6.hmm	138	CP065319.1_1789	90	2.4e-25	57	138	2	89	0.586956521739
GH43_29.hmm	278	CP065319.1_1790	369	2.8e-119	1	277	26	313	0.992805755396
CE6.hmm	99	CP065319.1_1791	639	7.7e-32	2	99	87	197	0.979797979798
CE1.hmm	227	CP065319.1_1791	639	1.2e-55	2	222	405	634	0.969162995595
GH5_21.hmm	259	CP065319.1_1792	215	7.4e-50	147	258	2	133	0.428571428571
GH10.hmm	303	CP065319.1_1794	750	7.2e-46	96	301	479	740	0.676567656766
GH43_12.hmm	281	CP065319.1_1800	578	5.1e-114	2	281	70	365	0.992882562278
CBM91.hmm	200	CP065319.1_1800	578	1.5e-55	6	180	398	576	0.87
GH43_29.hmm	278	CP065319.1_1801	444	5e-115	1	278	25	297	0.996402877698
CBM6.hmm	138	CP065319.1_1801	444	2.9e-30	18	137	321	443	0.86231884058
GH97.hmm	631	CP065319.1_1802	659	1.3e-171	5	628	23	656	0.987321711569
GH43_12.hmm	281	CP065319.1_1804	576	2.7e-109	2	281	65	359	0.992882562278
CBM91.hmm	200	CP065319.1_1804	576	1.3e-55	4	182	395	574	0.89
GH3.hmm	216	CP065319.1_1805	862	6.7e-69	3	215	59	304	0.981481481481
GH43_10.hmm	271	CP065319.1_1806	533	3.6e-97	1	271	28	297	0.9963099631
CBM91.hmm	200	CP065319.1_1806	533	3e-31	5	197	323	526	0.96
GH43_29.hmm	278	CP065319.1_1807	461	6.1e-108	1	278	24	316	0.996402877698
CBM6.hmm	138	CP065319.1_1807	461	5.9e-22	17	137	339	460	0.869565217391
GH109.hmm	399	CP065319.1_1821	491	1e-15	4	162	39	187	0.395989974937
GH20.hmm	337	CP065319.1_1823	538	9.7e-109	8	336	141	481	0.973293768546
CE20.hmm	249	CP065319.1_1824	475	4.7e-82	3	248	103	363	0.983935742972
CBM51.hmm	134	CP065319.1_1829	661	6.7e-34	3	134	29	161	0.977611940299
GH27.hmm	229	CP065319.1_1829	661	1.7e-68	4	229	373	636	0.982532751092
GH89.hmm	663	CP065319.1_1831	733	5.6e-251	2	661	63	721	0.993966817496
CE9.hmm	373	CP065319.1_1833	396	1.5e-118	2	373	7	389	0.994638069705
GH109.hmm	399	CP065319.1_1838	442	4.9e-40	4	185	50	224	0.453634085213
GH109.hmm	399	CP065319.1_1840	448	1.8e-30	3	167	39	199	0.411027568922
GH3.hmm	216	CP065319.1_1849	770	1.7e-73	3	216	97	318	0.986111111111
GH144.hmm	404	CP065319.1_1850	458	1.9e-192	2	403	36	448	0.992574257426
CBM62.hmm	131	CP065319.1_1872	641	8.9e-26	57	131	428	504	0.564885496183
CBM62.hmm	131	CP065319.1_1872	641	5e-20	2	66	511	574	0.488549618321
CBM62.hmm	131	CP065319.1_1889	675	4.9e-23	62	131	469	538	0.526717557252
CBM62.hmm	131	CP065319.1_1889	675	2.9e-18	2	64	545	609	0.473282442748
GH127.hmm	524	CP065319.1_1897	685	6.9e-35	301	522	322	548	0.421755725191
GH92.hmm	491	CP065319.1_1899	764	1.2e-185	2	491	233	740	0.995926680244
GH76.hmm	358	CP065319.1_1901	420	5.2e-72	28	336	57	401	0.860335195531
GH43_34.hmm	280	CP065319.1_1902	333	3e-111	1	279	33	312	0.992857142857
GH43_26.hmm	294	CP065319.1_1903	369	2.1e-108	1	294	38	347	0.996598639456
GH115.hmm	697	CP065319.1_1904	983	1e-227	3	579	32	659	0.826398852224
GH2.hmm	752	CP065319.1_1906	607	1.2e-105	23	406	52	495	0.509308510638
GT28.hmm	157	CP065319.1_1949	374	4.5e-49	1	156	195	356	0.987261146497
GH36.hmm	688	CP065319.1_1979	730	1.4e-210	2	687	25	712	0.995639534884
GT11.hmm	276	CP065319.1_2008	301	7.4e-32	3	257	24	287	0.920289855072
GT2.hmm	170	CP065319.1_2010	328	2.6e-35	1	139	9	144	0.811764705882
GT2.hmm	170	CP065319.1_2011	321	1.8e-29	1	167	6	170	0.976470588235
GT2.hmm	170	CP065319.1_2012	280	5.8e-18	1	97	7	102	0.564705882353
GT4.hmm	160	CP065319.1_2013	368	7.7e-26	9	157	192	336	0.925
GT2.hmm	170	CP065319.1_2014	279	3e-19	1	100	7	105	0.582352941176
GT2.hmm	170	CP065319.1_2015	267	1.4e-21	1	108	8	116	0.629411764706
GT2.hmm	170	CP065319.1_2016	269	6.1e-22	1	132	4	134	0.770588235294
GT4.hmm	160	CP065319.1_2020	381	1e-31	9	156	203	346	0.91875
GT9.hmm	225	CP065319.1_2023	353	6.6e-31	3	196	75	306	0.857777777778
GT4.hmm	160	CP065319.1_2024	369	5.5e-29	6	157	187	340	0.94375
GT9.hmm	225	CP065319.1_2025	344	3.7e-35	3	216	72	318	0.946666666667
PL29.hmm	301	CP065319.1_2036	869	6.8e-114	1	301	359	690	0.996677740864
GH92.hmm	491	CP065319.1_204	758	2.4e-178	2	487	270	756	0.987780040733
PL8_2.hmm	247	CP065319.1_2040	954	1.4e-90	1	247	577	809	0.995951417004
GH88.hmm	329	CP065319.1_2042	401	2.7e-130	6	328	70	393	0.978723404255
GH130.hmm	296	CP065319.1_205	323	1.6e-95	1	296	19	317	0.996621621622
GH2.hmm	752	CP065319.1_2053	1036	1.8e-221	20	751	54	910	0.972074468085
CBM67.hmm	176	CP065319.1_2061	879	1.7e-42	3	171	150	330	0.954545454545
GH78.hmm	504	CP065319.1_2061	879	1.6e-155	5	503	357	861	0.988095238095
GH2.hmm	752	CP065319.1_2062	801	3.8e-91	26	532	23	737	0.672872340426
GH173.hmm	255	CP065319.1_2065	534	3.5e-69	1	255	96	381	0.996078431373
GH36.hmm	688	CP065319.1_2067	700	8e-82	107	682	84	671	0.835755813953
GH36.hmm	688	CP065319.1_2068	1170	1.9e-82	108	681	79	671	0.832848837209
GH173.hmm	255	CP065319.1_2068	1170	7.2e-73	1	255	753	1018	0.996078431373
PL8_2.hmm	247	CP065319.1_2085	1025	4.5e-88	1	247	617	861	0.995951417004
CBM62.hmm	131	CP065319.1_2087	602	9.9e-17	63	131	403	470	0.519083969466
GH76.hmm	358	CP065319.1_2116	380	1.2e-85	17	336	43	358	0.891061452514
GH76.hmm	358	CP065319.1_2117	393	1.4e-70	33	329	67	371	0.826815642458
GH125.hmm	402	CP065319.1_2118	490	2.9e-189	2	402	76	474	0.995024875622
CE4.hmm	130	CP065319.1_2156	205	6.9e-25	4	110	21	123	0.815384615385
GH130.hmm	296	CP065319.1_2202	353	2.7e-88	2	296	5	347	0.993243243243
CE20.hmm	249	CP065319.1_2214	478	1e-88	3	248	102	360	0.983935742972
GH78.hmm	504	CP065319.1_2235	857	1.9e-142	4	504	291	838	0.992063492063
GH43_31.hmm	268	CP065319.1_2255	329	3.3e-108	3	265	35	302	0.977611940299
GH43.hmm	248	CP065319.1_2265	396	3.7e-37	9	226	65	362	0.875
GH66.hmm	556	CP065319.1_2274	593	9.7e-201	2	554	46	591	0.992805755396
GH31.hmm	427	CP065319.1_2275	835	1.6e-147	1	427	233	683	0.997658079625
GH3.hmm	216	CP065319.1_2282	765	1.4e-62	5	215	115	342	0.972222222222
GH16_3.hmm	230	CP065319.1_2286	273	1.6e-57	2	229	39	271	0.986956521739
GH18.hmm	296	CP065319.1_2304	322	8.3e-39	23	282	51	304	0.875
GH43_34.hmm	280	CP065319.1_2309	333	1.9e-100	1	280	28	324	0.996428571429
GH30_4.hmm	484	CP065319.1_2310	532	3.7e-196	2	483	33	528	0.993801652893
GT2.hmm	170	CP065319.1_2329	250	1.2e-27	1	131	11	139	0.764705882353
GT4.hmm	160	CP065319.1_2330	428	2.6e-24	8	153	245	390	0.90625
GH43_3.hmm	299	CP065319.1_2343	336	4.1e-113	1	299	31	316	0.996655518395
GH109.hmm	399	CP065319.1_2344	432	3e-33	3	161	41	190	0.395989974937
GH115.hmm	697	CP065319.1_2351	985	1.9e-216	2	586	31	670	0.83787661406
GH93.hmm	307	CP065319.1_2352	599	3.7e-24	5	270	91	368	0.86319218241
GH105.hmm	332	CP065319.1_2353	371	1.6e-72	12	330	59	367	0.957831325301
GH43_3.hmm	299	CP065319.1_2356	632	4.6e-97	1	299	318	613	0.996655518395
GH2.hmm	752	CP065319.1_2363	904	1.6e-85	45	532	67	735	0.647606382979
GH130.hmm	296	CP065319.1_2364	387	2.1e-83	13	287	63	373	0.925675675676
GH105.hmm	332	CP065319.1_2365	368	5.6e-73	14	330	58	364	0.951807228916
GH63.hmm	570	CP065319.1_2368	908	3.6e-17	282	562	412	811	0.491228070175
GH43_3.hmm	299	CP065319.1_2370	628	5.3e-107	1	299	320	610	0.996655518395
GH43_31.hmm	268	CP065319.1_2375	440	2.1e-107	2	267	154	419	0.988805970149
GH76.hmm	358	CP065319.1_2376	516	4.1e-66	32	326	176	484	0.821229050279
GH105.hmm	332	CP065319.1_2377	549	1.5e-71	9	330	235	546	0.96686746988
GH73.hmm	128	CP065319.1_244	519	5.8e-35	2	128	12	144	0.984375
GH89.hmm	663	CP065319.1_2502	719	2.8e-212	2	662	66	714	0.995475113122
GH89.hmm	663	CP065319.1_2506	728	1.2e-233	2	649	62	702	0.975867269985
GT30.hmm	177	CP065319.1_2581	408	7.4e-49	10	176	43	205	0.937853107345
GH27.hmm	229	CP065319.1_2668	615	3.1e-67	4	229	211	454	0.982532751092
CE7.hmm	313	CP065319.1_2735	388	2.4e-72	11	262	129	382	0.801916932907
GH3.hmm	216	CP065319.1_2770	1004	5.1e-57	3	215	109	333	0.981481481481
GH20.hmm	337	CP065319.1_2877	836	2.2e-93	15	336	313	723	0.952522255193
GH36.hmm	688	CP065319.1_2887	949	2.3e-212	3	686	28	711	0.99273255814
GH2.hmm	752	CP065319.1_2888	622	2.5e-107	25	394	61	493	0.490691489362
GH43_26.hmm	294	CP065319.1_2889	367	1.6e-87	2	294	40	348	0.993197278912
GH3.hmm	216	CP065319.1_2891	767	2.4e-36	8	213	175	434	0.949074074074
GH97.hmm	631	CP065319.1_2893	687	1.9e-164	11	630	41	683	0.980982567353
GH97.hmm	631	CP065319.1_2896	652	8.2e-198	11	627	23	647	0.976228209192
GH3.hmm	216	CP065319.1_2902	762	1.6e-68	2	214	74	294	0.981481481481
GH92.hmm	491	CP065319.1_2910	733	5.1e-188	5	487	242	731	0.9816700611
GH43_18.hmm	229	CP065319.1_2918	331	6e-69	2	229	74	314	0.991266375546
GH3.hmm	216	CP065319.1_2920	748	1.1e-69	4	216	94	314	0.981481481481
GH43_17.hmm	266	CP065319.1_2921	327	1.6e-94	1	265	27	303	0.992481203008
GH97.hmm	631	CP065319.1_2924	665	3.6e-210	5	630	14	663	0.990491283677
PL10_1.hmm	288	CP065319.1_3022	365	3e-121	1	287	62	350	0.993055555556
GH37.hmm	491	CP065319.1_3036	434	2.6e-94	80	486	26	426	0.826883910387
GH3.hmm	216	CP065319.1_3037	743	1.7e-68	2	214	56	276	0.981481481481
CBM67.hmm	176	CP065319.1_3038	926	4e-37	11	171	173	343	0.909090909091
GH78.hmm	504	CP065319.1_3038	926	2.5e-145	3	503	367	878	0.992063492063
GH28.hmm	325	CP065319.1_3040	477	1.2e-43	64	312	189	460	0.763076923077
GH127.hmm	524	CP065319.1_3043	930	6.7e-60	43	523	57	521	0.916030534351
GH43_34.hmm	280	CP065319.1_3043	930	3.5e-108	1	280	632	912	0.996428571429
GH109.hmm	399	CP065319.1_3099	371	3.1e-16	5	158	10	154	0.383458646617
GH109.hmm	399	CP065319.1_3100	496	9.9e-19	3	163	38	189	0.401002506266
GT2.hmm	170	CP065319.1_3107	350	9.2e-25	1	133	4	145	0.776470588235
CBM20.hmm	90	CP065319.1_3110	894	5.9e-16	13	87	138	214	0.822222222222
GH77.hmm	494	CP065319.1_3110	894	8.5e-157	1	490	240	885	0.98987854251
GH171.hmm	355	CP065319.1_3119	389	3e-119	1	355	44	387	0.997183098592
CBM67.hmm	176	CP065319.1_3154	918	5.4e-36	1	168	154	334	0.948863636364
GH78.hmm	504	CP065319.1_3154	918	3.9e-182	4	503	363	876	0.990079365079
GH29.hmm	346	CP065319.1_3315	437	5.2e-109	22	346	20	353	0.936416184971
GH29.hmm	346	CP065319.1_3345	625	2.1e-81	38	333	31	342	0.852601156069
GH32.hmm	293	CP065319.1_3353	611	8.1e-101	1	289	150	445	0.982935153584
GH13_14.hmm	289	CP065319.1_3433	669	1.8e-118	1	289	202	526	0.996539792388
CE20.hmm	249	CP065319.1_3434	545	1.4e-37	3	135	101	251	0.530120481928
CE20.hmm	249	CP065319.1_3434	545	5.7e-44	122	247	416	541	0.502008032129
GH10.hmm	303	CP065319.1_3436	379	4.1e-108	2	302	33	373	0.990099009901
GH43_1.hmm	310	CP065319.1_3437	326	1.1e-163	2	310	8	317	0.993548387097
GH67.hmm	669	CP065319.1_3438	714	1.1e-278	29	666	41	681	0.952167414051
GT2.hmm	170	CP065319.1_3561	617	1.2e-31	1	130	6	133	0.758823529412
GH73.hmm	128	CP065319.1_3582	302	5.1e-35	4	128	40	167	0.96875
GT2.hmm	170	CP065319.1_3612	391	7.6e-17	1	166	57	223	0.970588235294
GH33.hmm	342	CP065319.1_3618	545	8.8e-89	7	339	164	534	0.970760233918
GH33.hmm	342	CP065319.1_3622	387	2.3e-91	11	333	49	372	0.941520467836
GT2.hmm	170	CP065319.1_3703	326	3.1e-22	1	117	6	124	0.682352941176
GT32.hmm	90	CP065319.1_3704	256	2e-20	3	88	25	101	0.944444444444
GT2.hmm	170	CP065319.1_3706	258	1.5e-24	1	129	9	132	0.752941176471
PL40.hmm	873	CP065319.1_3772	923	1.6e-269	4	839	2	907	0.956471935853
GH28.hmm	325	CP065319.1_3773	511	2.8e-42	62	309	233	493	0.76
GT3.hmm	637	CP065319.1_3783	554	1.2e-128	1	346	13	347	0.541601255887
GT35.hmm	674	CP065319.1_3784	855	2.4e-115	208	629	270	707	0.624629080119
CBM62.hmm	131	CP065319.1_3821	670	2.9e-24	60	131	463	534	0.541984732824
CBM62.hmm	131	CP065319.1_3821	670	3.1e-19	2	63	541	604	0.465648854962
CE1.hmm	227	CP065319.1_3891	699	1.7e-18	5	217	446	687	0.933920704846
GT4.hmm	160	CP065319.1_39	409	8.4e-23	15	152	246	376	0.85625
GT4.hmm	160	CP065319.1_3905	378	1.9e-36	6	159	198	349	0.95625
GT4.hmm	160	CP065319.1_3907	360	5.7e-20	8	158	184	333	0.9375
CBM62.hmm	131	CP065319.1_4025	670	2.9e-24	60	131	463	534	0.541984732824
CBM62.hmm	131	CP065319.1_4025	670	3.1e-19	2	63	541	604	0.465648854962
CE9.hmm	373	CP065319.1_4039	389	3.1e-112	1	373	5	378	0.997319034853
CE9.hmm	373	CP065319.1_4040	391	1.4e-106	1	373	5	378	0.997319034853
GH20.hmm	337	CP065319.1_448	692	2.5e-121	8	336	151	498	0.973293768546
GH20.hmm	337	CP065319.1_449	775	2.7e-125	8	336	154	509	0.973293768546
GH2.hmm	752	CP065319.1_450	932	4.5e-111	21	590	74	844	0.75664893617
GH33.hmm	342	CP065319.1_451	187	7.4e-44	169	331	4	172	0.473684210526
GH33.hmm	342	CP065319.1_452	341	6.8e-27	11	132	191	324	0.353801169591
GT2.hmm	170	CP065319.1_46	250	1e-28	1	108	6	110	0.629411764706
CE20.hmm	249	CP065319.1_462	474	1.2e-87	3	249	103	362	0.987951807229
GH43_29.hmm	278	CP065319.1_512	323	1.6e-120	1	278	33	311	0.996402877698
GH51.hmm	630	CP065319.1_513	661	2.9e-112	110	542	197	658	0.685714285714
GH43_4.hmm	310	CP065319.1_514	514	6.3e-98	1	310	60	372	0.996774193548
GH43_4.hmm	310	CP065319.1_519	635	1.6e-90	1	310	154	522	0.996774193548
GH146.hmm	503	CP065319.1_526	793	9.8e-217	1	503	32	551	0.998011928429
GH51.hmm	630	CP065319.1_527	515	2.4e-143	74	542	14	514	0.742857142857
GH109.hmm	399	CP065319.1_541	329	1.9e-25	4	196	4	185	0.481203007519
GH25.hmm	177	CP065319.1_546	299	2.8e-56	1	177	101	276	0.994350282486
GT2.hmm	170	CP065319.1_574	248	1.6e-29	2	168	8	174	0.976470588235
GT51.hmm	177	CP065319.1_58	776	8.1e-57	6	177	61	240	0.966101694915
GH23.hmm	135	CP065319.1_671	464	5.1e-22	14	126	303	459	0.82962962963
GT51.hmm	177	CP065319.1_684	815	8.4e-46	18	176	68	225	0.892655367232
CE1.hmm	227	CP065319.1_694	273	4e-51	1	218	31	261	0.955947136564
GH88.hmm	329	CP065319.1_699	407	3.6e-127	3	329	71	395	0.990881458967
GH43_10.hmm	271	CP065319.1_702	487	1.5e-110	1	271	37	307	0.9963099631
GH97.hmm	631	CP065319.1_707	650	5e-180	11	630	24	645	0.980982567353
GH13_8.hmm	293	CP065319.1_73	671	1.5e-148	1	293	220	511	0.996587030717
GH13_38.hmm	375	CP065319.1_74	566	1.1e-186	1	375	33	400	0.997333333333
GH73.hmm	128	CP065319.1_820	504	1.3e-30	5	128	15	143	0.9609375
PL13.hmm	363	CP065319.1_883	399	7.9e-207	3	363	30	398	0.99173553719
GH2.hmm	752	CP065319.1_885	814	1.3e-115	22	568	18	730	0.726063829787
PL12_2.hmm	131	CP065319.1_891	726	1e-57	1	131	435	565	0.992366412214
GH88.hmm	329	CP065319.1_896	435	3.6e-119	7	328	102	416	0.975683890578
PL12_2.hmm	131	CP065319.1_897	667	1.7e-63	1	131	404	534	0.992366412214
PL15_2.hmm	156	CP065319.1_901	878	8.6e-103	1	156	538	693	0.99358974359
GH97.hmm	631	CP065319.1_975	720	2e-262	4	630	16	704	0.992076069731
GT2.hmm	170	CP065319.1_986	317	2e-34	1	168	4	167	0.982352941176
