CP065311.1_1012            0.574  23  0.644  23  0.815   8  0.731   0.678 Y  0.450      SignalP-TM
CP065311.1_1013            0.159  22  0.360  17  0.915   8  0.851   0.590 Y  0.570      SignalP-noTM
CP065311.1_1024            0.293  21  0.417  21  0.728   7  0.620   0.496 Y  0.450      SignalP-TM
CP065311.1_1035            0.634  39  0.695  39  0.893  30  0.755   0.718 Y  0.450      SignalP-TM
CP065311.1_1041            0.476  47  0.644  47  0.933  40  0.522   0.596 Y  0.450      SignalP-TM
CP065311.1_1070            0.688  47  0.690  47  0.761  40  0.407   0.580 Y  0.450      SignalP-TM
CP065311.1_1086            0.199  42  0.333  25  0.794  10  0.705   0.478 Y  0.450      SignalP-TM
CP065311.1_1095            0.310  35  0.546  35  0.986  26  0.859   0.693 Y  0.570      SignalP-noTM
CP065311.1_1095            0.451  45  0.524  45  0.957  25  0.775   0.622 Y  0.450      SignalP-TM
CP065311.1_1102            0.328  54  0.551  27  0.961  26  0.883   0.681 Y  0.450      SignalP-TM
CP065311.1_1102            0.591  27  0.738  27  0.981  13  0.897   0.812 Y  0.570      SignalP-noTM
CP065311.1_1124            0.223  36  0.404  36  0.918  24  0.777   0.549 Y  0.450      SignalP-TM
CP065311.1_1124            0.334  30  0.566  30  0.975  25  0.914   0.730 Y  0.570      SignalP-noTM
CP065311.1_1153            0.736  27  0.633  27  0.817  26  0.569   0.603 Y  0.570      SignalP-noTM
CP065311.1_1156            0.528  50  0.658  50  0.891  40  0.507   0.599 Y  0.450      SignalP-TM
CP065311.1_1172            0.296  30  0.491  30  0.946  16  0.844   0.629 Y  0.450      SignalP-TM
CP065311.1_1172            0.549  24  0.703  24  0.960  13  0.918   0.804 Y  0.570      SignalP-noTM
CP065311.1_1184            0.230  25  0.426  25  0.923  20  0.737   0.547 Y  0.450      SignalP-TM
CP065311.1_1184            0.231  25  0.435  25  0.958  20  0.836   0.623 Y  0.570      SignalP-noTM
CP065311.1_1186            0.165  43  0.346  32  0.900  16  0.723   0.493 Y  0.450      SignalP-TM
CP065311.1_1186            0.167  35  0.388  29  0.964  16  0.900   0.629 Y  0.570      SignalP-noTM
CP065311.1_1189            0.267  27  0.493  27  0.950  23  0.850   0.633 Y  0.450      SignalP-TM
CP065311.1_1189            0.503  28  0.660  28  0.958  15  0.878   0.763 Y  0.570      SignalP-noTM
CP065311.1_1190            0.772  36  0.812  36  0.910  30  0.790   0.803 Y  0.450      SignalP-TM
CP065311.1_1190            0.828  36  0.862  36  0.985  19  0.903   0.881 Y  0.570      SignalP-noTM
CP065311.1_1205            0.121  56  0.283  12  0.848   4  0.787   0.480 Y  0.450      SignalP-TM
CP065311.1_1219            0.395  33  0.518  33  0.928  16  0.778   0.620 Y  0.450      SignalP-TM
CP065311.1_1219            0.551  24  0.718  24  0.960  18  0.923   0.814 Y  0.570      SignalP-noTM
CP065311.1_1228            0.327  30  0.544  30  0.980  16  0.923   0.692 Y  0.450      SignalP-TM
CP065311.1_1228            0.615  30  0.725  30  0.987  19  0.919   0.816 Y  0.570      SignalP-noTM
CP065311.1_1302            0.247  32  0.355  32  0.814   7  0.634   0.464 Y  0.450      SignalP-TM
CP065311.1_1333            0.461  54  0.403  54  0.872  38  0.583   0.473 Y  0.450      SignalP-TM
CP065311.1_1340            0.443  32  0.586  32  0.986  18  0.879   0.700 Y  0.450      SignalP-TM
CP065311.1_1340            0.525  27  0.696  27  0.983  11  0.946   0.813 Y  0.570      SignalP-noTM
CP065311.1_1357            0.473  54  0.469  54  0.817  26  0.657   0.543 Y  0.450      SignalP-TM
CP065311.1_1368            0.202  29  0.383  29  0.881  24  0.712   0.511 Y  0.450      SignalP-TM
CP065311.1_1413            0.193  25  0.373  25  0.846  15  0.711   0.505 Y  0.450      SignalP-TM
CP065311.1_1413            0.465  25  0.605  25  0.911  17  0.814   0.703 Y  0.570      SignalP-noTM
CP065311.1_147             0.203  39  0.375  27  0.926  25  0.806   0.543 Y  0.450      SignalP-TM
CP065311.1_147             0.287  27  0.496  27  0.901  25  0.816   0.647 Y  0.570      SignalP-noTM
CP065311.1_148             0.505  29  0.582  29  0.958   6  0.822   0.695 Y  0.570      SignalP-noTM
CP065311.1_148             0.570  29  0.682  29  0.930  20  0.794   0.726 Y  0.450      SignalP-TM
CP065311.1_150             0.611  38  0.545  26  0.978  18  0.930   0.726 Y  0.570      SignalP-noTM
CP065311.1_150             0.626  38  0.605  38  0.963  14  0.801   0.682 Y  0.450      SignalP-TM
CP065311.1_1574            0.270  27  0.499  27  0.968  22  0.901   0.688 Y  0.570      SignalP-noTM
CP065311.1_1574            0.296  38  0.447  38  0.967  21  0.796   0.583 Y  0.450      SignalP-TM
CP065311.1_1586            0.226  37  0.352  33  0.932  16  0.783   0.520 Y  0.450      SignalP-TM
CP065311.1_1586            0.446  33  0.498  33  0.948  18  0.770   0.626 Y  0.570      SignalP-noTM
CP065311.1_1622            0.525  30  0.597  30  0.832  22  0.667   0.624 Y  0.450      SignalP-TM
CP065311.1_1626            0.388  40  0.427  40  0.811  23  0.592   0.492 Y  0.450      SignalP-TM
CP065311.1_180             0.153  21  0.368  21  0.965   7  0.903   0.619 Y  0.570      SignalP-noTM
CP065311.1_180             0.321  30  0.462  30  0.917  12  0.776   0.584 Y  0.450      SignalP-TM
CP065311.1_20              0.331  34  0.473  34  0.966  18  0.794   0.598 Y  0.450      SignalP-TM
CP065311.1_20              0.522  35  0.641  28  0.984  17  0.924   0.774 Y  0.570      SignalP-noTM
CP065311.1_208             0.156  37  0.353  22  0.925  15  0.850   0.547 Y  0.450      SignalP-TM
CP065311.1_208             0.318  25  0.526  25  0.955   9  0.900   0.701 Y  0.570      SignalP-noTM
CP065311.1_216             0.800  51  0.745  51  0.826  44  0.511   0.654 Y  0.450      SignalP-TM
CP065311.1_224             0.262  31  0.435  31  0.918  11  0.789   0.601 Y  0.570      SignalP-noTM
CP065311.1_224             0.393  38  0.487  34  0.866  25  0.709   0.573 Y  0.450      SignalP-TM
CP065311.1_237             0.713  31  0.804  31  0.972  14  0.925   0.851 Y  0.450      SignalP-TM
CP065311.1_237             0.755  31  0.813  28  0.983  15  0.949   0.877 Y  0.570      SignalP-noTM
CP065311.1_285             0.199  42  0.354  33  0.937  16  0.844   0.545 Y  0.450      SignalP-TM
CP065311.1_285             0.277  24  0.508  24  0.967  15  0.904   0.694 Y  0.570      SignalP-noTM
CP065311.1_287             0.441  35  0.632  35  0.958  24  0.789   0.693 Y  0.450      SignalP-TM
CP065311.1_287             0.488  35  0.651  27  0.983  16  0.920   0.777 Y  0.570      SignalP-noTM
CP065311.1_347             0.393  30  0.515  30  0.935  15  0.804   0.628 Y  0.450      SignalP-TM
CP065311.1_347             0.722  23  0.838  23  0.990  13  0.970   0.900 Y  0.570      SignalP-noTM
CP065311.1_352             0.346  36  0.477  36  0.981  17  0.833   0.616 Y  0.450      SignalP-TM
CP065311.1_352             0.358  27  0.572  27  0.987  19  0.930   0.740 Y  0.570      SignalP-noTM
CP065311.1_356             0.343  27  0.535  27  0.974  19  0.897   0.706 Y  0.570      SignalP-noTM
CP065311.1_356             0.463  27  0.634  27  0.970  17  0.899   0.737 Y  0.450      SignalP-TM
CP065311.1_417             0.207  40  0.371  40  0.860  28  0.620   0.468 Y  0.450      SignalP-TM
CP065311.1_419             0.491  30  0.597  30  0.982  11  0.866   0.723 Y  0.570      SignalP-noTM
CP065311.1_419             0.648  30  0.732  30  0.949  10  0.872   0.787 Y  0.450      SignalP-TM
CP065311.1_420             0.580  35  0.661  35  0.949  18  0.856   0.737 Y  0.450      SignalP-TM
CP065311.1_420             0.736  35  0.739  35  0.990  17  0.883   0.807 Y  0.570      SignalP-noTM
CP065311.1_422             0.499  32  0.616  32  0.990  17  0.885   0.743 Y  0.570      SignalP-noTM
CP065311.1_422             0.501  32  0.643  32  0.922  13  0.853   0.725 Y  0.450      SignalP-TM
CP065311.1_425             0.420  38  0.557  38  0.834  30  0.574   0.564 Y  0.450      SignalP-TM
CP065311.1_430             0.150  32  0.364  32  0.954  24  0.834   0.585 Y  0.570      SignalP-noTM
CP065311.1_430             0.365  34  0.564  34  0.940  24  0.814   0.661 Y  0.450      SignalP-TM
CP065311.1_471             0.200  51  0.308  29  0.763  14  0.682   0.453 Y  0.450      SignalP-TM
CP065311.1_504             0.688  28  0.568  28  0.574  18  0.377   0.493 Y  0.450      SignalP-TM
CP065311.1_514             0.206  31  0.400  25  0.910  22  0.854   0.613 Y  0.570      SignalP-noTM
CP065311.1_514             0.384  37  0.550  31  0.922  22  0.797   0.647 Y  0.450      SignalP-TM
CP065311.1_559             0.175  27  0.377  21  0.948   2  0.876   0.611 Y  0.570      SignalP-noTM
CP065311.1_559             0.368  33  0.475  33  0.919  16  0.764   0.588 Y  0.450      SignalP-TM
CP065311.1_587             0.288  26  0.487  26  0.909  21  0.830   0.648 Y  0.570      SignalP-noTM
CP065311.1_587             0.318  26  0.515  26  0.882  23  0.816   0.632 Y  0.450      SignalP-TM
CP065311.1_589             0.533  31  0.715  31  0.977  22  0.884   0.781 Y  0.450      SignalP-TM
CP065311.1_589             0.746  31  0.840  31  0.965  17  0.861   0.850 Y  0.570      SignalP-noTM
CP065311.1_607             0.477  45  0.578  45  0.892  31  0.675   0.616 Y  0.450      SignalP-TM
CP065311.1_608             0.498  37  0.549  37  0.922   8  0.784   0.641 Y  0.450      SignalP-TM
CP065311.1_618             0.225  21  0.456  21  0.967   7  0.927   0.677 Y  0.570      SignalP-noTM
CP065311.1_618             0.239  25  0.459  25  0.963  18  0.864   0.617 Y  0.450      SignalP-TM
CP065311.1_667             0.390  32  0.533  32  0.978  16  0.862   0.688 Y  0.570      SignalP-noTM
CP065311.1_667             0.591  32  0.656  32  0.971  13  0.849   0.731 Y  0.450      SignalP-TM
CP065311.1_706             0.368  27  0.581  27  0.967  19  0.925   0.743 Y  0.570      SignalP-noTM
CP065311.1_706             0.394  47  0.382  36  0.875  10  0.725   0.516 Y  0.450      SignalP-TM
CP065311.1_723             0.132  33  0.308  33  0.858   9  0.735   0.474 Y  0.450      SignalP-TM
CP065311.1_745             0.446  26  0.622  26  0.941  21  0.799   0.691 Y  0.450      SignalP-TM
CP065311.1_745             0.523  26  0.682  26  0.958  22  0.883   0.776 Y  0.570      SignalP-noTM
CP065311.1_753             0.477  24  0.667  24  0.949  10  0.925   0.789 Y  0.570      SignalP-noTM
CP065311.1_753             0.652  31  0.679  31  0.928  14  0.787   0.721 Y  0.450      SignalP-TM
CP065311.1_775             0.217  22  0.444  22  0.940  10  0.906   0.661 Y  0.570      SignalP-noTM
CP065311.1_775             0.245  45  0.400  22  0.925  16  0.877   0.586 Y  0.450      SignalP-TM
CP065311.1_791             0.167  37  0.327  37  0.775  25  0.655   0.455 Y  0.450      SignalP-TM
CP065311.1_797             0.622  44  0.707  44  0.947  37  0.689   0.700 Y  0.450      SignalP-TM
CP065311.1_797             0.775  44  0.661  44  0.741  31  0.429   0.575 Y  0.510      SignalP-TM
CP065311.1_834             0.160  30  0.378  24  0.956  20  0.905   0.626 Y  0.570      SignalP-noTM
CP065311.1_834             0.265  30  0.469  30  0.897  28  0.763   0.583 Y  0.450      SignalP-TM
CP065311.1_843             0.386  24  0.599  24  0.949  14  0.919   0.749 Y  0.570      SignalP-noTM
CP065311.1_843             0.464  31  0.575  31  0.956  15  0.805   0.665 Y  0.450      SignalP-TM
CP065311.1_855             0.483  33  0.541  33  0.789  24  0.538   0.540 Y  0.450      SignalP-TM
CP065311.1_858             0.199  26  0.421  26  0.956  15  0.876   0.598 Y  0.450      SignalP-TM
CP065311.1_858             0.325  30  0.478  30  0.972  14  0.847   0.652 Y  0.570      SignalP-noTM
CP065311.1_908             0.335  33  0.483  25  0.865  19  0.796   0.605 Y  0.450      SignalP-TM
CP065311.1_908             0.447  25  0.644  25  0.969  21  0.927   0.777 Y  0.570      SignalP-noTM
CP065311.1_914             0.291  25  0.429  25  0.811  21  0.588   0.491 Y  0.450      SignalP-TM
CP065311.1_921             0.504  48  0.632  48  0.894  45  0.627   0.630 Y  0.450      SignalP-TM
CP065311.1_929             0.174  38  0.363  18  0.910  15  0.842   0.540 Y  0.510      SignalP-TM
CP065311.1_929             0.636  38  0.608  38  0.903   8  0.739   0.659 Y  0.450      SignalP-TM
CP065311.1_934             0.448  28  0.542  28  0.854   9  0.719   0.611 Y  0.450      SignalP-TM
CP065311.1_935             0.554  32  0.676  32  0.953  24  0.778   0.716 Y  0.450      SignalP-TM
CP065311.1_935             0.586  32  0.677  32  0.967  23  0.845   0.756 Y  0.570      SignalP-noTM
CP065311.1_936             0.410  26  0.543  26  0.852  17  0.719   0.612 Y  0.450      SignalP-TM
CP065311.1_948             0.177  34  0.319  21  0.898   8  0.829   0.518 Y  0.450      SignalP-TM
CP065311.1_948             0.625  21  0.764  21  0.963  10  0.934   0.844 Y  0.570      SignalP-noTM
CP065311.1_976             0.672  28  0.683  28  0.952  18  0.809   0.742 Y  0.570      SignalP-noTM
CP065311.1_976             0.801  28  0.800  28  0.895  21  0.818   0.807 Y  0.450      SignalP-TM
CP065311.1_983             0.148  38  0.296  23  0.901  14  0.827   0.503 Y  0.450      SignalP-TM
CP065311.1_984             0.332  18  0.413  18  0.717   1  0.553   0.468 Y  0.450      SignalP-TM
CP065311.1_984             0.438  18  0.477  18  0.734   1  0.572   0.512 Y  0.510      SignalP-TM
