Response_reg	112	CP065312.1_10	314	1.8e-25	1	111	9	119	0.982142857143
GGDEF	161	CP065312.1_10	314	2e-40	1	161	150	305	0.993788819876
Fer4	24	CP065312.1_1001	68	6.1e-10	2	24	7	29	0.916666666667
Fer4	24	CP065312.1_1001	68	2.6e-08	1	20	42	61	0.791666666667
HTH_IclR	52	CP065312.1_1004	253	5.8e-13	1	52	11	61	0.980769230769
IclR	129	CP065312.1_1004	253	2.9e-35	7	128	131	250	0.937984496124
SBP_bac_5	377	CP065312.1_1011	560	6.7e-76	2	373	100	463	0.984084880637
Response_reg	112	CP065312.1_1012	522	5.9e-26	2	111	5	116	0.973214285714
HTH_18	81	CP065312.1_1012	522	3.5e-19	1	80	435	513	0.975308641975
dCache_1	249	CP065312.1_1013	588	3.9e-08	11	197	49	235	0.746987951807
HATPase_c	111	CP065312.1_1013	588	4.3e-08	6	109	474	576	0.927927927928
SBP_bac_1	315	CP065312.1_1014	438	4.1e-31	7	312	51	348	0.968253968254
HTH_1	60	CP065312.1_1020	293	1.8e-22	2	60	6	64	0.966666666667
LysR_substrate	209	CP065312.1_1020	293	5.1e-35	5	204	91	290	0.952153110048
SBP_bac_5	377	CP065312.1_1023	529	1.1e-70	1	367	93	440	0.970822281167
PTS-HPr	82	CP065312.1_1031	76	1.4e-06	20	69	16	63	0.59756097561
CbiA	128	CP065312.1_1032	281	2.9e-12	2	55	45	156	0.4140625
Pribosyltran	159	CP065312.1_1035	191	8.6e-09	31	116	52	146	0.534591194969
Response_reg	112	CP065312.1_104	137	2.9e-18	46	111	1	65	0.580357142857
Trans_reg_C	77	CP065312.1_104	137	6.8e-07	2	34	99	131	0.415584415584
Pribosyltran	159	CP065312.1_1047	472	3.8e-09	14	120	258	373	0.666666666667
HisKA	64	CP065312.1_105	911	2e-16	1	63	531	596	0.96875
HATPase_c	111	CP065312.1_105	911	3.1e-26	1	108	644	758	0.963963963964
Response_reg	112	CP065312.1_105	911	4.9e-22	2	111	789	904	0.973214285714
HTH_3	55	CP065312.1_1060	310	3.2e-16	1	55	7	61	0.981818181818
SBP_bac_3	225	CP065312.1_107	960	1.6e-22	1	223	70	286	0.986666666667
SBP_bac_3	225	CP065312.1_107	960	5.8e-11	1	219	310	516	0.968888888889
HisKA	64	CP065312.1_107	960	1.1e-17	2	63	582	646	0.953125
HATPase_c	111	CP065312.1_107	960	3.5e-30	1	110	693	808	0.981981981982
Response_reg	112	CP065312.1_107	960	5.4e-22	1	108	833	946	0.955357142857
ACT	67	CP065312.1_1074	166	3.8e-13	2	64	5	67	0.925373134328
PAS	113	CP065312.1_1075	768	1.2e-07	8	113	27	135	0.929203539823
GGDEF	161	CP065312.1_1075	768	1e-41	1	160	278	433	0.987577639752
GAF	133	CP065312.1_1075	768	2.4e-05	1	129	486	625	0.962406015038
HTH_3	55	CP065312.1_1077	184	3.6e-12	1	53	5	57	0.945454545455
HTH_18	81	CP065312.1_1079	289	1.1e-19	2	78	28	103	0.938271604938
GyrI-like	155	CP065312.1_1079	289	1.8e-19	1	155	128	283	0.993548387097
Response_reg	112	CP065312.1_108	1146	1.8e-19	2	110	9	119	0.964285714286
HD	122	CP065312.1_108	1146	2.2e-18	3	121	168	300	0.967213114754
PAS	113	CP065312.1_108	1146	1.1e-07	23	113	539	630	0.796460176991
PAS	113	CP065312.1_108	1146	2.5e-05	6	113	650	759	0.946902654867
GGDEF	161	CP065312.1_108	1146	2.5e-40	1	161	773	929	0.993788819876
GyrI-like	155	CP065312.1_1080	152	7.2e-12	3	154	5	148	0.974193548387
MarR	59	CP065312.1_1084	149	1.3e-09	2	49	36	83	0.796610169492
Trans_reg_C	77	CP065312.1_1087	143	9.5e-23	2	77	62	134	0.974025974026
GntR	64	CP065312.1_109	500	2e-10	5	59	14	68	0.84375
GntR	64	CP065312.1_109	500	8.3e-13	1	64	258	321	0.984375
AAA	132	CP065312.1_1090	611	4.2e-46	1	131	198	330	0.984848484848
Pribosyltran	159	CP065312.1_1091	174	2.1e-34	10	158	13	158	0.930817610063
SpoIIE	193	CP065312.1_1093	496	1.3e-30	2	190	308	490	0.974093264249
CheD	109	CP065312.1_11	159	5.9e-34	2	109	48	150	0.981651376147
HD	122	CP065312.1_1101	448	1.6e-11	4	118	241	356	0.934426229508
Pribosyltran	159	CP065312.1_1104	210	7.1e-11	24	132	65	169	0.679245283019
GGDEF	161	CP065312.1_1108	692	2.1e-31	1	157	10	163	0.968944099379
GGDEF	161	CP065312.1_1108	692	5.9e-32	2	161	311	465	0.987577639752
EAL	238	CP065312.1_1108	692	1.7e-53	2	208	485	691	0.865546218487
Fer4	24	CP065312.1_1114	57	3.6e-09	2	24	3	25	0.916666666667
Fer4	24	CP065312.1_1114	57	4.8e-12	1	23	31	53	0.916666666667
MerR	38	CP065312.1_1115	215	1.5e-07	2	38	8	43	0.947368421053
MarR	59	CP065312.1_1117	122	5.9e-08	7	47	15	55	0.677966101695
Aminotran_1_2	363	CP065312.1_1119	402	6e-06	130	296	173	328	0.457300275482
HTH_3	55	CP065312.1_1128	71	3e-17	1	55	12	66	0.981818181818
TPR_2	34	CP065312.1_1131	345	9.4e-07	2	30	58	86	0.823529411765
TPR_2	34	CP065312.1_1131	345	7.4e-05	2	29	130	157	0.794117647059
TPR_2	34	CP065312.1_1131	345	1.6e-05	4	27	199	222	0.676470588235
Glyoxalase	128	CP065312.1_1141	123	1.9e-10	4	128	7	118	0.96875
T2SSE	273	CP065312.1_1142	479	4.8e-06	37	153	78	194	0.424908424908
AAA	132	CP065312.1_1142	479	2.8e-18	1	100	173	296	0.75
SIS	131	CP065312.1_1144	609	1.4e-33	2	130	289	416	0.977099236641
SIS	131	CP065312.1_1144	609	3.7e-27	6	127	465	587	0.923664122137
SKI	158	CP065312.1_1148	182	4e-48	1	157	17	173	0.987341772152
Pyr_redox_2	292	CP065312.1_1149	459	3.4e-58	1	284	4	315	0.969178082192
Rrf2	83	CP065312.1_1150	141	4.9e-21	3	83	1	79	0.963855421687
Fer4	24	CP065312.1_1151	296	7.3e-07	1	21	232	252	0.833333333333
MarR	59	CP065312.1_1155	377	1.1e-05	10	49	21	60	0.661016949153
dCache_1	249	CP065312.1_1156	603	3.8e-24	5	248	37	268	0.975903614458
GGDEF	161	CP065312.1_1156	603	1.5e-41	1	160	442	595	0.987577639752
HisKA	64	CP065312.1_1159	816	6.9e-17	1	64	304	370	0.984375
HATPase_c	111	CP065312.1_1159	816	2.9e-27	2	110	418	534	0.972972972973
Response_reg	112	CP065312.1_1159	816	1.2e-22	1	110	551	665	0.973214285714
Response_reg	112	CP065312.1_1159	816	7.2e-25	1	111	694	810	0.982142857143
MarR	59	CP065312.1_1162	374	6.2e-08	11	49	20	58	0.64406779661
GGDEF	161	CP065312.1_1165	901	8.8e-25	2	157	489	627	0.962732919255
EAL	238	CP065312.1_1165	901	6.5e-66	3	238	653	887	0.987394957983
MerR	38	CP065312.1_1169	288	7.7e-15	1	38	3	41	0.973684210526
AraC_binding	136	CP065312.1_1175	287	7.8e-13	5	121	22	142	0.852941176471
HTH_18	81	CP065312.1_1175	287	9.8e-23	1	81	202	281	0.987654320988
HD	122	CP065312.1_118	278	1e-09	4	121	52	167	0.959016393443
TetR_N	47	CP065312.1_1181	204	2.9e-16	1	47	10	56	0.978723404255
MerR	38	CP065312.1_1183	141	2.6e-16	1	38	2	39	0.973684210526
LacI	46	CP065312.1_1187	348	8.7e-15	1	44	7	50	0.934782608696
Peripla_BP_1	279	CP065312.1_1187	348	1.3e-12	3	207	69	283	0.731182795699
SBP_bac_1	315	CP065312.1_1193	447	1.2e-42	11	312	60	342	0.955555555556
AraC_binding	136	CP065312.1_1194	286	2.6e-06	12	78	21	86	0.485294117647
HTH_18	81	CP065312.1_1194	286	1.9e-24	1	80	203	281	0.975308641975
Fer4	24	CP065312.1_1199	896	4.9e-10	2	24	289	311	0.916666666667
Pyr_redox_2	292	CP065312.1_1199	896	7.7e-31	2	292	450	746	0.993150684932
Fer4	24	CP065312.1_1199	896	5.5e-06	1	23	830	852	0.916666666667
CheC	38	CP065312.1_12	208	1.3e-11	2	35	11	44	0.868421052632
CheC	38	CP065312.1_12	208	7.6e-13	1	37	109	145	0.947368421053
PALP	294	CP065312.1_120	496	8.8e-14	29	290	102	421	0.887755102041
GntR	64	CP065312.1_1206	41	1.4e-05	2	32	7	38	0.46875
Diacid_rec	134	CP065312.1_1208	362	1.3e-39	2	133	6	135	0.977611940299
Fer4	24	CP065312.1_1210	256	2.9e-07	7	23	182	198	0.666666666667
Fer4	24	CP065312.1_1210	256	1.7e-07	4	22	207	225	0.75
GntR	64	CP065312.1_1215	219	3e-16	2	64	7	68	0.96875
Pyr_redox	81	CP065312.1_1216	340	9.4e-07	1	35	162	196	0.41975308642
AraC_binding	136	CP065312.1_1221	300	2.8e-06	19	133	41	165	0.838235294118
HTH_18	81	CP065312.1_1221	300	1.7e-22	2	79	214	290	0.950617283951
HTH_11	55	CP065312.1_1230	307	4.7e-16	1	54	5	59	0.963636363636
Glyoxalase	128	CP065312.1_1234	145	1.5e-12	4	128	7	128	0.96875
TetR_N	47	CP065312.1_1239	199	2.3e-17	1	46	19	64	0.957446808511
Nitroreductase	170	CP065312.1_1240	174	2e-14	2	56	8	62	0.317647058824
Nitroreductase	170	CP065312.1_1240	174	6.1e-09	92	170	71	145	0.458823529412
Response_reg	112	CP065312.1_1243	165	1.4e-07	3	88	8	99	0.758928571429
HATPase_c	111	CP065312.1_1244	821	8.6e-05	7	86	25	112	0.711711711712
HATPase_c	111	CP065312.1_1244	821	4.9e-18	2	109	709	815	0.963963963964
HTH_3	55	CP065312.1_1298	155	2.2e-20	4	55	9	60	0.927272727273
TetR_N	47	CP065312.1_1299	238	8e-15	1	47	32	78	0.978723404255
MCPsignal	172	CP065312.1_13	559	1.5e-40	3	171	370	524	0.976744186047
PadR	75	CP065312.1_130	156	3e-21	1	74	51	124	0.973333333333
Fer4	24	CP065312.1_1300	234	1.1e-06	2	18	177	193	0.666666666667
Fer4	24	CP065312.1_1300	234	2.3e-06	8	24	213	229	0.666666666667
Trp_repressor	88	CP065312.1_1304	105	3.2e-33	2	87	11	95	0.965909090909
SBP_bac_3	225	CP065312.1_1309	190	1.4e-12	1	85	46	130	0.373333333333
Spo0A_C	104	CP065312.1_131	94	1.1e-18	21	102	2	79	0.778846153846
AAA	132	CP065312.1_1312	440	2.7e-19	1	123	55	159	0.924242424242
DctP	286	CP065312.1_1315	1112	4.3e-74	4	278	478	756	0.958041958042
DctP	286	CP065312.1_1315	1112	2.1e-70	4	276	809	1085	0.951048951049
HTH_18	81	CP065312.1_1327	59	3.6e-13	25	80	1	54	0.679012345679
AraC_binding	136	CP065312.1_1330	134	4e-06	20	71	55	106	0.375
SBP_bac_1	315	CP065312.1_1337	434	1.3e-31	9	306	55	333	0.942857142857
LacI	46	CP065312.1_1338	361	6e-17	3	46	8	51	0.934782608696
Peripla_BP_1	279	CP065312.1_1338	361	2e-05	6	141	67	197	0.483870967742
Peripla_BP_3	164	CP065312.1_1338	361	8.4e-30	1	152	168	343	0.920731707317
AraC_binding	136	CP065312.1_1340	292	1.1e-13	11	136	25	165	0.919117647059
HTH_18	81	CP065312.1_1340	292	2e-23	2	80	206	283	0.962962962963
SBP_bac_1	315	CP065312.1_1346	446	9.2e-29	4	313	71	357	0.980952380952
dCache_1	249	CP065312.1_1347	596	3.6e-15	7	203	46	259	0.787148594378
Response_reg	112	CP065312.1_1348	481	2.4e-22	1	109	3	113	0.964285714286
HTH_18	81	CP065312.1_1348	481	2.3e-22	5	80	400	475	0.925925925926
HTH_1	60	CP065312.1_135	299	8.3e-23	3	60	7	64	0.95
LysR_substrate	209	CP065312.1_135	299	2.4e-35	6	204	93	293	0.947368421053
PfkB	302	CP065312.1_1353	377	2.8e-27	22	295	34	352	0.903973509934
AraC_binding	136	CP065312.1_1354	348	7.7e-12	14	68	45	98	0.397058823529
HTH_18	81	CP065312.1_1354	348	2.2e-18	1	80	219	297	0.975308641975
AraC_binding	136	CP065312.1_1359	110	4.5e-07	19	72	50	103	0.389705882353
HTH_1	60	CP065312.1_1364	297	2.5e-17	1	59	3	61	0.966666666667
LysR_substrate	209	CP065312.1_1364	297	2.6e-42	7	207	89	289	0.956937799043
Sigma70_r2	71	CP065312.1_1369	161	1e-13	6	70	14	76	0.901408450704
Sigma70_r4_2	54	CP065312.1_1369	161	1e-19	3	54	97	148	0.944444444444
ACT	67	CP065312.1_137	171	6.5e-17	2	66	5	69	0.955223880597
TPR_2	34	CP065312.1_1374	260	6.4e-07	2	29	155	182	0.794117647059
Aminotran_1_2	363	CP065312.1_1377	365	2.7e-54	5	362	29	359	0.98347107438
HD	122	CP065312.1_1380	168	1.3e-13	4	121	43	143	0.959016393443
HTH_11	55	CP065312.1_1392	325	2.6e-16	3	54	5	57	0.927272727273
Fer4	24	CP065312.1_1398	129	3.9e-08	7	24	50	67	0.708333333333
Fer4	24	CP065312.1_1398	129	8.6e-10	3	22	76	95	0.791666666667
Fer4	24	CP065312.1_1398	129	1.4e-08	6	23	106	123	0.708333333333
AraC_binding	136	CP065312.1_1399	117	2.1e-08	24	75	58	110	0.375
Response_reg	112	CP065312.1_14	124	2.8e-33	1	111	5	115	0.982142857143
HTH_3	55	CP065312.1_1405	184	7.6e-18	1	54	12	65	0.963636363636
AraC_binding	136	CP065312.1_1405	184	3.6e-05	10	78	117	183	0.5
GntR	64	CP065312.1_1409	124	7.7e-17	2	64	12	74	0.96875
SBP_bac_1	315	CP065312.1_1418	464	3.8e-35	4	313	85	369	0.980952380952
Response_reg	112	CP065312.1_1419	246	1.2e-25	1	111	3	115	0.982142857143
HTH_18	81	CP065312.1_1419	246	5.2e-20	1	80	164	242	0.975308641975
dCache_1	249	CP065312.1_1420	615	6.3e-11	17	198	60	251	0.726907630522
HATPase_c	111	CP065312.1_1420	615	2.3e-10	10	109	486	594	0.891891891892
CBS	57	CP065312.1_1422	485	8.3e-09	7	51	95	138	0.771929824561
CBS	57	CP065312.1_1422	485	1.4e-08	4	51	152	199	0.824561403509
B12-binding	121	CP065312.1_1422	485	3.4e-05	37	114	225	299	0.636363636364
CodY	177	CP065312.1_1426	264	1.3e-34	1	177	4	176	0.994350282486
HTH_CodY	61	CP065312.1_1426	264	6.4e-37	2	61	196	255	0.967213114754
SBP_bac_5	377	CP065312.1_143	528	1.5e-87	1	375	83	441	0.992042440318
HTH_18	81	CP065312.1_1430	283	3.3e-22	1	80	199	277	0.975308641975
HTH_3	55	CP065312.1_1431	75	6e-14	1	55	5	59	0.981818181818
Sigma70_r2	71	CP065312.1_1432	209	2.3e-17	1	70	31	100	0.971830985915
Sigma70_r4	50	CP065312.1_1432	209	3.7e-18	3	50	152	203	0.94
PTS-HPr	82	CP065312.1_1442	79	6.2e-07	20	66	16	62	0.560975609756
Pyr_redox_2	292	CP065312.1_1449	654	5.6e-31	1	257	390	629	0.876712328767
GntR	64	CP065312.1_1451	343	5.9e-16	2	64	14	76	0.96875
GntR	64	CP065312.1_1452	333	8.7e-11	1	64	14	77	0.984375
MarR	59	CP065312.1_1457	143	1.6e-13	4	58	35	89	0.915254237288
Pyr_redox_2	292	CP065312.1_146	664	1e-32	1	249	403	633	0.849315068493
HTH_11	55	CP065312.1_1461	346	1e-05	3	47	14	60	0.8
HTH_18	81	CP065312.1_1467	86	3.1e-21	1	80	2	80	0.975308641975
HTH_1	60	CP065312.1_147	298	1.1e-19	2	59	4	61	0.95
LysR_substrate	209	CP065312.1_147	298	9.1e-30	8	200	92	282	0.918660287081
Sigma70_r2	71	CP065312.1_1477	98	3.7e-05	2	44	48	90	0.591549295775
HTH_3	55	CP065312.1_1478	107	2.9e-11	2	55	11	63	0.963636363636
HTH_3	55	CP065312.1_1479	104	7.1e-08	3	55	12	63	0.945454545455
HTH_3	55	CP065312.1_1480	156	5.5e-15	1	55	10	64	0.981818181818
Fer4	24	CP065312.1_1485	365	5.8e-06	3	20	254	271	0.708333333333
Fer4	24	CP065312.1_1485	365	2.8e-08	4	23	293	312	0.791666666667
HTH_3	55	CP065312.1_149	376	2.1e-13	4	55	13	64	0.927272727273
HisKA	64	CP065312.1_1490	1093	4.8e-17	1	64	579	645	0.984375
HATPase_c	111	CP065312.1_1490	1093	1.7e-28	1	110	692	808	0.981981981982
Response_reg	112	CP065312.1_1490	1093	1.3e-21	1	107	831	942	0.946428571429
Response_reg	112	CP065312.1_1490	1093	1.8e-26	1	110	971	1086	0.973214285714
AraC_binding	136	CP065312.1_1495	304	4.2e-16	16	134	48	167	0.867647058824
HTH_18	81	CP065312.1_1495	304	1.6e-21	1	79	212	289	0.962962962963
AraC_binding	136	CP065312.1_1499	325	5.9e-06	15	57	61	103	0.308823529412
HTH_18	81	CP065312.1_1499	325	1.3e-21	1	79	239	316	0.962962962963
CheR_N	53	CP065312.1_15	274	2.9e-11	1	53	7	58	0.981132075472
CheR	195	CP065312.1_15	274	2.1e-61	1	185	73	256	0.94358974359
Response_reg	112	CP065312.1_1500	351	1.4e-22	1	103	7	111	0.910714285714
HD	122	CP065312.1_1500	351	1.7e-17	31	121	203	299	0.737704918033
HTH_8	42	CP065312.1_1505	363	7.2e-05	20	42	305	327	0.52380952381
HhH-GPD	108	CP065312.1_1510	212	2.4e-22	2	108	36	171	0.981481481481
dCache_1	249	CP065312.1_1512	684	4.7e-21	9	246	59	295	0.951807228916
MCPsignal	172	CP065312.1_1512	684	4.2e-45	4	171	494	647	0.970930232558
GntR	64	CP065312.1_1513	482	8.8e-11	4	64	10	70	0.9375
GntR	64	CP065312.1_1513	482	3.7e-10	8	64	253	309	0.875
MCPsignal	172	CP065312.1_1514	564	4.5e-44	4	171	370	523	0.970930232558
GntR	64	CP065312.1_155	487	1.7e-16	5	60	11	66	0.859375
GntR	64	CP065312.1_155	487	7.7e-17	2	64	254	316	0.96875
SBP_bac_1	315	CP065312.1_1558	497	1.3e-32	25	312	110	404	0.911111111111
SBP_bac_1	315	CP065312.1_1560	329	2.4e-24	6	311	55	326	0.968253968254
Response_reg	112	CP065312.1_1561	506	3.1e-25	1	109	3	112	0.964285714286
HTH_18	81	CP065312.1_1561	506	2.3e-21	4	80	426	501	0.938271604938
dCache_1	249	CP065312.1_1562	602	1.8e-12	2	213	40	261	0.847389558233
HATPase_c	111	CP065312.1_1562	602	2e-06	9	109	497	600	0.900900900901
Trans_reg_C	77	CP065312.1_1565	405	2.7e-07	11	73	25	89	0.805194805195
BTAD	146	CP065312.1_1565	405	1.6e-13	1	143	100	237	0.972602739726
PTS-HPr	82	CP065312.1_1567	85	1.8e-30	2	81	3	82	0.963414634146
SBP_bac_1	315	CP065312.1_1578	499	3.4e-14	12	312	59	341	0.952380952381
PfkB	302	CP065312.1_1586	321	5.2e-55	4	300	8	298	0.980132450331
SBP_bac_1	315	CP065312.1_1588	579	1.5e-13	16	315	83	403	0.949206349206
dCache_1	249	CP065312.1_1594	586	4.7e-06	6	203	45	236	0.791164658635
HATPase_c	111	CP065312.1_1594	586	1.1e-09	5	109	466	576	0.936936936937
Response_reg	112	CP065312.1_1595	541	1.2e-25	2	111	6	117	0.973214285714
HTH_18	81	CP065312.1_1595	541	7.7e-24	1	81	454	533	0.987654320988
Response_reg	112	CP065312.1_1597	517	8.7e-31	1	111	4	116	0.982142857143
HTH_18	81	CP065312.1_1597	517	2.4e-18	1	80	434	512	0.975308641975
HATPase_c	111	CP065312.1_1598	578	4.7e-08	6	107	460	561	0.90990990991
Glyoxalase	128	CP065312.1_160	155	3.4e-06	6	128	7	116	0.953125
HTH_11	55	CP065312.1_1604	360	3.3e-17	1	53	63	114	0.945454545455
Sigma70_r2	71	CP065312.1_1607	238	1.5e-21	1	67	22	88	0.929577464789
Sigma70_r3	78	CP065312.1_1607	238	3.1e-07	8	73	107	169	0.833333333333
Sigma70_r4	50	CP065312.1_1607	238	1.3e-16	2	50	187	235	0.96
HATPase_c	111	CP065312.1_1608	148	1e-12	6	106	42	136	0.900900900901
STAS	117	CP065312.1_1609	114	9.9e-15	5	109	8	101	0.888888888889
TPR_2	34	CP065312.1_1610	544	7.2e-05	2	34	158	190	0.941176470588
TPR_2	34	CP065312.1_1610	544	8.1e-05	3	32	417	446	0.852941176471
PadR	75	CP065312.1_1620	108	2.9e-19	1	73	14	83	0.96
HATPase_c	111	CP065312.1_1624	87	3.5e-10	34	107	7	75	0.657657657658
SBP_bac_1	315	CP065312.1_1634	445	5.8e-17	9	313	64	353	0.965079365079
LacI	46	CP065312.1_1635	337	6.1e-14	1	46	3	49	0.978260869565
Peripla_BP_3	164	CP065312.1_1635	337	3.5e-40	3	164	171	330	0.981707317073
Response_reg	112	CP065312.1_1643	533	2.1e-19	2	112	4	116	0.982142857143
HTH_18	81	CP065312.1_1643	533	1.6e-20	1	80	448	526	0.975308641975
HATPase_c	111	CP065312.1_1644	597	2.8e-08	10	110	466	571	0.900900900901
SBP_bac_1	315	CP065312.1_1647	503	3.9e-09	14	310	63	352	0.939682539683
AAA	132	CP065312.1_1650	861	3.1e-15	2	112	202	319	0.833333333333
AAA	132	CP065312.1_1650	861	4.3e-12	2	111	602	720	0.825757575758
dCache_1	249	CP065312.1_1651	598	2.4e-06	5	144	48	184	0.558232931727
HATPase_c	111	CP065312.1_1651	598	9.5e-11	10	109	487	590	0.891891891892
Response_reg	112	CP065312.1_1652	514	9.6e-25	2	111	4	115	0.973214285714
HTH_18	81	CP065312.1_1652	514	6.1e-20	1	80	430	508	0.975308641975
Pyr_redox_2	292	CP065312.1_1660	839	5.4e-61	4	292	453	741	0.986301369863
ACT	67	CP065312.1_1664	145	1.2e-06	3	57	6	57	0.805970149254
Fer4	24	CP065312.1_1666	580	4.2e-08	2	24	553	575	0.916666666667
MerR	38	CP065312.1_1671	411	4.2e-06	1	35	2	35	0.894736842105
AraC_binding	136	CP065312.1_1675	819	3.8e-06	18	83	15	78	0.477941176471
HTH_18	81	CP065312.1_1675	819	1.6e-23	1	81	175	254	0.987654320988
GyrI-like	155	CP065312.1_168	150	3.4e-14	1	155	1	148	0.993548387097
SBP_bac_1	315	CP065312.1_1689	471	5.4e-30	9	308	81	365	0.949206349206
HTH_5	47	CP065312.1_1690	307	2.7e-11	2	46	20	65	0.936170212766
Aminotran_1_2	363	CP065312.1_1697	413	2.2e-15	40	361	64	382	0.884297520661
MarR	59	CP065312.1_1699	144	3.7e-08	7	48	7	48	0.694915254237
AsnC_trans_reg	75	CP065312.1_1699	144	2.3e-08	13	74	76	133	0.813333333333
Fe_dep_repress	60	CP065312.1_1703	125	1.3e-11	3	55	4	56	0.866666666667
Fe_dep_repr_C	70	CP065312.1_1703	125	2.1e-18	1	55	64	117	0.771428571429
TetR_N	47	CP065312.1_1705	193	3.8e-06	7	45	22	60	0.808510638298
PfkB	302	CP065312.1_1707	316	4.6e-57	3	298	4	298	0.976821192053
HTH_3	55	CP065312.1_1708	397	9.7e-15	1	53	45	97	0.945454545455
HTH_1	60	CP065312.1_1711	292	1.4e-19	3	60	5	62	0.95
LysR_substrate	209	CP065312.1_1711	292	1e-36	2	191	86	277	0.904306220096
MarR	59	CP065312.1_1713	149	1.6e-05	15	58	47	90	0.728813559322
AraC_binding	136	CP065312.1_1714	290	8.9e-11	11	92	28	110	0.595588235294
HTH_18	81	CP065312.1_1714	290	2.4e-19	1	79	207	283	0.962962962963
PAS	113	CP065312.1_1719	1496	1.3e-07	2	113	136	249	0.982300884956
GGDEF	161	CP065312.1_1719	1496	3.6e-42	1	160	263	415	0.987577639752
GGDEF	161	CP065312.1_1719	1496	9.5e-20	1	153	722	871	0.944099378882
GGDEF	161	CP065312.1_1719	1496	9.8e-16	2	112	1083	1189	0.683229813665
EAL	238	CP065312.1_1719	1496	1.4e-65	3	238	1239	1473	0.987394957983
dCache_1	249	CP065312.1_1720	753	3.1e-09	42	247	66	276	0.823293172691
GGDEF	161	CP065312.1_1720	753	1.7e-17	1	154	328	477	0.950310559006
EAL	238	CP065312.1_1720	753	1.5e-68	2	238	504	740	0.991596638655
GntR	64	CP065312.1_1721	497	3.1e-14	4	64	10	70	0.9375
GntR	64	CP065312.1_1721	497	8.5e-11	4	63	263	322	0.921875
HTH_3	55	CP065312.1_1723	119	1.8e-09	3	54	9	60	0.927272727273
SBP_bac_1	315	CP065312.1_1747	584	8.2e-15	11	313	57	391	0.95873015873
dCache_1	249	CP065312.1_1748	607	5e-07	33	206	71	255	0.694779116466
SBP_bac_1	315	CP065312.1_175	703	7.5e-09	8	308	330	598	0.952380952381
Response_reg	112	CP065312.1_1756	505	4e-26	2	111	5	116	0.973214285714
HTH_18	81	CP065312.1_1756	505	4.7e-22	1	80	419	497	0.975308641975
AraC_binding	136	CP065312.1_1759	288	1.9e-15	19	110	29	123	0.669117647059
HTH_18	81	CP065312.1_1759	288	9e-21	2	80	201	278	0.962962962963
HisKA	64	CP065312.1_176	374	2.2e-12	2	63	153	218	0.953125
HATPase_c	111	CP065312.1_176	374	1.5e-19	1	108	264	371	0.963963963964
Peptidase_M23	96	CP065312.1_1761	430	2.2e-17	2	88	257	357	0.895833333333
Pyr_redox_2	292	CP065312.1_1765	534	2.6e-09	2	111	91	281	0.373287671233
Fer4	24	CP065312.1_1768	347	1.4e-05	7	20	315	328	0.541666666667
Fer4	24	CP065312.1_1769	325	4e-06	5	19	205	219	0.583333333333
Fer4	24	CP065312.1_1769	325	5.9e-06	6	22	259	275	0.666666666667
Response_reg	112	CP065312.1_177	234	1e-32	1	112	5	115	0.991071428571
Trans_reg_C	77	CP065312.1_177	234	4.4e-27	2	77	156	232	0.974025974026
Pyr_redox_2	292	CP065312.1_1771	663	7.7e-20	2	292	142	561	0.993150684932
Fer4	24	CP065312.1_1771	663	2e-08	4	24	583	603	0.833333333333
Fer4	24	CP065312.1_1771	663	2.4e-07	2	23	622	643	0.875
Fer4	24	CP065312.1_1772	130	8.6e-06	3	19	17	33	0.666666666667
HisKA	64	CP065312.1_1775	757	6.6e-16	2	61	536	598	0.921875
HATPase_c	111	CP065312.1_1775	757	1.5e-12	2	92	648	737	0.810810810811
Response_reg	112	CP065312.1_1776	233	1.7e-31	1	112	5	114	0.991071428571
Trans_reg_C	77	CP065312.1_1776	233	1.1e-24	2	77	154	229	0.974025974026
SBP_bac_1	315	CP065312.1_1781	407	3.5e-37	6	312	38	324	0.971428571429
LacI	46	CP065312.1_1782	337	1.2e-15	2	46	4	49	0.95652173913
Peripla_BP_3	164	CP065312.1_1782	337	9.2e-33	3	164	174	331	0.981707317073
LacI	46	CP065312.1_1791	369	2.9e-14	4	44	9	51	0.869565217391
Peripla_BP_3	164	CP065312.1_1791	369	6.9e-26	1	164	173	354	0.993902439024
AAA	132	CP065312.1_1794	545	2e-14	2	126	42	172	0.939393939394
LacI	46	CP065312.1_1804	341	9.9e-11	1	43	3	47	0.913043478261
Peripla_BP_3	164	CP065312.1_1804	341	4.1e-33	1	164	170	336	0.993902439024
AAA	132	CP065312.1_1814	330	3e-05	2	98	187	277	0.727272727273
Pribosyltran	159	CP065312.1_1815	398	2e-14	27	123	213	308	0.603773584906
HisKA	64	CP065312.1_182	308	1.6e-12	3	64	88	152	0.953125
HATPase_c	111	CP065312.1_182	308	1.3e-26	2	109	199	305	0.963963963964
Sigma70_r2	71	CP065312.1_1821	167	1.3e-12	1	67	22	86	0.929577464789
Sigma70_r4_2	54	CP065312.1_1821	167	7.5e-12	2	54	109	161	0.962962962963
SBP_bac_1	315	CP065312.1_1825	442	7.1e-26	11	312	55	345	0.955555555556
Response_reg	112	CP065312.1_1827	360	1.7e-21	1	111	3	117	0.982142857143
HTH_18	81	CP065312.1_1827	360	6.5e-24	1	80	272	350	0.975308641975
dCache_1	249	CP065312.1_1828	645	8e-17	2	247	97	340	0.983935742972
HATPase_c	111	CP065312.1_1828	645	3.7e-10	10	109	542	639	0.891891891892
Response_reg	112	CP065312.1_183	234	3.8e-29	1	112	4	115	0.991071428571
Trans_reg_C	77	CP065312.1_183	234	2.2e-27	3	77	155	229	0.961038961039
GntR	64	CP065312.1_1843	225	1.1e-19	3	64	17	77	0.953125
SBP_bac_1	315	CP065312.1_1859	325	1e-17	9	310	40	271	0.955555555556
HTH_3	55	CP065312.1_1865	65	4.2e-13	5	51	15	62	0.836363636364
GntR	64	CP065312.1_187	126	4.9e-19	2	64	14	76	0.96875
Aminotran_1_2	363	CP065312.1_1871	347	1.5e-07	9	313	6	295	0.837465564738
PALP	294	CP065312.1_1877	311	1.1e-36	14	294	7	296	0.952380952381
AraC_binding	136	CP065312.1_1886	303	6.9e-21	4	135	35	164	0.963235294118
HTH_18	81	CP065312.1_1886	303	3e-21	2	80	212	289	0.962962962963
MerR	38	CP065312.1_189	258	6.6e-13	4	38	10	44	0.894736842105
Aminotran_1_2	363	CP065312.1_1890	427	6.7e-09	92	359	129	407	0.735537190083
HisKA	64	CP065312.1_1894	454	2.6e-15	3	64	231	295	0.953125
HATPase_c	111	CP065312.1_1894	454	1.1e-24	1	110	340	450	0.981981981982
Response_reg	112	CP065312.1_1895	225	2.3e-31	1	112	3	113	0.991071428571
Trans_reg_C	77	CP065312.1_1895	225	1.7e-28	2	77	146	220	0.974025974026
Response_reg	112	CP065312.1_1899	238	2.3e-32	1	112	6	115	0.991071428571
Trans_reg_C	77	CP065312.1_1899	238	6.6e-26	1	77	158	233	0.987012987013
HisKA	64	CP065312.1_1900	775	1.5e-18	1	62	554	618	0.953125
HATPase_c	111	CP065312.1_1900	775	1.3e-10	2	93	667	758	0.81981981982
Response_reg	112	CP065312.1_1901	532	1.8e-23	2	110	5	113	0.964285714286
HTH_18	81	CP065312.1_1901	532	6.4e-21	1	79	449	526	0.962962962963
SBP_bac_1	315	CP065312.1_1910	454	3.3e-27	10	306	73	352	0.939682539683
AraC_binding	136	CP065312.1_1913	282	2.1e-15	13	86	33	108	0.536764705882
HTH_18	81	CP065312.1_1913	282	1.1e-19	1	80	195	273	0.975308641975
TPR_2	34	CP065312.1_1914	1092	4.8e-06	2	33	750	781	0.911764705882
TPR_2	34	CP065312.1_1914	1092	2.9e-05	3	33	785	816	0.882352941176
Fer4	24	CP065312.1_1919	184	4.7e-08	1	23	6	28	0.916666666667
cNMP_binding	88	CP065312.1_1920	221	8.7e-14	2	84	35	119	0.931818181818
MarR	59	CP065312.1_1920	221	5e-05	19	52	182	215	0.559322033898
GGDEF	161	CP065312.1_1926	642	6.9e-24	3	155	221	364	0.944099378882
EAL	238	CP065312.1_1926	642	9.9e-57	3	238	391	625	0.987394957983
GntR	64	CP065312.1_1927	243	1.1e-19	3	64	17	78	0.953125
DctP	286	CP065312.1_1933	346	2.4e-77	14	282	58	328	0.937062937063
Sigma70_r2	71	CP065312.1_1935	163	3e-16	2	67	8	71	0.915492957746
Sigma70_r4_2	54	CP065312.1_1935	163	1.2e-08	1	54	101	154	0.981481481481
HisKA	64	CP065312.1_1938	327	9.4e-11	3	63	111	174	0.9375
HATPase_c	111	CP065312.1_1938	327	3.5e-18	2	108	221	325	0.954954954955
Response_reg	112	CP065312.1_1939	223	7.3e-24	1	112	4	112	0.991071428571
Trans_reg_C	77	CP065312.1_1939	223	2.9e-26	2	77	144	220	0.974025974026
HTH_3	55	CP065312.1_1941	72	3.4e-08	7	54	13	61	0.854545454545
LacI	46	CP065312.1_1946	331	1.4e-14	1	44	3	48	0.934782608696
Peripla_BP_3	164	CP065312.1_1946	331	5.9e-36	2	163	163	325	0.981707317073
SBP_bac_1	315	CP065312.1_1950	432	8.3e-33	14	310	59	334	0.939682539683
LacI	46	CP065312.1_1954	342	4.9e-18	1	44	3	48	0.934782608696
Peripla_BP_3	164	CP065312.1_1954	342	2.5e-31	3	164	176	339	0.981707317073
SIS	131	CP065312.1_1955	342	3.8e-16	6	109	45	149	0.786259541985
GntR	64	CP065312.1_1956	240	2e-22	2	63	9	70	0.953125
PfkB	302	CP065312.1_1957	260	1.3e-37	27	295	14	258	0.887417218543
GntR	64	CP065312.1_1959	237	2.7e-18	7	63	10	66	0.875
ATPase_2	233	CP065312.1_196	463	4.6e-05	25	142	148	260	0.502145922747
PadR	75	CP065312.1_1961	117	1.7e-25	1	73	19	90	0.96
AraC_binding	136	CP065312.1_1963	297	3.2e-11	11	111	35	145	0.735294117647
HTH_18	81	CP065312.1_1963	297	4.3e-18	1	80	214	292	0.975308641975
Response_reg	112	CP065312.1_1971	227	2.3e-26	1	112	3	113	0.991071428571
Trans_reg_C	77	CP065312.1_1971	227	9.5e-20	5	77	150	221	0.935064935065
HisKA	64	CP065312.1_1972	439	5e-14	2	64	210	272	0.96875
HATPase_c	111	CP065312.1_1972	439	7.6e-15	2	108	320	431	0.954954954955
Response_reg	112	CP065312.1_1975	112	1.7e-12	2	69	5	77	0.598214285714
HATPase_c	111	CP065312.1_1976	376	9.4e-07	2	106	267	368	0.936936936937
cNMP_binding	88	CP065312.1_1987	249	5.5e-12	2	87	58	145	0.965909090909
HTH_3	55	CP065312.1_1988	158	6.2e-17	4	55	2	53	0.927272727273
TetR_N	47	CP065312.1_2004	205	1e-16	1	45	7	51	0.936170212766
SBP_bac_1	315	CP065312.1_2014	483	2.9e-30	16	309	96	385	0.930158730159
Glyoxalase	128	CP065312.1_2015	151	1.7e-08	4	101	11	118	0.7578125
AraC_binding	136	CP065312.1_2016	288	5e-06	13	83	26	94	0.514705882353
HTH_18	81	CP065312.1_2016	288	1.3e-23	1	80	202	280	0.975308641975
SBP_bac_5	377	CP065312.1_2023	554	1.2e-90	1	375	109	466	0.992042440318
AraC_binding	136	CP065312.1_2030	278	3.1e-08	15	62	27	75	0.345588235294
HTH_18	81	CP065312.1_2030	278	9.2e-21	1	80	198	276	0.975308641975
MerR	38	CP065312.1_2032	266	1.9e-11	2	38	9	46	0.947368421053
Sigma70_r4	50	CP065312.1_2033	532	9.5e-07	1	29	378	406	0.56
HisKA	64	CP065312.1_2035	132	7.5e-07	4	30	88	120	0.40625
Response_reg	112	CP065312.1_2036	243	2.2e-23	1	111	4	110	0.982142857143
Trans_reg_C	77	CP065312.1_2036	243	5.9e-24	1	76	158	232	0.974025974026
AraC_binding	136	CP065312.1_2037	295	8.7e-12	16	92	28	106	0.558823529412
HTH_18	81	CP065312.1_2037	295	2.9e-19	1	80	205	283	0.975308641975
Pyr_redox_2	292	CP065312.1_204	292	8.8e-30	2	292	3	273	0.993150684932
AAA	132	CP065312.1_2043	543	2.4e-08	1	113	184	370	0.848484848485
Sigma70_r4_2	54	CP065312.1_2050	137	3.4e-13	2	54	73	125	0.962962962963
HTH_3	55	CP065312.1_2051	115	2.3e-16	1	55	10	64	0.981818181818
cNMP_binding	88	CP065312.1_206	224	1.5e-09	2	84	33	118	0.931818181818
Crp	32	CP065312.1_206	224	5.4e-11	1	30	172	201	0.90625
HxlR	91	CP065312.1_2102	111	3.8e-31	1	89	18	106	0.967032967033
Nitroreductase	170	CP065312.1_2103	173	1.6e-17	2	57	8	63	0.323529411765
Nitroreductase	170	CP065312.1_2103	173	1.1e-11	85	170	63	145	0.5
HTH_5	47	CP065312.1_2104	106	1.1e-14	2	45	30	73	0.914893617021
HTH_5	47	CP065312.1_2105	122	8.4e-20	1	47	39	85	0.978723404255
HMA	62	CP065312.1_2107	73	7.3e-14	2	57	5	65	0.887096774194
HMA	62	CP065312.1_2108	855	1.3e-17	2	61	6	65	0.951612903226
HMA	62	CP065312.1_2108	855	2.7e-14	1	62	789	849	0.983870967742
HTH_18	81	CP065312.1_211	404	9.9e-21	1	80	314	392	0.975308641975
HTH_18	81	CP065312.1_2114	282	1.1e-13	4	79	191	266	0.925925925926
HxlR	91	CP065312.1_2115	128	5.1e-32	1	88	24	112	0.956043956044
HTH_18	81	CP065312.1_2117	348	9.5e-20	2	81	265	343	0.975308641975
Response_reg	112	CP065312.1_2118	124	1.3e-20	1	111	6	114	0.982142857143
TetR_N	47	CP065312.1_2121	204	6.3e-15	1	45	19	63	0.936170212766
MarR	59	CP065312.1_2127	327	3.1e-05	6	48	134	176	0.71186440678
HTH_3	55	CP065312.1_2129	201	5.2e-12	2	55	6	59	0.963636363636
TetR_N	47	CP065312.1_2134	194	1.1e-12	5	47	20	62	0.893617021277
GntR	64	CP065312.1_2136	126	9.9e-19	2	64	14	76	0.96875
CBS	57	CP065312.1_2140	471	1.3e-07	5	54	147	201	0.859649122807
CBS	57	CP065312.1_2140	471	1.1e-07	8	55	214	261	0.824561403509
HisKA	64	CP065312.1_2144	435	1.3e-12	2	63	208	272	0.953125
HATPase_c	111	CP065312.1_2144	435	6.1e-19	5	109	321	426	0.936936936937
Response_reg	112	CP065312.1_2145	222	9.4e-27	1	110	4	110	0.973214285714
Trans_reg_C	77	CP065312.1_2145	222	3e-27	1	77	146	217	0.987012987013
HTH_3	55	CP065312.1_2149	206	1.7e-19	1	55	7	61	0.981818181818
Glyoxalase	128	CP065312.1_2154	155	1.1e-07	4	128	3	116	0.96875
Response_reg	112	CP065312.1_2155	219	4e-25	1	111	5	112	0.982142857143
Trans_reg_C	77	CP065312.1_2155	219	9.4e-13	1	38	154	191	0.480519480519
Trans_reg_C	77	CP065312.1_2156	148	1.6e-24	4	77	70	144	0.948051948052
HTH_11	55	CP065312.1_2157	300	2.1e-17	1	53	5	56	0.945454545455
HTH_3	55	CP065312.1_216	402	9.2e-09	1	49	15	63	0.872727272727
AraC_binding	136	CP065312.1_2160	353	5.3e-10	19	74	85	142	0.404411764706
HTH_18	81	CP065312.1_2160	353	1.3e-17	1	80	261	339	0.975308641975
TetR_N	47	CP065312.1_2162	207	4.9e-15	1	45	15	59	0.936170212766
Response_reg	112	CP065312.1_2168	228	5.1e-28	1	112	4	113	0.991071428571
Trans_reg_C	77	CP065312.1_2168	228	5.6e-24	1	76	147	223	0.974025974026
HisKA	64	CP065312.1_2169	412	7.7e-13	2	64	189	254	0.96875
HATPase_c	111	CP065312.1_2169	412	2.9e-23	6	107	304	405	0.90990990991
Sigma70_r4_2	54	CP065312.1_2174	123	4.1e-10	8	46	73	111	0.703703703704
HisKA	64	CP065312.1_2180	346	3.1e-12	4	64	125	188	0.9375
HATPase_c	111	CP065312.1_2180	346	1.6e-26	2	107	234	339	0.945945945946
Response_reg	112	CP065312.1_2181	229	3.9e-23	1	112	4	113	0.991071428571
Trans_reg_C	77	CP065312.1_2181	229	3.3e-25	4	76	150	223	0.935064935065
Trans_reg_C	77	CP065312.1_219	146	2.4e-19	4	77	63	137	0.948051948052
HTH_3	55	CP065312.1_2190	117	4.6e-07	19	55	1	38	0.654545454545
EPSP_synthase	417	CP065312.1_22	424	5.3e-127	2	417	4	420	0.99520383693
Glyoxalase	128	CP065312.1_2204	155	4.9e-08	4	128	3	116	0.96875
HTH_3	55	CP065312.1_2206	105	3.1e-09	1	55	10	64	0.981818181818
Sigma70_r2	71	CP065312.1_2208	186	9.9e-09	21	65	35	76	0.619718309859
AAA	132	CP065312.1_222	292	6.2e-05	3	66	32	157	0.477272727273
HisKA	64	CP065312.1_223	395	4.3e-13	2	62	177	244	0.9375
HATPase_c	111	CP065312.1_223	395	2.4e-18	2	108	291	393	0.954954954955
Response_reg	112	CP065312.1_224	227	4e-29	1	111	7	114	0.982142857143
Trans_reg_C	77	CP065312.1_224	227	7.6e-21	1	76	149	223	0.974025974026
HisKA	64	CP065312.1_2241	288	2.1e-10	4	63	62	130	0.921875
HATPase_c	111	CP065312.1_2241	288	6.3e-22	7	109	182	284	0.918918918919
Response_reg	112	CP065312.1_2242	235	2.7e-22	1	112	3	112	0.991071428571
Trans_reg_C	77	CP065312.1_2242	235	1.6e-23	1	76	144	220	0.974025974026
TrkA_C	70	CP065312.1_2245	222	4.1e-11	2	67	151	216	0.928571428571
Response_reg	112	CP065312.1_2252	257	5.2e-05	15	83	36	107	0.607142857143
LytTR	98	CP065312.1_2252	257	5.9e-21	5	97	159	247	0.938775510204
Response_reg	112	CP065312.1_2253	240	3.8e-14	1	108	4	117	0.955357142857
LytTR	98	CP065312.1_2253	240	4.4e-18	3	93	143	228	0.918367346939
V4R	62	CP065312.1_2255	168	3.1e-14	3	60	105	162	0.91935483871
DctP	286	CP065312.1_2266	349	1e-75	6	284	50	329	0.972027972028
HTH_6	77	CP065312.1_2270	283	2.6e-22	4	71	7	74	0.87012987013
SIS	131	CP065312.1_2270	283	4.6e-22	2	130	128	256	0.977099236641
Aminotran_1_2	363	CP065312.1_2278	396	3.2e-41	31	363	52	386	0.914600550964
AraC_binding	136	CP065312.1_2281	281	1.2e-25	2	100	11	111	0.720588235294
HTH_18	81	CP065312.1_2281	281	2.1e-22	1	79	185	262	0.962962962963
AraC_binding	136	CP065312.1_2287	317	3.7e-10	11	117	21	137	0.779411764706
HTH_18	81	CP065312.1_2287	317	6.5e-23	1	80	209	287	0.975308641975
AraC_binding	136	CP065312.1_2289	305	2.2e-14	16	96	37	117	0.588235294118
HTH_18	81	CP065312.1_2289	305	2.2e-16	2	80	215	292	0.962962962963
Trans_reg_C	77	CP065312.1_229	91	1.2e-25	2	77	11	87	0.974025974026
TetR_N	47	CP065312.1_23	189	1.5e-08	7	45	15	53	0.808510638298
HTH_3	55	CP065312.1_231	73	3.5e-18	1	54	10	63	0.963636363636
CbiA	128	CP065312.1_2312	243	1.7e-11	1	92	36	212	0.7109375
AraC_binding	136	CP065312.1_2317	304	1.7e-20	5	96	31	122	0.669117647059
HTH_18	81	CP065312.1_2317	304	1.3e-24	1	80	206	284	0.975308641975
SBP_bac_1	315	CP065312.1_2321	447	3.5e-37	10	315	68	361	0.968253968254
SBP_bac_1	315	CP065312.1_2326	425	1.5e-34	10	313	58	342	0.961904761905
MarR	59	CP065312.1_2328	389	3.6e-06	11	47	7	43	0.610169491525
MarR	59	CP065312.1_2329	399	7.9e-05	11	47	20	56	0.610169491525
SBP_bac_1	315	CP065312.1_2334	445	5.1e-30	9	314	84	360	0.968253968254
LacI	46	CP065312.1_2335	342	1.3e-13	1	45	3	48	0.95652173913
Peripla_BP_3	164	CP065312.1_2335	342	9e-32	1	164	177	337	0.993902439024
B12-binding_2	75	CP065312.1_2337	211	2.5e-19	3	75	5	76	0.96
B12-binding	121	CP065312.1_2337	211	2.9e-25	2	107	89	193	0.867768595041
B12-binding_2	75	CP065312.1_2341	212	6.5e-14	2	75	4	77	0.973333333333
B12-binding	121	CP065312.1_2341	212	1.5e-23	2	119	90	202	0.96694214876
SBP_bac_3	225	CP065312.1_2349	948	3.1e-15	15	223	44	249	0.924444444444
SBP_bac_3	225	CP065312.1_2349	948	5.4e-05	16	212	289	476	0.871111111111
HisKA	64	CP065312.1_2349	948	3e-19	1	64	563	628	0.984375
HATPase_c	111	CP065312.1_2349	948	6.5e-25	2	110	676	792	0.972972972973
Response_reg	112	CP065312.1_2349	948	8.9e-26	1	110	823	938	0.973214285714
Pyr_redox_2	292	CP065312.1_2356	659	1.8e-29	2	242	395	618	0.821917808219
FUR	120	CP065312.1_2359	136	9.9e-30	3	119	3	118	0.966666666667
HTH_6	77	CP065312.1_2360	272	5.8e-15	2	66	7	70	0.831168831169
SIS	131	CP065312.1_2360	272	4.6e-22	2	109	119	225	0.81679389313
Peptidase_M23	96	CP065312.1_2369	270	1.2e-19	4	96	169	264	0.958333333333
Aminotran_1_2	363	CP065312.1_2372	430	8e-07	69	192	78	188	0.338842975207
HATPase_c	111	CP065312.1_2380	643	2.4e-22	3	107	36	176	0.936936936937
AAA	132	CP065312.1_2384	452	5.8e-07	2	111	147	251	0.825757575758
Pyr_redox_2	292	CP065312.1_2390	635	6.9e-10	1	107	8	158	0.36301369863
Fer4	24	CP065312.1_240	393	6.6e-05	6	20	345	359	0.583333333333
CbiA	128	CP065312.1_2402	259	2.4e-27	1	128	5	229	0.9921875
GGDEF	161	CP065312.1_2408	284	1.9e-38	1	159	108	262	0.981366459627
dCache_1	249	CP065312.1_2409	590	4.5e-17	7	197	49	240	0.763052208835
HATPase_c	111	CP065312.1_2409	590	1.2e-08	7	108	470	572	0.90990990991
Response_reg	112	CP065312.1_2410	240	1.7e-30	1	111	4	116	0.982142857143
HTH_18	81	CP065312.1_2410	240	1.6e-18	2	80	156	233	0.962962962963
SBP_bac_1	315	CP065312.1_2411	441	1.3e-46	7	314	64	356	0.974603174603
SBP_bac_1	315	CP065312.1_2416	389	2.1e-18	8	302	19	298	0.933333333333
HTH_3	55	CP065312.1_2417	489	1.2e-17	4	53	19	68	0.890909090909
Ammonium_transp	399	CP065312.1_2420	584	3.9e-125	2	396	11	409	0.987468671679
Pribosyltran	159	CP065312.1_2421	472	2.5e-14	10	121	273	391	0.698113207547
CbiA	128	CP065312.1_2424	539	4.6e-07	8	69	14	288	0.4765625
GATase_2	420	CP065312.1_2425	1514	2e-168	1	420	17	431	0.997619047619
Pyr_redox_2	292	CP065312.1_2426	495	3.5e-29	1	292	153	477	0.996575342466
HTH_1	60	CP065312.1_243	296	6.9e-22	3	59	5	61	0.933333333333
LysR_substrate	209	CP065312.1_243	296	2.1e-09	60	131	149	223	0.33971291866
T2SSE	273	CP065312.1_2437	562	3.3e-74	8	272	194	454	0.967032967033
T2SSE	273	CP065312.1_2438	350	2.6e-44	11	259	13	256	0.908424908425
AAA	132	CP065312.1_244	496	2.9e-14	1	126	269	403	0.94696969697
ANTAR	54	CP065312.1_2444	184	1.2e-14	9	54	131	176	0.833333333333
Aminotran_1_2	363	CP065312.1_2445	405	4.4e-33	2	363	35	401	0.994490358127
AAA	132	CP065312.1_2451	621	3.7e-48	2	131	204	334	0.977272727273
GntR	64	CP065312.1_2455	126	1.6e-11	2	64	12	74	0.96875
TPR_2	34	CP065312.1_2462	1012	7.7e-05	12	34	151	173	0.647058823529
HTH_18	81	CP065312.1_2470	407	3.2e-23	1	80	323	401	0.975308641975
MarR	59	CP065312.1_2473	389	1.8e-06	8	47	17	56	0.661016949153
CBS	57	CP065312.1_2478	552	7.3e-07	11	54	83	126	0.754385964912
CBS	57	CP065312.1_2478	552	5.1e-09	1	52	251	303	0.894736842105
SKI	158	CP065312.1_2482	169	2.1e-37	1	157	11	166	0.987341772152
EPSP_synthase	417	CP065312.1_2483	431	5e-105	2	417	7	406	0.99520383693
HTH_18	81	CP065312.1_2488	247	1e-23	1	80	161	239	0.975308641975
GntR	64	CP065312.1_2494	231	2.8e-16	4	64	16	75	0.9375
GntR	64	CP065312.1_2496	232	2.4e-18	3	64	14	75	0.953125
PfkB	302	CP065312.1_250	270	1.6e-09	160	282	100	232	0.403973509934
HTH_3	55	CP065312.1_2500	82	1.2e-13	2	55	17	72	0.963636363636
ATPase_2	233	CP065312.1_2501	465	4.4e-10	1	232	2	194	0.991416309013
HTH_IclR	52	CP065312.1_2501	465	3.2e-05	9	49	238	276	0.769230769231
HisKA	64	CP065312.1_2502	499	6.8e-17	3	63	266	330	0.9375
HATPase_c	111	CP065312.1_2502	499	4.6e-28	2	109	379	490	0.963963963964
Response_reg	112	CP065312.1_2503	230	6.3e-27	1	112	4	113	0.991071428571
Trans_reg_C	77	CP065312.1_2503	230	4.7e-27	1	77	151	227	0.987012987013
Aminotran_1_2	363	CP065312.1_2511	528	5.3e-06	70	192	76	193	0.33608815427
AAA	132	CP065312.1_2513	330	1.8e-05	2	124	31	161	0.924242424242
LacI	46	CP065312.1_2520	344	1.2e-18	1	46	2	49	0.978260869565
Peripla_BP_3	164	CP065312.1_2520	344	6e-36	1	164	181	338	0.993902439024
LacI	46	CP065312.1_2521	348	5.9e-18	2	46	3	49	0.95652173913
Peripla_BP_3	164	CP065312.1_2521	348	1.3e-37	1	164	182	339	0.993902439024
SBP_bac_1	315	CP065312.1_2542	429	8.4e-43	6	313	51	342	0.974603174603
Response_reg	112	CP065312.1_2546	278	1.5e-23	2	111	4	114	0.973214285714
HTH_18	81	CP065312.1_2546	278	2e-20	2	80	179	256	0.962962962963
dCache_1	249	CP065312.1_2547	587	7.5e-13	10	247	52	274	0.951807228916
HATPase_c	111	CP065312.1_2547	587	1.5e-10	10	109	475	576	0.891891891892
PTS-HPr	82	CP065312.1_2550	76	2.9e-05	19	62	15	56	0.524390243902
AraC_binding	136	CP065312.1_2551	286	1.5e-10	5	132	33	156	0.933823529412
HTH_18	81	CP065312.1_2551	286	4e-21	1	80	197	275	0.975308641975
LacI	46	CP065312.1_2559	337	1.7e-21	1	46	3	48	0.978260869565
Peripla_BP_3	164	CP065312.1_2559	337	1e-36	1	164	169	335	0.993902439024
SBP_bac_1	315	CP065312.1_2562	447	2.1e-30	7	311	62	359	0.965079365079
AraC_binding	136	CP065312.1_2566	280	9e-11	14	90	39	115	0.558823529412
HTH_18	81	CP065312.1_2566	280	5.8e-20	1	80	200	278	0.975308641975
GGDEF	161	CP065312.1_257	604	7e-41	2	160	441	593	0.981366459627
TetR_N	47	CP065312.1_2572	194	2.4e-19	1	45	7	51	0.936170212766
FHA	69	CP065312.1_2575	545	4.8e-15	2	68	468	534	0.95652173913
Pkinase	264	CP065312.1_2577	606	2.4e-47	1	254	12	251	0.958333333333
Pkinase	264	CP065312.1_2581	633	3.4e-41	1	258	12	258	0.973484848485
TPR_2	34	CP065312.1_2581	633	6.8e-07	3	33	356	386	0.882352941176
TPR_1	34	CP065312.1_2584	524	1.5e-06	2	33	39	70	0.911764705882
FHA	69	CP065312.1_2585	177	1e-14	2	69	90	160	0.971014492754
LytTR	98	CP065312.1_2587	239	8.7e-25	4	95	148	235	0.928571428571
FHA	69	CP065312.1_2596	189	1.2e-17	2	69	111	179	0.971014492754
HTH_3	55	CP065312.1_2597	111	9.3e-14	1	55	15	69	0.981818181818
BTAD	146	CP065312.1_26	729	1.5e-08	86	145	168	227	0.404109589041
AraC_binding	136	CP065312.1_2609	296	1.9e-08	18	136	41	171	0.867647058824
HTH_18	81	CP065312.1_2609	296	5.1e-23	1	80	215	293	0.975308641975
Aminotran_1_2	363	CP065312.1_2610	350	1.5e-08	9	189	9	174	0.495867768595
FmdA_AmdA	372	CP065312.1_2611	300	3.2e-12	23	155	18	140	0.354838709677
Response_reg	112	CP065312.1_2613	232	4.2e-28	2	112	13	121	0.982142857143
Trans_reg_C	77	CP065312.1_2613	232	9.3e-27	2	76	152	227	0.961038961039
HisKA	64	CP065312.1_2614	302	1.8e-11	5	63	84	145	0.90625
HATPase_c	111	CP065312.1_2614	302	1.2e-20	7	108	197	298	0.90990990991
HTH_1	60	CP065312.1_2622	297	3.5e-21	1	60	3	62	0.983333333333
LysR_substrate	209	CP065312.1_2622	297	4.5e-48	6	207	89	290	0.961722488038
HTH_18	81	CP065312.1_2625	278	1.7e-23	1	80	192	270	0.975308641975
dCache_1	249	CP065312.1_2629	726	7.4e-07	162	248	173	269	0.345381526104
HisKA	64	CP065312.1_2629	726	3.4e-16	2	64	345	410	0.96875
HATPase_c	111	CP065312.1_2629	726	5.8e-27	1	110	457	574	0.981981981982
Response_reg	112	CP065312.1_2629	726	3.3e-24	2	111	605	720	0.973214285714
Aminotran_1_2	363	CP065312.1_2632	351	1.8e-41	4	331	24	320	0.900826446281
AraC_binding	136	CP065312.1_2639	288	6.2e-26	5	135	20	149	0.955882352941
HTH_18	81	CP065312.1_2639	288	1.6e-20	2	80	196	273	0.962962962963
SBP_bac_1	315	CP065312.1_2640	430	5e-31	6	314	50	342	0.977777777778
PfkB	302	CP065312.1_2649	301	3.8e-50	23	290	23	282	0.884105960265
PTS_EIIC	324	CP065312.1_2650	638	1.2e-22	2	324	302	579	0.993827160494
PTS-HPr	82	CP065312.1_2651	86	6.2e-28	2	81	3	82	0.963414634146
HTH_DeoR	57	CP065312.1_2653	249	3.3e-17	1	55	6	60	0.947368421053
DeoRC	160	CP065312.1_2653	249	3.7e-45	2	159	77	231	0.98125
TetR_N	47	CP065312.1_2655	211	4.6e-11	4	47	34	77	0.914893617021
MarR	59	CP065312.1_2656	150	1.6e-11	1	59	34	92	0.983050847458
Pyr_redox_2	292	CP065312.1_2659	309	2.5e-49	1	292	6	293	0.996575342466
HisKA	64	CP065312.1_2661	557	1.8e-17	2	64	332	397	0.96875
HATPase_c	111	CP065312.1_2661	557	1.3e-24	5	105	445	547	0.900900900901
Response_reg	112	CP065312.1_2662	226	1.8e-25	1	112	2	114	0.991071428571
Trans_reg_C	77	CP065312.1_2662	226	1.5e-27	1	77	147	220	0.987012987013
HisKA	64	CP065312.1_2668	286	4.4e-09	2	60	157	218	0.90625
HTH_3	55	CP065312.1_2695	116	6e-08	1	55	5	59	0.981818181818
HTH_3	55	CP065312.1_2697	152	4.1e-17	1	55	10	64	0.981818181818
Nitroreductase	170	CP065312.1_2698	265	2.4e-24	2	159	70	241	0.923529411765
Response_reg	112	CP065312.1_2703	534	4.1e-22	1	111	4	116	0.982142857143
HTH_18	81	CP065312.1_2703	534	3.6e-22	1	80	450	528	0.975308641975
HATPase_c	111	CP065312.1_2704	609	2.1e-10	11	108	494	595	0.873873873874
SBP_bac_1	315	CP065312.1_2705	415	5.3e-29	6	314	46	328	0.977777777778
SBP_bac_1	315	CP065312.1_2709	401	2.4e-27	8	312	41	319	0.965079365079
AAA	132	CP065312.1_271	440	2e-17	1	128	53	161	0.962121212121
PALP	294	CP065312.1_2713	310	1.9e-68	2	294	9	297	0.993197278912
T2SSE	273	CP065312.1_2719	387	1.8e-66	4	271	53	327	0.978021978022
TetR_N	47	CP065312.1_272	190	3e-07	1	45	11	55	0.936170212766
FHA	69	CP065312.1_2727	458	1.5e-16	3	68	378	442	0.942028985507
HisKA	64	CP065312.1_2729	242	6.7e-09	5	58	33	88	0.828125
HATPase_c	111	CP065312.1_2729	242	5.2e-26	2	108	137	239	0.954954954955
Sigma70_r2	71	CP065312.1_2731	186	5.3e-11	2	67	10	72	0.915492957746
Sigma70_r4_2	54	CP065312.1_2731	186	7.2e-05	30	52	150	172	0.407407407407
PadR	75	CP065312.1_2740	108	1.3e-21	1	75	14	83	0.986666666667
Response_reg	112	CP065312.1_2743	209	2.9e-26	1	108	3	110	0.955357142857
GerE	57	CP065312.1_2743	209	4.3e-17	5	56	150	201	0.894736842105
HATPase_c	111	CP065312.1_2757	428	7.9e-07	9	97	328	412	0.792792792793
Response_reg	112	CP065312.1_2758	258	1.5e-15	1	111	19	135	0.982142857143
LytTR	98	CP065312.1_2758	258	1.6e-19	4	96	158	245	0.938775510204
Trans_reg_C	77	CP065312.1_2762	417	1.2e-05	8	69	34	97	0.792207792208
BTAD	146	CP065312.1_2762	417	2.2e-17	1	139	112	246	0.945205479452
MarR	59	CP065312.1_278	154	5.9e-05	15	57	47	91	0.71186440678
HD	122	CP065312.1_2782	373	9.9e-07	3	119	228	323	0.950819672131
Fer4	24	CP065312.1_2786	750	1.6e-05	7	21	348	362	0.583333333333
HTH_1	60	CP065312.1_279	296	5.4e-22	3	59	5	61	0.933333333333
LysR_substrate	209	CP065312.1_279	296	3.9e-28	9	206	94	289	0.942583732057
Response_reg	112	CP065312.1_2794	233	2.5e-31	1	112	4	113	0.991071428571
Trans_reg_C	77	CP065312.1_2794	233	1.4e-24	1	76	152	227	0.974025974026
HisKA	64	CP065312.1_2796	213	3.5e-05	21	64	2	48	0.671875
HATPase_c	111	CP065312.1_2796	213	5.1e-11	2	93	95	186	0.81981981982
TOBE	64	CP065312.1_2797	371	6.7e-08	6	64	306	359	0.90625
Peripla_BP_1	279	CP065312.1_2803	414	3.3e-15	3	222	119	344	0.784946236559
HTH_18	81	CP065312.1_2816	401	2.2e-17	1	80	320	398	0.975308641975
HTH_5	47	CP065312.1_2825	86	7.7e-05	9	32	14	37	0.489361702128
dCache_1	249	CP065312.1_283	633	3.1e-18	6	248	42	277	0.971887550201
GGDEF	161	CP065312.1_283	633	7.4e-41	1	159	467	619	0.981366459627
HTH_3	55	CP065312.1_2832	79	2.6e-05	2	55	18	76	0.963636363636
Arc	50	CP065312.1_2833	54	3.6e-08	1	44	1	44	0.86
HTH_3	55	CP065312.1_2837	162	1e-15	1	52	7	58	0.927272727273
HTH_3	55	CP065312.1_2838	65	4.1e-05	9	33	8	32	0.436363636364
AAA	132	CP065312.1_2841	327	4.6e-05	2	98	36	167	0.727272727273
Aminotran_1_2	363	CP065312.1_2858	405	8.2e-16	31	194	37	177	0.449035812672
B12-binding	121	CP065312.1_2866	578	2.8e-17	14	120	47	156	0.876033057851
Aminotran_1_2	363	CP065312.1_2869	404	2.9e-09	64	194	68	184	0.358126721763
HTH_3	55	CP065312.1_2884	119	1.2e-19	1	55	16	70	0.981818181818
Response_reg	112	CP065312.1_2885	239	7.2e-19	1	107	5	115	0.946428571429
LytTR	98	CP065312.1_2885	239	1.6e-17	5	97	144	231	0.938775510204
HATPase_c	111	CP065312.1_2886	434	2e-05	5	93	332	418	0.792792792793
HTH_3	55	CP065312.1_2893	154	3.6e-08	2	54	4	59	0.945454545455
LacI	46	CP065312.1_2901	342	1.9e-13	1	44	6	49	0.934782608696
Peripla_BP_3	164	CP065312.1_2901	342	2.9e-37	1	164	179	339	0.993902439024
Response_reg	112	CP065312.1_2909	493	2.8e-22	1	110	4	116	0.973214285714
HTH_18	81	CP065312.1_2909	493	1.3e-24	1	80	412	490	0.975308641975
dCache_1	249	CP065312.1_2910	599	7e-07	13	191	50	244	0.714859437751
HATPase_c	111	CP065312.1_2910	599	1.7e-09	9	109	482	591	0.900900900901
SBP_bac_1	315	CP065312.1_2914	445	1.4e-25	2	308	51	344	0.971428571429
dCache_1	249	CP065312.1_2918	594	6.7e-12	6	231	46	275	0.903614457831
HATPase_c	111	CP065312.1_2918	594	3e-09	5	109	481	580	0.936936936937
Response_reg	112	CP065312.1_2919	249	2e-23	1	109	4	114	0.964285714286
HTH_18	81	CP065312.1_2919	249	5.9e-23	1	80	161	239	0.975308641975
SBP_bac_1	315	CP065312.1_2920	431	3.8e-31	5	311	67	339	0.971428571429
TetR_N	47	CP065312.1_2928	218	2e-18	1	47	14	61	0.978723404255
HTH_1	60	CP065312.1_294	316	9.2e-18	6	60	7	61	0.9
LysR_substrate	209	CP065312.1_294	316	8.4e-34	4	205	88	310	0.961722488038
Sigma70_r2	71	CP065312.1_2941	178	1.2e-15	1	68	22	87	0.943661971831
Sigma70_r4	50	CP065312.1_2941	178	2.9e-17	2	50	117	165	0.96
SBP_bac_1	315	CP065312.1_2946	460	3.4e-36	2	312	63	369	0.984126984127
SBP_bac_1	315	CP065312.1_2947	456	6.7e-32	10	302	71	356	0.926984126984
dCache_1	249	CP065312.1_2950	597	8.3e-19	2	249	43	277	0.991967871486
HATPase_c	111	CP065312.1_2950	597	4.2e-08	6	108	478	579	0.918918918919
Response_reg	112	CP065312.1_2951	522	3.8e-25	1	111	4	116	0.982142857143
HTH_18	81	CP065312.1_2951	522	7.2e-21	1	80	437	515	0.975308641975
Response_reg	112	CP065312.1_2955	216	2.2e-29	1	112	4	110	0.991071428571
Trans_reg_C	77	CP065312.1_2955	216	9.1e-25	2	77	142	213	0.974025974026
HisKA	64	CP065312.1_2956	368	7.3e-09	7	63	176	235	0.875
HATPase_c	111	CP065312.1_2956	368	1.1e-12	4	106	273	366	0.918918918919
AAA	132	CP065312.1_296	285	1.9e-06	3	113	37	194	0.833333333333
HTH_1	60	CP065312.1_2973	150	9.5e-12	6	60	25	84	0.9
HTH_7	45	CP065312.1_2977	148	2.3e-05	13	44	24	57	0.688888888889
ACT	67	CP065312.1_2977	148	2.4e-10	4	56	73	125	0.776119402985
LytTR	98	CP065312.1_298	147	1.7e-28	2	97	48	143	0.969387755102
HTH_3	55	CP065312.1_2983	238	3.1e-10	3	43	14	54	0.727272727273
HTH_3	55	CP065312.1_2983	238	2.3e-07	3	48	139	184	0.818181818182
dCache_1	249	CP065312.1_2988	564	9.2e-20	8	248	44	252	0.963855421687
HATPase_c	111	CP065312.1_2988	564	1.6e-11	8	110	456	562	0.918918918919
Response_reg	112	CP065312.1_2989	139	3.9e-29	1	111	4	116	0.982142857143
HTH_18	81	CP065312.1_2990	103	2.1e-24	1	80	22	100	0.975308641975
LacI	46	CP065312.1_2991	346	2.8e-16	2	46	8	52	0.95652173913
Peripla_BP_3	164	CP065312.1_2991	346	2.1e-31	2	164	179	340	0.987804878049
SBP_bac_1	315	CP065312.1_2994	529	2.1e-10	10	308	72	379	0.946031746032
AraC_binding	136	CP065312.1_2996	315	7.6e-13	14	80	25	89	0.485294117647
HTH_18	81	CP065312.1_2996	315	1.1e-18	7	78	225	295	0.876543209877
GntR	64	CP065312.1_30	470	8.7e-10	2	63	8	69	0.953125
GntR	64	CP065312.1_30	470	2.2e-12	8	64	250	306	0.875
HTH_18	81	CP065312.1_300	288	2.7e-20	1	80	27	105	0.975308641975
GyrI-like	155	CP065312.1_300	288	1.5e-24	3	154	133	286	0.974193548387
AraC_binding	136	CP065312.1_3003	293	2e-07	22	86	47	113	0.470588235294
HTH_18	81	CP065312.1_3003	293	9.3e-23	1	80	200	278	0.975308641975
HTH_18	81	CP065312.1_3005	282	1.1e-17	2	80	193	271	0.962962962963
PTS-HPr	82	CP065312.1_3007	76	1.4e-07	20	65	15	60	0.548780487805
AraC_binding	136	CP065312.1_3008	288	6.8e-11	19	131	35	154	0.823529411765
HTH_18	81	CP065312.1_3008	288	5.2e-21	1	79	207	283	0.962962962963
Response_reg	112	CP065312.1_3014	508	2e-25	2	111	5	116	0.973214285714
HTH_18	81	CP065312.1_3014	508	5.5e-14	4	80	426	503	0.938271604938
dCache_1	249	CP065312.1_3015	593	3e-06	3	201	42	246	0.795180722892
SBP_bac_1	315	CP065312.1_3016	437	7.6e-20	10	312	58	340	0.95873015873
HTH_3	55	CP065312.1_3023	145	8e-15	1	54	19	72	0.963636363636
NUDIX	131	CP065312.1_3028	204	1.9e-15	4	116	55	171	0.854961832061
TrkA_C	70	CP065312.1_3031	217	2.7e-10	4	67	149	214	0.9
HisKA	64	CP065312.1_3032	860	8.5e-13	3	64	632	698	0.953125
HATPase_c	111	CP065312.1_3032	860	3.1e-23	2	110	743	853	0.972972972973
Response_reg	112	CP065312.1_3033	234	1.3e-32	1	111	6	114	0.982142857143
Trans_reg_C	77	CP065312.1_3033	234	3.4e-24	2	77	154	229	0.974025974026
PfkB	302	CP065312.1_3039	323	2.4e-60	3	301	6	311	0.986754966887
Aminotran_1_2	363	CP065312.1_3044	397	1.2e-54	3	356	35	379	0.972451790634
MarR	59	CP065312.1_3047	410	0.0001	3	48	15	60	0.762711864407
SBP_bac_1	315	CP065312.1_3048	464	8.8e-43	5	314	59	370	0.980952380952
SIS	131	CP065312.1_3053	210	3.6e-14	43	112	119	189	0.526717557252
LacI	46	CP065312.1_3055	340	5.2e-14	1	46	6	51	0.978260869565
Peripla_BP_3	164	CP065312.1_3055	340	5e-31	2	164	174	336	0.987804878049
SBP_bac_1	315	CP065312.1_3056	477	1.7e-24	8	312	85	390	0.965079365079
Rhodanese	107	CP065312.1_3062	110	5.8e-16	1	105	8	95	0.971962616822
HTH_3	55	CP065312.1_3067	118	2.2e-19	2	55	9	62	0.963636363636
HATPase_c	111	CP065312.1_307	438	3.4e-05	8	96	336	423	0.792792792793
Fer4	24	CP065312.1_3071	241	2.1e-11	2	24	2	24	0.916666666667
HTH_IclR	52	CP065312.1_3077	251	3.4e-17	1	51	12	61	0.961538461538
IclR	129	CP065312.1_3077	251	3.9e-36	3	125	124	245	0.945736434109
Response_reg	112	CP065312.1_308	237	3.6e-18	1	109	3	113	0.964285714286
LytTR	98	CP065312.1_308	237	5.4e-18	5	93	142	234	0.897959183673
LacI	46	CP065312.1_3080	346	1.9e-15	1	45	4	48	0.95652173913
Peripla_BP_1	279	CP065312.1_3080	346	3.6e-10	3	187	66	260	0.659498207885
PfkB	302	CP065312.1_3081	345	4.5e-49	4	300	14	321	0.980132450331
Peripla_BP_1	279	CP065312.1_3085	312	1.2e-20	4	206	35	240	0.724014336918
dCache_1	249	CP065312.1_3089	574	2.3e-15	3	220	36	245	0.871485943775
HATPase_c	111	CP065312.1_3089	574	2.5e-09	9	109	465	567	0.900900900901
Response_reg	112	CP065312.1_3090	539	1.9e-29	2	110	7	118	0.964285714286
HTH_18	81	CP065312.1_3090	539	3e-22	2	80	448	525	0.962962962963
MarR	59	CP065312.1_3093	144	2.1e-06	1	58	31	89	0.966101694915
LacI	46	CP065312.1_3094	353	3.9e-16	1	46	4	49	0.978260869565
Peripla_BP_1	279	CP065312.1_3094	353	2.9e-07	2	204	62	272	0.724014336918
HTH_DeoR	57	CP065312.1_3098	254	4.8e-18	1	55	5	59	0.947368421053
DeoRC	160	CP065312.1_3098	254	1.1e-46	4	160	78	233	0.975
HisKA	64	CP065312.1_31	1057	2.3e-15	1	64	536	602	0.984375
HATPase_c	111	CP065312.1_31	1057	2.6e-26	1	110	649	765	0.981981981982
Response_reg	112	CP065312.1_31	1057	6.8e-20	2	110	789	902	0.964285714286
Response_reg	112	CP065312.1_31	1057	1.7e-25	1	111	931	1047	0.982142857143
AraC_binding	136	CP065312.1_3102	298	5.3e-07	10	78	22	91	0.5
HTH_18	81	CP065312.1_3102	298	4.1e-20	1	80	213	291	0.975308641975
cNMP_binding	88	CP065312.1_3105	224	5.2e-10	2	76	37	113	0.840909090909
BTAD	146	CP065312.1_3106	955	5.4e-15	47	145	128	226	0.671232876712
TPR_2	34	CP065312.1_3106	955	4e-05	1	29	823	851	0.823529411765
TPR_2	34	CP065312.1_3106	955	1.8e-05	3	31	865	893	0.823529411765
HTH_1	60	CP065312.1_3111	308	1.4e-20	1	59	3	61	0.966666666667
LysR_substrate	209	CP065312.1_3111	308	2.2e-30	3	200	86	283	0.942583732057
Pyr_redox_2	292	CP065312.1_3112	545	6.9e-65	2	288	2	293	0.979452054795
Rhodanese	107	CP065312.1_3112	545	2.8e-05	52	100	484	533	0.448598130841
NIR_SIR_ferr	69	CP065312.1_3113	318	5.8e-12	6	68	25	86	0.898550724638
NIR_SIR	159	CP065312.1_3113	318	2.1e-33	2	151	95	292	0.937106918239
FeoA	74	CP065312.1_3118	76	1.6e-16	1	73	1	71	0.972972972973
B12-binding	121	CP065312.1_3121	593	6.9e-19	6	121	8	124	0.95041322314
HhH-GPD	108	CP065312.1_3122	217	3.1e-27	1	107	34	168	0.981481481481
HisKA	64	CP065312.1_3127	474	7e-16	2	63	246	310	0.953125
HATPase_c	111	CP065312.1_3127	474	1.3e-26	4	109	360	467	0.945945945946
Response_reg	112	CP065312.1_3128	235	6.3e-30	1	112	7	116	0.991071428571
Trans_reg_C	77	CP065312.1_3128	235	4.4e-28	1	77	155	229	0.987012987013
HD	122	CP065312.1_3131	317	3.8e-14	2	121	162	280	0.975409836066
HTH_3	55	CP065312.1_3139	78	2.4e-07	5	55	11	60	0.909090909091
SBP_bac_5	377	CP065312.1_3147	555	1.7e-78	1	374	95	474	0.989389920424
Response_reg	112	CP065312.1_315	91	4.3e-20	2	81	5	82	0.705357142857
HTH_DeoR	57	CP065312.1_3153	254	1e-17	1	53	6	58	0.912280701754
DeoRC	160	CP065312.1_3153	254	3.4e-42	2	160	75	235	0.9875
AraC_binding	136	CP065312.1_3157	294	3.9e-07	15	134	30	153	0.875
HTH_18	81	CP065312.1_3157	294	1.3e-22	2	80	206	283	0.962962962963
Trans_reg_C	77	CP065312.1_316	85	8.8e-23	2	77	10	84	0.974025974026
SBP_bac_1	315	CP065312.1_3163	562	7.7e-17	20	262	85	340	0.768253968254
AraC_binding	136	CP065312.1_3165	298	5.9e-13	16	68	36	89	0.382352941176
HTH_18	81	CP065312.1_3165	298	1.5e-19	1	79	212	288	0.962962962963
HATPase_c	111	CP065312.1_3167	584	1.3e-06	9	110	460	572	0.90990990991
Response_reg	112	CP065312.1_3168	252	3.2e-24	1	111	4	116	0.982142857143
HTH_18	81	CP065312.1_3168	252	1e-18	1	80	165	243	0.975308641975
SBP_bac_1	315	CP065312.1_3169	428	1.3e-13	14	314	51	341	0.952380952381
SBP_bac_1	315	CP065312.1_3170	438	1.3e-18	12	315	63	346	0.961904761905
HTH_3	55	CP065312.1_3185	163	1.5e-20	2	55	8	61	0.963636363636
Sigma70_r2	71	CP065312.1_3186	170	6.6e-14	1	68	7	73	0.943661971831
Sigma70_r4_2	54	CP065312.1_3186	170	1.1e-11	8	51	112	155	0.796296296296
MerR	38	CP065312.1_3195	274	1e-13	1	38	3	41	0.973684210526
GyrI-like	155	CP065312.1_3195	274	8.3e-11	3	155	121	270	0.98064516129
HTH_1	60	CP065312.1_3197	308	3.1e-18	2	60	4	62	0.966666666667
LysR_substrate	209	CP065312.1_3197	308	4.2e-32	5	208	90	304	0.971291866029
dCache_1	249	CP065312.1_32	1115	1e-11	22	248	45	268	0.907630522088
HisKA	64	CP065312.1_32	1115	3.3e-17	1	64	602	668	0.984375
HATPase_c	111	CP065312.1_32	1115	3.4e-28	1	109	715	831	0.972972972973
Response_reg	112	CP065312.1_32	1115	1.3e-23	2	108	851	962	0.946428571429
Response_reg	112	CP065312.1_32	1115	2.9e-26	1	110	991	1106	0.973214285714
MerR	38	CP065312.1_3202	71	1.1e-15	1	38	3	41	0.973684210526
Rhodanese	107	CP065312.1_3206	146	1.2e-21	1	105	49	140	0.971962616822
HTH_3	55	CP065312.1_3219	256	1.1e-15	2	55	14	67	0.963636363636
Sigma70_r2	71	CP065312.1_322	159	3.7e-15	2	66	11	73	0.901408450704
Sigma70_r4_2	54	CP065312.1_322	159	2.6e-14	3	54	98	149	0.944444444444
HTH_3	55	CP065312.1_3220	73	1.3e-05	5	54	12	60	0.890909090909
PglZ	176	CP065312.1_3225	856	1.6e-46	1	175	467	644	0.988636363636
HTH_1	60	CP065312.1_3229	305	3.8e-17	5	60	9	64	0.916666666667
LysR_substrate	209	CP065312.1_3229	305	1.8e-33	4	204	91	292	0.956937799043
TetR_N	47	CP065312.1_3236	194	3.7e-07	6	47	21	62	0.872340425532
HTH_11	55	CP065312.1_3240	175	2.5e-14	1	54	6	58	0.963636363636
HTH_3	55	CP065312.1_3243	78	6.2e-16	1	55	5	59	0.981818181818
cNMP_binding	88	CP065312.1_3245	243	8.7e-10	3	87	43	129	0.954545454545
Crp	32	CP065312.1_3245	243	9.5e-09	4	32	186	214	0.875
HTH_18	81	CP065312.1_325	322	1.3e-22	2	80	33	110	0.962962962963
Response_reg	112	CP065312.1_3250	225	1.6e-26	1	111	2	113	0.982142857143
Trans_reg_C	77	CP065312.1_3250	225	2.4e-30	2	77	148	220	0.974025974026
HisKA	64	CP065312.1_3251	443	3.4e-18	2	63	226	290	0.953125
HATPase_c	111	CP065312.1_3251	443	4.7e-27	6	106	339	441	0.900900900901
PadR	75	CP065312.1_3254	118	3.8e-22	1	74	16	89	0.973333333333
TrkA_C	70	CP065312.1_3258	454	8.5e-10	6	69	157	221	0.9
TrkA_C	70	CP065312.1_3258	454	1.1e-12	3	69	385	450	0.942857142857
HMA	62	CP065312.1_3260	1079	3.3e-08	3	42	297	336	0.629032258065
HMA	62	CP065312.1_3260	1079	6.1e-12	1	54	373	427	0.854838709677
HTH_3	55	CP065312.1_3264	73	2.7e-15	1	54	7	60	0.963636363636
AraC_binding	136	CP065312.1_3269	299	6.3e-09	12	65	27	80	0.389705882353
HTH_18	81	CP065312.1_3269	299	2.7e-16	3	79	213	288	0.938271604938
HTH_3	55	CP065312.1_3274	131	2.8e-11	1	55	7	61	0.981818181818
AraC_binding	136	CP065312.1_328	286	1.7e-13	12	136	24	149	0.911764705882
HTH_18	81	CP065312.1_328	286	1.1e-18	2	79	196	272	0.950617283951
SBP_bac_1	315	CP065312.1_33	426	2.6e-23	11	313	58	341	0.95873015873
Sigma70_r4_2	54	CP065312.1_3306	148	3e-09	4	47	88	132	0.796296296296
GerE	57	CP065312.1_3336	136	1.2e-08	2	47	17	62	0.789473684211
Sigma70_r4_2	54	CP065312.1_3336	136	5.6e-08	17	54	93	130	0.685185185185
AAA	132	CP065312.1_3346	670	2.5e-46	2	131	213	343	0.977272727273
CheW	138	CP065312.1_3348	315	0.0001	17	75	177	232	0.420289855072
AraC_binding	136	CP065312.1_3361	305	4.4e-10	11	91	32	112	0.588235294118
HTH_18	81	CP065312.1_3361	305	6.5e-23	1	79	214	291	0.962962962963
Response_reg	112	CP065312.1_3365	222	2.5e-23	1	111	4	109	0.982142857143
Trans_reg_C	77	CP065312.1_3365	222	1.2e-20	3	77	145	218	0.961038961039
HisKA	64	CP065312.1_3368	297	1.3e-14	2	59	86	145	0.890625
HATPase_c	111	CP065312.1_3368	297	1.1e-14	5	93	200	281	0.792792792793
HATPase_c	111	CP065312.1_3379	230	7.8e-09	48	108	166	228	0.540540540541
GyrI-like	155	CP065312.1_3388	214	6.6e-28	5	155	21	208	0.967741935484
B12-binding	121	CP065312.1_339	443	1.1e-20	11	119	31	139	0.892561983471
TrmB	68	CP065312.1_3392	190	4.4e-07	16	59	21	71	0.632352941176
GGDEF	161	CP065312.1_34	584	1.5e-30	2	161	133	286	0.987577639752
EAL	238	CP065312.1_34	584	5.1e-66	12	238	318	541	0.949579831933
HTH_18	81	CP065312.1_3401	424	3.4e-19	1	80	342	420	0.975308641975
B12-binding_2	75	CP065312.1_3402	216	2.9e-08	3	74	5	76	0.946666666667
B12-binding	121	CP065312.1_3402	216	4e-20	3	115	90	196	0.925619834711
HTH_1	60	CP065312.1_3405	110	4.3e-21	1	59	3	61	0.966666666667
IclR	129	CP065312.1_3408	210	1.8e-28	4	118	81	196	0.883720930233
HTH_IclR	52	CP065312.1_3409	44	7.1e-05	1	23	22	43	0.423076923077
B12-binding	121	CP065312.1_341	432	1.2e-24	10	120	25	136	0.909090909091
GyrI-like	155	CP065312.1_3413	200	1e-08	3	115	27	137	0.722580645161
HATPase_c	111	CP065312.1_3415	430	6.7e-05	2	99	323	419	0.873873873874
LacI	46	CP065312.1_3416	333	1.4e-05	2	44	5	47	0.913043478261
Peripla_BP_3	164	CP065312.1_3416	333	1.2e-38	1	164	167	329	0.993902439024
SBP_bac_1	315	CP065312.1_3417	454	3e-33	5	310	51	342	0.968253968254
Response_reg	112	CP065312.1_3422	234	4.8e-21	2	111	5	117	0.973214285714
LytTR	98	CP065312.1_3422	234	6.5e-21	4	94	141	224	0.918367346939
Response_reg	112	CP065312.1_3426	537	9e-27	1	111	6	118	0.982142857143
HTH_18	81	CP065312.1_3426	537	1.3e-21	1	80	451	529	0.975308641975
dCache_1	249	CP065312.1_3427	604	5.3e-28	5	249	34	270	0.979919678715
HATPase_c	111	CP065312.1_3427	604	6.6e-14	9	109	468	571	0.900900900901
Peripla_BP_1	279	CP065312.1_3428	325	3.9e-13	2	151	36	196	0.534050179211
Peripla_BP_3	164	CP065312.1_3429	349	4.9e-07	12	146	177	315	0.817073170732
Response_reg	112	CP065312.1_3433	121	1.8e-14	42	111	18	85	0.616071428571
LacI	46	CP065312.1_3434	343	5.8e-15	1	46	4	49	0.978260869565
Peripla_BP_1	279	CP065312.1_3434	343	6.5e-09	2	212	62	281	0.752688172043
Response_reg	112	CP065312.1_3447	224	1.2e-26	1	112	4	112	0.991071428571
Trans_reg_C	77	CP065312.1_3447	224	4.7e-19	2	76	145	217	0.961038961039
HisKA	64	CP065312.1_3448	452	1e-12	4	61	234	293	0.890625
HATPase_c	111	CP065312.1_3448	452	3.6e-15	2	108	342	450	0.954954954955
GGDEF	161	CP065312.1_3450	736	3.9e-20	2	153	26	165	0.937888198758
EAL	238	CP065312.1_3450	736	1.4e-56	5	235	195	422	0.966386554622
Pyr_redox	81	CP065312.1_3455	283	4.5e-05	2	67	146	214	0.802469135802
AraC_binding	136	CP065312.1_3456	282	3.5e-15	10	134	21	155	0.911764705882
HTH_18	81	CP065312.1_3456	282	2.7e-22	1	75	202	274	0.913580246914
AraC_binding	136	CP065312.1_3458	311	4.8e-07	17	71	38	94	0.397058823529
HTH_18	81	CP065312.1_3458	311	2.8e-22	1	80	212	290	0.975308641975
SBP_bac_1	315	CP065312.1_3459	466	1.3e-28	12	306	87	364	0.933333333333
LacI	46	CP065312.1_3471	344	3.1e-11	1	44	4	47	0.934782608696
Peripla_BP_3	164	CP065312.1_3471	344	4.7e-41	1	164	167	329	0.993902439024
LacI	46	CP065312.1_3472	332	1.4e-11	3	36	6	39	0.717391304348
Peripla_BP_3	164	CP065312.1_3472	332	5.3e-19	2	164	169	329	0.987804878049
SBP_bac_1	315	CP065312.1_3474	433	5.9e-31	10	283	61	316	0.866666666667
LacI	46	CP065312.1_3478	335	2.3e-09	4	44	7	47	0.869565217391
Peripla_BP_3	164	CP065312.1_3478	335	1.1e-41	2	164	168	329	0.987804878049
AraC_binding	136	CP065312.1_3485	289	6.8e-16	9	136	25	158	0.933823529412
HTH_18	81	CP065312.1_3485	289	3.3e-17	1	80	204	282	0.975308641975
GGDEF	161	CP065312.1_3489	390	2e-42	2	161	225	384	0.987577639752
HTH_6	77	CP065312.1_3491	286	2.6e-17	11	74	10	73	0.818181818182
SIS	131	CP065312.1_3491	286	2.4e-13	2	119	133	247	0.893129770992
CBS	57	CP065312.1_3499	419	2e-05	8	56	211	260	0.842105263158
CBS	57	CP065312.1_3499	419	1.5e-07	8	56	272	320	0.842105263158
Pyr_redox_2	292	CP065312.1_35	550	3.1e-43	1	292	8	299	0.996575342466
Response_reg	112	CP065312.1_3504	226	2.7e-28	1	111	4	112	0.982142857143
Trans_reg_C	77	CP065312.1_3504	226	1.4e-13	3	77	146	219	0.961038961039
HATPase_c	111	CP065312.1_3505	336	4.8e-13	2	107	226	332	0.945945945946
dCache_1	249	CP065312.1_3507	853	3.6e-08	145	249	164	281	0.417670682731
HisKA	64	CP065312.1_3507	853	1.7e-17	1	64	344	410	0.984375
HATPase_c	111	CP065312.1_3507	853	1.3e-25	2	110	458	575	0.972972972973
Response_reg	112	CP065312.1_3507	853	3.3e-22	2	107	592	702	0.9375
Response_reg	112	CP065312.1_3507	853	2e-23	1	110	731	846	0.973214285714
GntR	64	CP065312.1_3509	488	1.1e-14	3	59	9	65	0.875
GntR	64	CP065312.1_3509	488	7.7e-19	4	64	259	319	0.9375
FeoA	74	CP065312.1_3520	90	6.8e-14	1	73	4	81	0.972972972973
Response_reg	112	CP065312.1_3523	80	5.1e-15	1	70	4	75	0.616071428571
Aminotran_1_2	363	CP065312.1_3530	409	4.3e-11	40	153	29	125	0.31129476584
Aminotran_1_2	363	CP065312.1_3539	391	5.3e-08	45	196	36	165	0.415977961433
Pyr_redox_2	292	CP065312.1_3547	667	6.3e-30	1	251	406	638	0.856164383562
BTAD	146	CP065312.1_3550	942	2.4e-11	56	146	140	230	0.616438356164
TPR_2	34	CP065312.1_3550	942	6.3e-06	4	32	848	876	0.823529411765
dCache_1	249	CP065312.1_3551	596	1.3e-09	9	247	51	271	0.955823293173
HATPase_c	111	CP065312.1_3551	596	1.4e-14	7	109	474	580	0.918918918919
Response_reg	112	CP065312.1_3552	534	1.9e-26	1	111	5	116	0.982142857143
HTH_18	81	CP065312.1_3552	534	1.9e-19	1	80	454	532	0.975308641975
SBP_bac_1	315	CP065312.1_3553	446	2.2e-20	11	307	70	355	0.939682539683
Glyoxalase	128	CP065312.1_3558	127	2.8e-10	1	102	7	93	0.7890625
AraC_binding	136	CP065312.1_3563	802	3.9e-15	17	136	18	136	0.875
HTH_18	81	CP065312.1_3563	802	4.2e-26	1	81	181	260	0.987654320988
AraC_binding	136	CP065312.1_3574	310	1.8e-10	14	80	36	100	0.485294117647
HTH_18	81	CP065312.1_3574	310	2.2e-25	1	80	224	302	0.975308641975
Response_reg	112	CP065312.1_358	244	6.5e-18	1	111	4	121	0.982142857143
LytTR	98	CP065312.1_358	244	3.1e-22	4	95	152	241	0.928571428571
Response_reg	112	CP065312.1_3583	234	3.4e-31	1	112	5	114	0.991071428571
Trans_reg_C	77	CP065312.1_3583	234	4.4e-27	1	77	154	230	0.987012987013
HisKA	64	CP065312.1_3584	535	1.2e-15	2	63	311	375	0.953125
HATPase_c	111	CP065312.1_3584	535	8.6e-24	2	107	423	531	0.945945945946
HTH_3	55	CP065312.1_3589	69	1.2e-14	1	55	10	64	0.981818181818
T2SSE	273	CP065312.1_3590	352	3.3e-38	122	268	119	268	0.534798534799
Response_reg	112	CP065312.1_3598	230	3.1e-34	1	111	5	113	0.982142857143
Trans_reg_C	77	CP065312.1_3598	230	6.6e-31	2	77	152	227	0.974025974026
HisKA	64	CP065312.1_3599	478	3.2e-13	1	62	251	316	0.953125
HATPase_c	111	CP065312.1_3599	478	6.8e-28	2	110	364	474	0.972972972973
HATPase_c	111	CP065312.1_360	430	5e-05	2	85	323	403	0.747747747748
CBS	57	CP065312.1_3608	150	1.5e-11	7	52	11	56	0.789473684211
CBS	57	CP065312.1_3608	150	1e-11	8	55	83	128	0.824561403509
Pribosyltran	159	CP065312.1_3612	201	5.5e-09	42	123	105	193	0.509433962264
PTS-HPr	82	CP065312.1_3617	88	1.5e-26	2	81	3	82	0.963414634146
Aminotran_1_2	363	CP065312.1_3626	376	2.1e-08	56	189	39	154	0.366391184573
AAA	132	CP065312.1_3655	245	9.2e-05	3	113	57	208	0.833333333333
Pyr_redox_2	292	CP065312.1_3664	660	3.6e-27	1	241	395	618	0.821917808219
Nitroreductase	170	CP065312.1_367	173	9.9e-19	2	58	8	64	0.329411764706
Nitroreductase	170	CP065312.1_367	173	3.1e-12	82	170	60	145	0.517647058824
SpoIIE	193	CP065312.1_3675	249	3.1e-11	7	190	34	238	0.948186528497
Pkinase	264	CP065312.1_3676	710	1.7e-60	1	255	12	258	0.962121212121
HxlR	91	CP065312.1_368	115	3.8e-35	1	89	18	106	0.967032967033
EPSP_synthase	417	CP065312.1_3692	416	4e-69	2	417	7	405	0.99520383693
Sigma70_r2	71	CP065312.1_3697	165	3.4e-15	1	70	18	85	0.971830985915
Sigma70_r4_2	54	CP065312.1_3697	165	4.4e-17	5	54	108	157	0.907407407407
Sigma70_r2	71	CP065312.1_3702	247	3.5e-19	1	70	67	136	0.971830985915
Sigma70_r4	50	CP065312.1_3702	247	3.2e-17	1	50	185	240	0.98
HTH_IclR	52	CP065312.1_3703	252	1.1e-14	2	51	10	58	0.942307692308
IclR	129	CP065312.1_3703	252	1.8e-36	3	128	125	249	0.968992248062
PfkB	302	CP065312.1_3705	342	1.4e-36	3	288	4	311	0.943708609272
PfkB	302	CP065312.1_3706	341	1.4e-34	4	289	7	307	0.943708609272
Sigma70_r2	71	CP065312.1_3712	260	1.9e-19	3	70	44	111	0.943661971831
Sigma70_r3	78	CP065312.1_3712	260	6.9e-08	16	60	135	179	0.564102564103
Sigma70_r4	50	CP065312.1_3712	260	8.7e-18	1	49	206	254	0.96
SBP_bac_5	377	CP065312.1_3720	530	3e-88	4	376	102	451	0.986737400531
Aminotran_1_2	363	CP065312.1_3725	407	8.7e-54	2	362	34	394	0.99173553719
MarR	59	CP065312.1_3727	145	2.4e-12	4	57	36	89	0.898305084746
AAA	132	CP065312.1_3729	615	7.1e-06	2	99	402	561	0.734848484848
HTH_5	47	CP065312.1_3733	118	1.1e-19	1	45	42	86	0.936170212766
Citrate_synt	361	CP065312.1_3734	453	4.1e-122	3	361	44	436	0.991689750693
HTH_3	55	CP065312.1_3738	107	1.8e-15	1	55	6	61	0.981818181818
HTH_3	55	CP065312.1_3750	85	9e-11	1	51	17	72	0.909090909091
HTH_3	55	CP065312.1_3751	70	1.5e-18	1	55	6	60	0.981818181818
AAA	132	CP065312.1_3753	419	9.7e-21	2	130	244	374	0.969696969697
HxlR	91	CP065312.1_376	121	4e-34	1	88	24	112	0.956043956044
MarR	59	CP065312.1_3779	142	1.5e-09	12	58	36	82	0.779661016949
MCPsignal	172	CP065312.1_3781	218	5.1e-05	76	166	36	126	0.523255813953
HTH_1	60	CP065312.1_3782	280	6.2e-19	3	59	5	61	0.933333333333
LysR_substrate	209	CP065312.1_3782	280	3.5e-21	4	184	88	266	0.861244019139
Rrf2	83	CP065312.1_3785	135	9.5e-21	1	83	1	80	0.987951807229
Fer4	24	CP065312.1_3786	1177	6e-07	1	23	687	709	0.916666666667
Fer4	24	CP065312.1_3786	1177	1.3e-05	6	19	743	756	0.541666666667
LacI	46	CP065312.1_3795	326	1.8e-20	1	46	3	48	0.978260869565
Peripla_BP_3	164	CP065312.1_3795	326	1.3e-27	2	164	165	324	0.987804878049
SBP_bac_1	315	CP065312.1_3797	432	2.6e-26	5	313	49	339	0.977777777778
HATPase_c	111	CP065312.1_3803	613	6.7e-08	9	109	487	596	0.900900900901
SBP_bac_1	315	CP065312.1_3805	440	1.1e-30	7	314	69	358	0.974603174603
Response_reg	112	CP065312.1_3808	500	7.2e-31	1	110	4	116	0.973214285714
HTH_18	81	CP065312.1_3808	500	5.1e-22	4	79	418	492	0.925925925926
HTH_18	81	CP065312.1_3814	414	2.6e-20	1	80	324	402	0.975308641975
HhH-GPD	108	CP065312.1_3820	271	2.4e-13	1	88	108	242	0.805555555556
Fer4	24	CP065312.1_3822	264	2.1e-08	1	24	2	25	0.958333333333
Fer4	24	CP065312.1_3822	264	2.1e-07	7	23	36	52	0.666666666667
Nitroreductase	170	CP065312.1_3822	264	3.2e-26	2	170	82	244	0.988235294118
HTH_11	55	CP065312.1_3823	311	5.8e-15	1	53	5	58	0.945454545455
GyrI-like	155	CP065312.1_3824	152	2.5e-25	1	154	1	150	0.987096774194
Fer4	24	CP065312.1_3830	375	2.1e-05	6	20	342	356	0.583333333333
Sigma70_r4_2	54	CP065312.1_3832	250	2.3e-06	19	54	41	76	0.648148148148
Nitro_FeMo-Co	95	CP065312.1_3832	250	6.5e-22	2	94	125	212	0.968421052632
Pkinase	264	CP065312.1_384	534	4.2e-35	1	194	12	202	0.731060606061
TPR_1	34	CP065312.1_384	534	9.3e-05	2	25	408	431	0.676470588235
AraC_binding	136	CP065312.1_3840	311	3.2e-14	17	117	42	152	0.735294117647
HTH_18	81	CP065312.1_3840	311	3.5e-22	2	80	220	297	0.962962962963
HMA	62	CP065312.1_3843	74	1.2e-15	2	58	5	63	0.903225806452
GntR	64	CP065312.1_3845	238	6.4e-19	3	63	25	85	0.9375
DctP	286	CP065312.1_3847	334	2.3e-84	3	280	42	316	0.968531468531
ACT	67	CP065312.1_3857	146	2.7e-10	2	59	5	59	0.850746268657
SBP_bac_1	315	CP065312.1_3872	438	8.1e-21	9	313	51	343	0.965079365079
Response_reg	112	CP065312.1_3873	253	1e-27	1	110	9	120	0.973214285714
HTH_18	81	CP065312.1_3873	253	3.9e-24	3	80	171	247	0.950617283951
HATPase_c	111	CP065312.1_3874	603	6.8e-06	9	77	490	565	0.612612612613
HTH_18	81	CP065312.1_3883	145	1.5e-22	1	80	56	134	0.975308641975
AraC_binding	136	CP065312.1_3884	166	4.4e-13	4	76	16	88	0.529411764706
SBP_bac_1	315	CP065312.1_3885	453	4.2e-39	5	314	67	355	0.980952380952
MerR	38	CP065312.1_3895	137	8.9e-16	1	38	5	42	0.973684210526
AraC_binding	136	CP065312.1_3896	300	7.7e-12	18	78	30	90	0.441176470588
HTH_18	81	CP065312.1_3896	300	3.9e-21	1	80	211	289	0.975308641975
HD	122	CP065312.1_3898	187	2.8e-09	2	120	36	137	0.967213114754
Spo0A_C	104	CP065312.1_391	111	4.1e-34	1	103	3	102	0.980769230769
Arg_repressor	70	CP065312.1_3917	157	4.3e-22	3	65	2	64	0.885714285714
PfkB	302	CP065312.1_392	311	2.1e-73	1	301	1	295	0.993377483444
Response_reg	112	CP065312.1_3920	265	2.5e-25	1	111	6	120	0.982142857143
Spo0A_C	104	CP065312.1_3920	265	1.9e-48	1	104	155	258	0.990384615385
Response_reg	112	CP065312.1_3922	223	1.5e-22	1	111	3	111	0.982142857143
Trans_reg_C	77	CP065312.1_3922	223	1.4e-24	2	77	147	221	0.974025974026
HATPase_c	111	CP065312.1_3923	339	7.7e-21	2	109	221	330	0.963963963964
HD	122	CP065312.1_3931	520	2.3e-21	3	121	337	427	0.967213114754
Penicillinase_R	115	CP065312.1_3936	120	9.6e-24	3	114	7	116	0.965217391304
Rrf2	83	CP065312.1_3939	152	1e-32	1	83	1	83	0.987951807229
SBP_bac_3	225	CP065312.1_3949	260	1.8e-25	97	224	22	147	0.564444444444
SBP_bac_3	225	CP065312.1_3949	260	6.4e-32	1	93	168	259	0.408888888889
SBP_bac_1	315	CP065312.1_395	446	2.7e-34	9	312	62	353	0.961904761905
AraC_binding	136	CP065312.1_3953	292	8e-10	17	133	55	164	0.852941176471
HTH_18	81	CP065312.1_3953	292	2.9e-24	2	80	203	280	0.962962962963
HisKA	64	CP065312.1_3968	360	2.8e-14	2	64	141	205	0.96875
HATPase_c	111	CP065312.1_3968	360	2e-16	2	108	252	356	0.954954954955
Response_reg	112	CP065312.1_3969	222	1.9e-27	1	112	4	113	0.991071428571
Trans_reg_C	77	CP065312.1_3969	222	6e-26	2	77	147	219	0.974025974026
Spo0A_C	104	CP065312.1_3970	108	2e-33	3	103	6	102	0.961538461538
Response_reg	112	CP065312.1_3972	225	8.8e-30	1	111	6	115	0.982142857143
Trans_reg_C	77	CP065312.1_3972	225	1.2e-27	1	77	149	222	0.987012987013
HisKA	64	CP065312.1_3973	490	7.9e-16	1	62	267	332	0.953125
HATPase_c	111	CP065312.1_3973	490	3.4e-18	1	109	379	488	0.972972972973
ACT	67	CP065312.1_3979	223	2e-11	2	65	150	211	0.940298507463
LacI	46	CP065312.1_398	632	5.3e-18	1	45	2	47	0.95652173913
Peripla_BP_1	279	CP065312.1_398	632	5.3e-11	16	132	72	183	0.415770609319
Peripla_BP_3	164	CP065312.1_398	632	2.1e-10	1	151	162	302	0.914634146341
PfkB	302	CP065312.1_398	632	3e-59	2	296	326	609	0.973509933775
HTH_18	81	CP065312.1_3981	277	1.9e-18	5	80	31	105	0.925925925926
GyrI-like	155	CP065312.1_3981	277	3e-14	1	155	128	275	0.993548387097
HTH_3	55	CP065312.1_3983	154	7.3e-18	1	53	7	59	0.945454545455
ACT	67	CP065312.1_3991	388	1.2e-05	8	65	324	377	0.850746268657
Fer4	24	CP065312.1_3997	563	1e-05	1	18	138	155	0.708333333333
Fer4	24	CP065312.1_3997	563	2.8e-07	5	24	185	204	0.791666666667
Fer4	24	CP065312.1_3998	625	9.9e-10	3	24	570	591	0.875
Fer4	24	CP065312.1_3998	625	3.4e-06	2	24	599	621	0.916666666667
TetR_N	47	CP065312.1_4000	199	9.6e-19	1	47	7	53	0.978723404255
CBS	57	CP065312.1_4002	498	6.9e-06	12	50	110	151	0.666666666667
CBS	57	CP065312.1_4002	498	3.5e-06	1	50	163	214	0.859649122807
SBP_bac_1	315	CP065312.1_4014	347	7.2e-12	9	314	41	287	0.968253968254
HD	122	CP065312.1_4015	198	6.8e-05	4	61	26	89	0.467213114754
AAA	132	CP065312.1_4018	507	8.2e-11	1	92	36	137	0.689393939394
Response_reg	112	CP065312.1_4019	235	9.5e-22	1	111	3	111	0.982142857143
LytTR	98	CP065312.1_4019	235	1.3e-17	3	97	136	225	0.959183673469
PALP	294	CP065312.1_4022	408	2.5e-44	4	294	63	386	0.986394557823
HD	122	CP065312.1_403	181	4.6e-16	2	121	17	137	0.975409836066
Glyoxalase	128	CP065312.1_4040	62	4.4e-09	4	57	6	53	0.4140625
SpoIIE	193	CP065312.1_4046	107	1.3e-15	110	191	11	96	0.419689119171
Fer4	24	CP065312.1_4048	627	1.9e-09	1	24	571	594	0.958333333333
Fer4	24	CP065312.1_4048	627	5.7e-08	2	24	602	624	0.916666666667
Fer4	24	CP065312.1_4049	899	0.0001	2	18	142	158	0.666666666667
Fer4	24	CP065312.1_4049	899	1.5e-08	2	23	185	206	0.875
GntR	64	CP065312.1_4057	125	3e-17	2	64	14	76	0.96875
HD	122	CP065312.1_406	770	8.4e-12	1	122	78	178	0.991803278689
ACT	67	CP065312.1_406	770	2.5e-12	2	66	695	759	0.955223880597
HTH_11	55	CP065312.1_4064	314	1.2e-11	1	54	6	59	0.963636363636
MarR	59	CP065312.1_4069	146	3.5e-12	1	58	31	88	0.966101694915
Pribosyltran	159	CP065312.1_407	175	1.7e-20	27	142	47	167	0.723270440252
GGDEF	161	CP065312.1_4074	1311	7.3e-16	1	159	582	737	0.981366459627
HisKA	64	CP065312.1_4074	1311	3e-19	1	64	935	1001	0.984375
HATPase_c	111	CP065312.1_4074	1311	7.6e-30	1	110	1047	1163	0.981981981982
Response_reg	112	CP065312.1_4074	1311	1.9e-26	1	111	1186	1302	0.982142857143
Hemerythrin	131	CP065312.1_4075	141	1.7e-15	3	122	13	122	0.908396946565
HTH_3	55	CP065312.1_4097	83	9.3e-16	1	50	16	67	0.890909090909
Response_reg	112	CP065312.1_4101	239	7.3e-16	1	111	4	118	0.982142857143
LytTR	98	CP065312.1_4101	239	1.9e-18	2	97	140	230	0.969387755102
HATPase_c	111	CP065312.1_4102	455	1.5e-07	2	94	329	421	0.828828828829
AraC_binding	136	CP065312.1_4115	284	5.7e-15	6	111	34	137	0.772058823529
HTH_18	81	CP065312.1_4115	284	1.2e-22	2	79	203	279	0.950617283951
HD	122	CP065312.1_4118	336	3.2e-17	1	121	75	185	0.983606557377
Sigma70_r2	71	CP065312.1_4120	375	3.2e-24	1	70	141	210	0.971830985915
Sigma70_r3	78	CP065312.1_4120	375	1.8e-33	1	77	220	296	0.974358974359
Sigma70_r4	50	CP065312.1_4120	375	5e-22	1	50	309	362	0.98
AAA	132	CP065312.1_4123	433	1.7e-05	2	67	240	299	0.492424242424
TetR_N	47	CP065312.1_4130	185	1.9e-10	1	47	11	57	0.978723404255
SBP_bac_1	315	CP065312.1_4135	305	4e-19	8	313	82	291	0.968253968254
AsnC_trans_reg	75	CP065312.1_4138	165	4.5e-15	2	73	70	141	0.946666666667
Aminotran_1_2	363	CP065312.1_4139	390	3.5e-76	2	363	29	378	0.994490358127
ACT	67	CP065312.1_4140	441	1.1e-08	12	62	387	431	0.746268656716
GntR	64	CP065312.1_4143	125	2.7e-15	2	64	13	75	0.96875
HTH_5	47	CP065312.1_4146	304	2.7e-10	2	46	23	67	0.936170212766
ACT	67	CP065312.1_4153	91	7.7e-15	1	66	4	69	0.970149253731
FeoA	74	CP065312.1_4155	70	6e-18	1	72	1	69	0.959459459459
FeoA	74	CP065312.1_4156	74	1.6e-18	2	72	3	72	0.945945945946
CBS	57	CP065312.1_416	427	1.3e-07	2	52	205	258	0.877192982456
CBS	57	CP065312.1_416	427	8.5e-07	5	56	272	322	0.894736842105
CbiA	128	CP065312.1_4168	313	9.1e-07	9	101	118	279	0.71875
PALP	294	CP065312.1_4169	404	2.6e-84	6	294	19	301	0.979591836735
ACT	67	CP065312.1_4169	404	4.3e-06	2	32	325	355	0.44776119403
Fer4	24	CP065312.1_4171	372	6.2e-08	2	22	191	211	0.833333333333
Fer4	24	CP065312.1_4171	372	1.6e-08	5	23	223	241	0.75
TetR_N	47	CP065312.1_4174	217	3.4e-11	1	45	13	56	0.936170212766
Sigma70_r2	71	CP065312.1_4178	222	1.8e-05	1	65	23	90	0.901408450704
Sigma70_r4	50	CP065312.1_4179	115	1.4e-05	5	38	18	51	0.66
CbiA	128	CP065312.1_4180	449	1e-08	9	89	112	256	0.625
Fer4	24	CP065312.1_4184	482	2.3e-08	3	23	410	430	0.833333333333
Fer4	24	CP065312.1_4184	482	5.6e-09	2	23	436	457	0.875
HTH_3	55	CP065312.1_4186	109	4.3e-10	2	55	14	67	0.963636363636
NUDIX	131	CP065312.1_419	178	1.2e-20	2	120	29	146	0.900763358779
Fer4	24	CP065312.1_4201	388	6.3e-09	2	21	42	61	0.791666666667
CbiA	128	CP065312.1_4208	232	1.1e-12	1	87	37	210	0.671875
MerR	38	CP065312.1_4214	394	1.5e-14	1	38	6	43	0.973684210526
Pribosyltran	159	CP065312.1_4225	389	2.3e-16	25	140	209	330	0.723270440252
CbiA	128	CP065312.1_4239	257	1.9e-18	2	128	5	234	0.984375
CbiA	128	CP065312.1_4241	256	1.1e-20	3	126	4	231	0.9609375
FeS	33	CP065312.1_4244	449	4.9e-12	2	32	13	43	0.909090909091
NUDIX	131	CP065312.1_426	284	4.2e-17	2	115	151	256	0.862595419847
CbiA	128	CP065312.1_4260	462	2.3e-13	2	118	7	184	0.90625
Aminotran_1_2	363	CP065312.1_4267	357	2.6e-47	2	361	16	340	0.988980716253
CbiA	128	CP065312.1_4268	503	1.2e-20	1	114	5	226	0.8828125
HEM4	232	CP065312.1_4277	812	4.8e-56	2	231	576	801	0.987068965517
Aminotran_1_2	363	CP065312.1_4279	426	9.7e-07	73	266	112	310	0.531680440771
AraC_binding	136	CP065312.1_4282	102	6.9e-11	16	67	43	94	0.375
AAA	132	CP065312.1_4291	317	3.8e-09	2	113	39	150	0.840909090909
Nitroreductase	170	CP065312.1_4299	173	3.1e-18	1	59	8	66	0.341176470588
Nitroreductase	170	CP065312.1_4299	173	2.1e-10	87	170	75	153	0.488235294118
HTH_3	55	CP065312.1_430	52	4.6e-15	10	55	3	48	0.818181818182
Fer4	24	CP065312.1_4300	435	5.8e-07	5	24	292	311	0.791666666667
Fer4	24	CP065312.1_4300	435	6.5e-08	1	23	325	347	0.916666666667
AAA	132	CP065312.1_4307	518	1.5e-09	1	93	36	138	0.69696969697
Fer4	24	CP065312.1_4310	149	1.7e-05	3	23	89	109	0.833333333333
Pyr_redox_2	292	CP065312.1_4311	413	3e-53	3	292	3	290	0.989726027397
Glycos_trans_3N	63	CP065312.1_4316	535	9.7e-22	1	63	200	262	0.984126984127
PALP	294	CP065312.1_4319	395	2.5e-49	4	294	50	375	0.986394557823
HATPase_c	111	CP065312.1_432	694	2.1e-07	4	108	29	178	0.936936936937
HTH_6	77	CP065312.1_4326	308	5.4e-18	2	73	6	77	0.922077922078
SIS	131	CP065312.1_4326	308	9.1e-24	2	131	131	258	0.984732824427
Fer4	24	CP065312.1_4333	441	6.4e-05	5	20	363	378	0.625
FeS	33	CP065312.1_4338	263	8e-16	1	33	45	77	0.969696969697
Fer4	24	CP065312.1_4338	263	1.6e-08	3	23	167	187	0.833333333333
Fer4	24	CP065312.1_4338	263	2e-05	8	24	217	233	0.666666666667
Fer4	24	CP065312.1_4338	263	3.1e-07	2	23	240	261	0.875
AAA	132	CP065312.1_4343	335	3.1e-21	1	129	57	179	0.969696969697
NUDIX	131	CP065312.1_4348	151	1.3e-17	7	115	9	115	0.824427480916
Peptidase_M23	96	CP065312.1_4367	250	5.3e-16	2	89	121	221	0.90625
TetR_N	47	CP065312.1_4379	199	1.1e-06	6	45	24	63	0.829787234043
CbiA	128	CP065312.1_4380	257	3.2e-19	1	127	4	233	0.984375
Response_reg	112	CP065312.1_4381	224	8.7e-18	1	111	3	111	0.982142857143
Trans_reg_C	77	CP065312.1_4381	224	4.3e-22	2	76	147	221	0.961038961039
HATPase_c	111	CP065312.1_4382	361	4.8e-14	2	108	214	322	0.954954954955
TetR_N	47	CP065312.1_4407	58	2e-13	2	42	17	57	0.851063829787
HTH_18	81	CP065312.1_4409	305	2.3e-23	1	80	27	105	0.975308641975
GyrI-like	155	CP065312.1_4409	305	4.4e-09	30	152	177	298	0.787096774194
Fer4	24	CP065312.1_4410	304	4.8e-09	3	23	50	70	0.833333333333
Aminotran_1_2	363	CP065312.1_4414	396	1.5e-43	31	363	56	386	0.914600550964
GntR	64	CP065312.1_4415	504	2e-18	1	62	13	74	0.953125
Aminotran_1_2	363	CP065312.1_4415	504	4.3e-38	1	348	121	462	0.955922865014
MerR	38	CP065312.1_4417	276	9.1e-15	1	38	3	41	0.973684210526
MerR	38	CP065312.1_4426	248	1.9e-12	4	38	8	42	0.894736842105
MerR	38	CP065312.1_4426	248	2e-10	3	38	128	162	0.921052631579
HTH_18	81	CP065312.1_4431	76	4e-13	13	78	2	67	0.802469135802
HxlR	91	CP065312.1_4435	119	4e-19	2	85	18	101	0.912087912088
Fer4	24	CP065312.1_4437	655	1.7e-05	7	20	583	596	0.541666666667
B12-binding	121	CP065312.1_4442	620	5.3e-06	51	120	103	175	0.570247933884
NUDIX	131	CP065312.1_4445	164	1.7e-15	13	129	14	132	0.885496183206
HD	122	CP065312.1_4453	201	2.1e-22	1	120	20	133	0.975409836066
LexA_DNA_bind	65	CP065312.1_4455	209	7.4e-26	3	65	5	67	0.953846153846
LacI	46	CP065312.1_4458	361	3.1e-16	4	44	10	52	0.869565217391
Peripla_BP_1	279	CP065312.1_4458	361	4.1e-32	3	260	67	329	0.921146953405
HTH_DeoR	57	CP065312.1_4459	258	4.8e-20	1	53	6	58	0.912280701754
DeoRC	160	CP065312.1_4459	258	7.1e-34	9	159	85	234	0.9375
GntR	64	CP065312.1_446	501	7.4e-17	1	64	16	79	0.984375
Aminotran_1_2	363	CP065312.1_446	501	5.9e-20	22	363	148	485	0.939393939394
Response_reg	112	CP065312.1_4463	225	1.6e-31	1	111	5	112	0.982142857143
Trans_reg_C	77	CP065312.1_4463	225	2.1e-22	2	76	148	221	0.961038961039
HisKA	64	CP065312.1_4464	406	4.5e-11	2	50	183	238	0.75
HATPase_c	111	CP065312.1_4464	406	9.9e-13	5	97	301	392	0.828828828829
AAA	132	CP065312.1_4465	293	9.7e-05	3	66	34	159	0.477272727273
HTH_3	55	CP065312.1_4468	249	3.9e-14	1	55	6	61	0.981818181818
Spo0A_C	104	CP065312.1_4469	164	8.9e-33	4	103	58	154	0.951923076923
Response_reg	112	CP065312.1_4470	232	2.2e-31	1	112	5	114	0.991071428571
Trans_reg_C	77	CP065312.1_4470	232	1.6e-27	4	77	155	229	0.948051948052
HisKA	64	CP065312.1_4471	385	4e-14	2	60	163	225	0.90625
HATPase_c	111	CP065312.1_4471	385	2.2e-21	1	109	274	383	0.972972972973
HTH_1	60	CP065312.1_4477	305	8.8e-22	1	60	4	63	0.983333333333
LysR_substrate	209	CP065312.1_4477	305	6.3e-39	5	204	89	287	0.952153110048
Pyr_redox_2	292	CP065312.1_448	998	4.3e-32	2	291	540	824	0.989726027397
Response_reg	112	CP065312.1_4481	222	4.2e-23	2	111	4	111	0.973214285714
Trans_reg_C	77	CP065312.1_4481	222	1.4e-21	2	76	147	220	0.961038961039
HATPase_c	111	CP065312.1_4482	350	7.9e-19	2	108	221	344	0.954954954955
HTH_18	81	CP065312.1_4485	403	7.1e-18	1	80	315	393	0.975308641975
HD	122	CP065312.1_4487	433	1.4e-07	3	120	29	140	0.959016393443
HD	122	CP065312.1_4487	433	1.3e-13	2	121	224	343	0.975409836066
AraC_binding	136	CP065312.1_4490	288	5.1e-21	12	118	26	139	0.779411764706
HTH_18	81	CP065312.1_4490	288	4.6e-20	7	80	198	269	0.901234567901
HTH_1	60	CP065312.1_4498	300	6.3e-23	1	59	3	64	0.966666666667
LysR_substrate	209	CP065312.1_4498	300	5.1e-20	7	208	95	294	0.961722488038
Response_reg	112	CP065312.1_4499	229	5.6e-31	1	111	4	112	0.982142857143
Trans_reg_C	77	CP065312.1_4499	229	4.4e-25	1	77	144	221	0.987012987013
HisKA	64	CP065312.1_4500	330	1.6e-10	4	64	115	177	0.9375
HATPase_c	111	CP065312.1_4500	330	8.4e-20	1	108	222	328	0.963963963964
MerR	38	CP065312.1_4503	272	7.6e-12	2	38	8	45	0.947368421053
HisKA	64	CP065312.1_4507	377	1.3e-09	4	63	153	215	0.921875
HATPase_c	111	CP065312.1_4507	377	5.9e-22	2	110	262	371	0.972972972973
Response_reg	112	CP065312.1_4508	226	1.7e-22	1	111	5	113	0.982142857143
Trans_reg_C	77	CP065312.1_4508	226	2.6e-20	2	76	147	217	0.961038961039
PTS_EIIC	324	CP065312.1_451	695	5.4e-26	1	324	22	335	0.996913580247
EAL	238	CP065312.1_451	695	6e-52	2	237	446	676	0.987394957983
Peptidase_M23	96	CP065312.1_4511	841	8.4e-29	2	96	734	830	0.979166666667
PALP	294	CP065312.1_453	460	7.4e-41	5	294	80	417	0.982993197279
CbiA	128	CP065312.1_4531	263	1.5e-23	1	128	5	218	0.9921875
Pyr_redox_2	292	CP065312.1_4537	531	1e-08	4	112	99	268	0.369863013699
Pyr_redox_2	292	CP065312.1_4538	400	1.5e-09	2	111	5	169	0.373287671233
HATPase_c	111	CP065312.1_4541	757	4.5e-08	5	62	26	81	0.513513513514
TetR_N	47	CP065312.1_455	208	1.2e-12	1	36	11	46	0.744680851064
HisKA	64	CP065312.1_4561	445	1.1e-10	2	61	224	286	0.921875
HATPase_c	111	CP065312.1_4561	445	2.4e-14	6	105	338	436	0.891891891892
Sigma70_r4_2	54	CP065312.1_4571	145	5.3e-05	20	54	103	137	0.62962962963
Trans_reg_C	77	CP065312.1_4572	187	3e-06	2	44	141	183	0.545454545455
HisKA	64	CP065312.1_4573	441	4.5e-14	3	61	234	296	0.90625
Response_reg	112	CP065312.1_4574	239	5.8e-30	1	111	6	113	0.982142857143
Trans_reg_C	77	CP065312.1_4574	239	2.6e-23	5	77	160	233	0.935064935065
TrkA_C	70	CP065312.1_460	547	2.4e-09	2	55	410	462	0.757142857143
TrkA_C	70	CP065312.1_460	547	2.6e-12	1	60	475	533	0.842857142857
HTH_3	55	CP065312.1_4628	79	5.5e-10	1	53	14	71	0.945454545455
HTH_3	55	CP065312.1_4630	83	7.7e-10	2	55	19	77	0.963636363636
HisKA	64	CP065312.1_4633	307	8e-10	5	59	90	146	0.84375
HATPase_c	111	CP065312.1_4633	307	3e-21	6	108	200	302	0.918918918919
Response_reg	112	CP065312.1_4634	231	6.4e-24	1	111	9	117	0.982142857143
Trans_reg_C	77	CP065312.1_4634	231	2.8e-23	3	76	152	226	0.948051948052
SBP_bac_1	315	CP065312.1_464	395	2.3e-28	6	312	16	307	0.971428571429
AraC_binding	136	CP065312.1_4641	359	1.4e-10	17	91	72	144	0.544117647059
HTH_18	81	CP065312.1_4641	359	3.5e-18	3	80	278	354	0.950617283951
Fer4	24	CP065312.1_4642	254	2.3e-07	5	23	190	208	0.75
Fer4	24	CP065312.1_4642	254	1.6e-06	6	24	219	237	0.75
GGDEF	161	CP065312.1_4644	414	1.1e-30	1	159	259	409	0.981366459627
GGDEF	161	CP065312.1_4645	420	1.7e-34	2	159	272	418	0.975155279503
HTH_1	60	CP065312.1_4651	302	1.2e-19	3	60	5	62	0.95
LysR_substrate	209	CP065312.1_4651	302	3.6e-35	2	206	86	290	0.976076555024
HTH_5	47	CP065312.1_466	307	4.8e-12	1	45	24	68	0.936170212766
SBP_bac_1	315	CP065312.1_4662	456	3.5e-33	9	311	69	357	0.95873015873
LacI	46	CP065312.1_4663	337	1.1e-11	2	43	6	47	0.891304347826
Peripla_BP_3	164	CP065312.1_4663	337	2e-27	1	163	176	331	0.987804878049
ACT	67	CP065312.1_4665	135	1.8e-08	2	55	4	54	0.791044776119
TetR_N	47	CP065312.1_4671	201	7.5e-15	3	44	17	58	0.872340425532
Penicillinase_R	115	CP065312.1_4679	130	2.8e-28	3	114	10	122	0.965217391304
Pyr_redox_2	292	CP065312.1_4690	465	7.4e-35	1	291	140	447	0.993150684932
TPR_1	34	CP065312.1_4692	376	9.9e-06	12	33	112	133	0.617647058824
T2SSE	273	CP065312.1_4693	845	2.1e-06	59	163	431	539	0.380952380952
CBS	57	CP065312.1_4697	460	3.9e-06	2	53	225	279	0.894736842105
CBS	57	CP065312.1_4697	460	1e-09	8	56	296	348	0.842105263158
HTH_3	55	CP065312.1_47	111	9e-16	1	49	12	60	0.872727272727
TetR_N	47	CP065312.1_470	208	3.9e-10	13	45	25	57	0.68085106383
TetR_N	47	CP065312.1_4708	217	5.1e-14	1	44	16	59	0.914893617021
GntR	64	CP065312.1_4710	234	2e-19	3	64	10	70	0.953125
SBP_bac_5	377	CP065312.1_476	559	1.6e-95	1	373	123	477	0.986737400531
Fer4	24	CP065312.1_480	380	5.6e-05	7	20	345	358	0.541666666667
AAA	132	CP065312.1_482	759	2.6e-23	1	129	338	477	0.969696969697
HxlR	91	CP065312.1_483	128	1.1e-30	1	89	23	112	0.967032967033
ACT	67	CP065312.1_488	431	9.1e-10	3	58	353	408	0.820895522388
Sigma70_r4_2	54	CP065312.1_49	189	3e-05	25	46	35	56	0.388888888889
B12-binding	121	CP065312.1_499	146	5.7e-19	2	119	5	126	0.96694214876
Pyr_redox_2	292	CP065312.1_508	304	4.9e-55	1	292	6	291	0.996575342466
HTH_11	55	CP065312.1_510	319	2.2e-14	4	53	8	56	0.890909090909
GyrI-like	155	CP065312.1_514	167	3.8e-15	3	135	5	151	0.851612903226
HTH_18	81	CP065312.1_515	291	4e-15	14	79	43	107	0.802469135802
GyrI-like	155	CP065312.1_515	291	5.1e-16	5	154	131	281	0.961290322581
Response_reg	112	CP065312.1_52	139	3.2e-06	1	111	5	114	0.982142857143
BTAD	146	CP065312.1_529	952	4.5e-11	33	145	113	231	0.767123287671
Fer4	24	CP065312.1_530	332	3.6e-06	3	22	264	283	0.791666666667
Fer4	24	CP065312.1_530	332	2.6e-08	1	24	292	315	0.958333333333
Response_reg	112	CP065312.1_537	231	5.2e-28	1	112	4	112	0.991071428571
Trans_reg_C	77	CP065312.1_537	231	2.8e-24	3	76	153	226	0.948051948052
HisKA	64	CP065312.1_538	476	5.8e-10	5	61	255	315	0.875
HATPase_c	111	CP065312.1_538	476	1.9e-21	2	105	366	471	0.927927927928
SBP_bac_1	315	CP065312.1_541	450	5.6e-35	7	314	69	361	0.974603174603
AraC_binding	136	CP065312.1_542	291	8.3e-17	7	117	21	145	0.808823529412
HTH_18	81	CP065312.1_542	291	8.7e-21	3	81	210	287	0.962962962963
BTAD	146	CP065312.1_545	1028	3.6e-08	47	146	161	259	0.678082191781
AAA	132	CP065312.1_545	1028	3.8e-06	1	73	302	432	0.545454545455
Response_reg	112	CP065312.1_56	242	1.2e-19	1	107	4	114	0.946428571429
LytTR	98	CP065312.1_56	242	3.3e-17	4	96	141	230	0.938775510204
PALP	294	CP065312.1_568	329	4.6e-32	6	294	19	319	0.979591836735
HTH_3	55	CP065312.1_57	127	8e-10	2	55	32	85	0.963636363636
HTH_10	53	CP065312.1_570	221	1.1e-05	2	49	171	216	0.88679245283
Trans_reg_C	77	CP065312.1_589	169	7.5e-24	2	77	89	165	0.974025974026
AraC_binding	136	CP065312.1_592	256	1.4e-06	17	66	173	223	0.360294117647
MerR	38	CP065312.1_599	118	3.2e-05	3	30	4	30	0.710526315789
HTH_1	60	CP065312.1_600	302	3.2e-23	2	59	4	61	0.95
LysR_substrate	209	CP065312.1_600	302	1.5e-29	2	204	87	287	0.966507177033
HhH-GPD	108	CP065312.1_602	351	4e-18	1	103	34	164	0.944444444444
Pyr_redox_2	292	CP065312.1_606	424	1.6e-33	1	276	3	299	0.941780821918
HTH_11	55	CP065312.1_619	446	2.7e-06	5	53	380	430	0.872727272727
HisKA	64	CP065312.1_62	458	2.9e-06	2	53	234	287	0.796875
HATPase_c	111	CP065312.1_62	458	8.3e-11	6	108	348	450	0.918918918919
Peptidase_M23	96	CP065312.1_625	237	3.9e-17	13	90	78	188	0.802083333333
AAA	132	CP065312.1_629	459	3.9e-06	1	75	97	190	0.560606060606
Response_reg	112	CP065312.1_63	222	2.4e-27	1	112	4	112	0.991071428571
Trans_reg_C	77	CP065312.1_63	222	2.3e-20	2	76	145	217	0.961038961039
AAA	132	CP065312.1_631	821	1.1e-14	2	111	213	325	0.825757575758
AAA	132	CP065312.1_631	821	8.6e-11	2	111	550	668	0.825757575758
GntR	64	CP065312.1_632	123	5.5e-14	12	64	24	76	0.8125
HD	122	CP065312.1_638	197	1.1e-05	2	55	37	88	0.434426229508
Pribosyltran	159	CP065312.1_642	226	4.2e-12	11	130	46	164	0.748427672956
GGDEF	161	CP065312.1_648	555	1.8e-28	1	159	401	553	0.981366459627
AAA	132	CP065312.1_659	772	5.1e-23	1	127	351	488	0.954545454545
AAA	132	CP065312.1_660	432	1e-16	1	110	113	240	0.825757575758
CYTH	179	CP065312.1_664	153	2.6e-07	3	131	2	98	0.715083798883
HTH_3	55	CP065312.1_670	113	7.1e-07	3	55	22	74	0.945454545455
AraC_binding	136	CP065312.1_671	286	3.8e-13	3	131	21	150	0.941176470588
HTH_18	81	CP065312.1_671	286	1.1e-22	5	80	198	272	0.925925925926
Fer4	24	CP065312.1_680	82	5.2e-06	2	23	28	49	0.875
Fer4	24	CP065312.1_680	82	3.5e-08	2	24	55	77	0.916666666667
HisKA	64	CP065312.1_69	454	1.6e-15	2	61	233	294	0.921875
HATPase_c	111	CP065312.1_69	454	2.6e-15	7	108	348	451	0.90990990991
Fer4	24	CP065312.1_690	600	2.1e-05	2	22	572	592	0.833333333333
Fer4	24	CP065312.1_693	582	1.3e-05	2	23	555	576	0.875
TetR_N	47	CP065312.1_694	193	2e-14	2	47	17	62	0.957446808511
HATPase_c	111	CP065312.1_698	438	8.6e-07	9	93	338	420	0.756756756757
Response_reg	112	CP065312.1_699	240	2.3e-16	1	108	5	116	0.955357142857
LytTR	98	CP065312.1_699	240	9.8e-16	6	96	145	230	0.918367346939
Response_reg	112	CP065312.1_70	220	8.6e-26	1	112	4	112	0.991071428571
Trans_reg_C	77	CP065312.1_70	220	3e-21	2	76	145	217	0.961038961039
TetR_N	47	CP065312.1_712	189	3.5e-08	5	44	20	59	0.829787234043
HTH_3	55	CP065312.1_723	127	2.1e-10	1	55	7	61	0.981818181818
HTH_18	81	CP065312.1_733	293	1.3e-18	7	79	34	105	0.888888888889
Rrf2	83	CP065312.1_734	145	6.8e-31	1	82	1	82	0.975903614458
Aminotran_1_2	363	CP065312.1_735	436	1.5e-10	16	235	40	229	0.603305785124
PALP	294	CP065312.1_736	313	3.2e-74	4	294	13	299	0.986394557823
HisKA	64	CP065312.1_741	448	4.8e-14	2	63	231	291	0.953125
HATPase_c	111	CP065312.1_741	448	4.5e-21	3	109	339	446	0.954954954955
Response_reg	112	CP065312.1_742	225	1.3e-30	2	112	4	113	0.982142857143
Trans_reg_C	77	CP065312.1_742	225	3.5e-21	2	77	146	220	0.974025974026
HTH_3	55	CP065312.1_744	109	1.1e-16	1	55	10	64	0.981818181818
DctP	286	CP065312.1_749	341	2.4e-80	1	282	35	314	0.982517482517
LacI	46	CP065312.1_750	334	9.9e-22	2	46	3	47	0.95652173913
Peripla_BP_3	164	CP065312.1_750	334	7.6e-21	4	164	177	331	0.975609756098
TrkA_C	70	CP065312.1_760	525	2.5e-10	2	65	447	509	0.9
TetR_N	47	CP065312.1_767	198	2e-13	2	47	13	58	0.957446808511
HATPase_c	111	CP065312.1_787	641	2.6e-20	4	94	35	142	0.810810810811
Fer4	24	CP065312.1_791	132	7.6e-06	1	22	3	24	0.875
Fer4	24	CP065312.1_791	132	7.9e-09	3	24	36	57	0.875
Fer4	24	CP065312.1_791	132	6.1e-08	2	24	75	97	0.916666666667
Fer4	24	CP065312.1_791	132	2.8e-08	2	23	105	126	0.875
HTH_IclR	52	CP065312.1_797	264	2.6e-09	2	51	21	70	0.942307692308
IclR	129	CP065312.1_797	264	4.8e-18	13	128	147	259	0.891472868217
CheW	138	CP065312.1_8	148	1.4e-13	2	135	9	141	0.963768115942
HTH_1	60	CP065312.1_801	295	2.4e-21	2	60	4	62	0.966666666667
LysR_substrate	209	CP065312.1_801	295	5.9e-14	11	204	94	284	0.923444976077
Pyr_redox_2	292	CP065312.1_803	293	2.1e-25	2	242	5	250	0.821917808219
Pyr_redox	81	CP065312.1_804	469	3.5e-05	2	35	6	39	0.407407407407
Nitroreductase	170	CP065312.1_809	175	2.7e-14	2	54	8	60	0.305882352941
Nitroreductase	170	CP065312.1_809	175	6.1e-13	83	169	66	150	0.505882352941
TetR_N	47	CP065312.1_811	226	5.8e-11	5	44	15	54	0.829787234043
HD	122	CP065312.1_824	515	1.3e-07	3	118	338	456	0.94262295082
Response_reg	112	CP065312.1_825	245	2.2e-28	1	112	4	117	0.991071428571
HTH_18	81	CP065312.1_825	245	4e-22	2	80	165	242	0.962962962963
SBP_bac_1	315	CP065312.1_828	451	3.7e-25	7	305	70	359	0.946031746032
GntR	64	CP065312.1_841	211	2.3e-12	1	62	7	67	0.953125
SBP_bac_1	315	CP065312.1_844	456	6.7e-32	4	312	83	366	0.977777777778
GntR	64	CP065312.1_851	220	2.7e-11	2	63	7	67	0.953125
Fer4	24	CP065312.1_853	69	2e-09	2	23	8	29	0.875
Fer4	24	CP065312.1_853	69	7.3e-09	5	24	41	60	0.791666666667
HisKA	64	CP065312.1_860	1561	1.5e-16	1	62	1160	1224	0.953125
HATPase_c	111	CP065312.1_860	1561	6.7e-27	1	107	1273	1386	0.954954954955
Response_reg	112	CP065312.1_860	1561	1e-23	2	110	1420	1534	0.964285714286
dCache_1	249	CP065312.1_861	684	1.4e-22	19	247	68	294	0.915662650602
MCPsignal	172	CP065312.1_861	684	8.1e-48	4	171	492	645	0.970930232558
HisKA	64	CP065312.1_875	394	8.8e-12	5	63	174	239	0.90625
HATPase_c	111	CP065312.1_875	394	2.7e-09	4	99	287	379	0.855855855856
Response_reg	112	CP065312.1_876	224	5.8e-28	2	111	5	111	0.973214285714
Trans_reg_C	77	CP065312.1_876	224	3.7e-22	2	76	147	220	0.961038961039
Penicillinase_R	115	CP065312.1_878	132	3.1e-37	1	114	7	120	0.982608695652
Fer4	24	CP065312.1_879	74	1.3e-06	2	18	54	70	0.666666666667
Sigma70_r2	71	CP065312.1_880	194	8.2e-14	1	67	21	84	0.929577464789
Sigma70_r4_2	54	CP065312.1_880	194	5.9e-18	2	54	130	182	0.962962962963
SBP_bac_1	315	CP065312.1_888	442	2.8e-33	2	315	59	356	0.993650793651
Response_reg	112	CP065312.1_889	520	1e-24	1	106	3	111	0.9375
HTH_18	81	CP065312.1_889	520	1.4e-22	5	81	443	518	0.938271604938
dCache_1	249	CP065312.1_890	621	6.4e-17	13	247	54	292	0.939759036145
HATPase_c	111	CP065312.1_890	621	4.1e-08	11	109	495	598	0.882882882883
SBP_bac_1	315	CP065312.1_899	447	1.1e-32	5	313	54	347	0.977777777778
HATPase_c	111	CP065312.1_9	689	1.4e-22	3	110	401	540	0.963963963964
CheW	138	CP065312.1_9	689	1.9e-12	3	136	547	678	0.963768115942
dCache_1	249	CP065312.1_900	595	3.5e-06	13	239	54	272	0.907630522088
Response_reg	112	CP065312.1_901	497	2.1e-26	1	111	4	116	0.982142857143
HTH_18	81	CP065312.1_901	497	6.2e-15	5	80	415	491	0.925925925926
SBP_bac_1	315	CP065312.1_908	622	7.4e-19	9	310	309	552	0.955555555556
HATPase_c	111	CP065312.1_916	160	5e-26	2	109	48	156	0.963963963964
GGDEF	161	CP065312.1_918	291	3e-36	1	160	127	278	0.987577639752
HTH_3	55	CP065312.1_919	104	4.9e-12	1	55	7	61	0.981818181818
PALP	294	CP065312.1_927	403	1.5e-49	3	274	38	353	0.921768707483
DctP	286	CP065312.1_937	360	2.8e-96	2	281	65	341	0.975524475524
GntR	64	CP065312.1_938	243	2e-19	5	64	17	76	0.921875
GntR	64	CP065312.1_939	234	3.6e-19	5	64	17	76	0.921875
CBS	57	CP065312.1_942	438	6.4e-05	21	56	299	335	0.614035087719
SBP_bac_1	315	CP065312.1_946	538	4.9e-17	13	312	59	372	0.949206349206
Response_reg	112	CP065312.1_947	477	2.6e-27	1	110	4	115	0.973214285714
HTH_18	81	CP065312.1_947	477	4.8e-21	1	81	392	471	0.987654320988
dCache_1	249	CP065312.1_948	588	5.7e-10	2	247	49	261	0.983935742972
HATPase_c	111	CP065312.1_948	588	7.7e-12	8	109	467	578	0.90990990991
Sigma70_r2	71	CP065312.1_949	195	6.8e-13	1	65	27	91	0.901408450704
Sigma70_r4_2	54	CP065312.1_949	195	7.8e-08	22	53	157	188	0.574074074074
GGDEF	161	CP065312.1_954	423	7e-38	3	159	268	415	0.968944099379
Response_reg	112	CP065312.1_956	698	2.6e-25	2	111	8	116	0.973214285714
GGDEF	161	CP065312.1_956	698	5.4e-23	2	157	276	420	0.962732919255
EAL	238	CP065312.1_956	698	5.6e-72	3	238	445	679	0.987394957983
HMA	62	CP065312.1_960	867	6.5e-16	2	61	5	64	0.951612903226
HMA	62	CP065312.1_960	867	2.1e-11	1	62	800	860	0.983870967742
HTH_18	81	CP065312.1_966	280	1.1e-20	1	81	28	107	0.987654320988
GyrI-like	155	CP065312.1_966	280	1.8e-20	2	154	130	276	0.98064516129
NTP_transf_2	95	CP065312.1_97	109	1.7e-09	13	64	19	67	0.536842105263
GntR	64	CP065312.1_972	369	2.2e-23	3	63	11	71	0.9375
Peripla_BP_3	164	CP065312.1_972	369	7.7e-33	2	164	198	360	0.987804878049
Glyoxalase	128	CP065312.1_979	156	3.7e-12	6	128	7	118	0.953125
Fer4	24	CP065312.1_981	502	3.6e-10	2	24	146	168	0.916666666667
Fer4	24	CP065312.1_981	502	2.2e-10	2	24	192	214	0.916666666667
Peripla_BP_2	238	CP065312.1_985	337	3.6e-25	48	232	124	304	0.773109243697
HTH_18	81	CP065312.1_986	336	2.6e-17	3	79	250	325	0.938271604938
NUDIX	131	CP065312.1_990	208	1.8e-08	11	116	79	179	0.801526717557
