CP065321.1_1053            0.458  35  0.546  35  0.911  13  0.772   0.634 Y  0.450      SignalP-TM
CP065321.1_1106            0.286  29  0.494  29  0.941  14  0.864   0.638 Y  0.450      SignalP-TM
CP065321.1_1106            0.314  29  0.489  29  0.913  17  0.753   0.587 Y  0.510      SignalP-TM
CP065321.1_1111            0.125  27  0.285  11  0.892   5  0.844   0.503 Y  0.450      SignalP-TM
CP065321.1_1153            0.459  21  0.658  21  0.968  17  0.919   0.760 Y  0.450      SignalP-TM
CP065321.1_1153            0.788  21  0.876  21  0.985   9  0.967   0.919 Y  0.570      SignalP-noTM
CP065321.1_1155            0.315  31  0.477  31  0.972  18  0.841   0.619 Y  0.450      SignalP-TM
CP065321.1_1155            0.586  20  0.755  20  0.982  10  0.968   0.855 Y  0.570      SignalP-noTM
CP065321.1_1162            0.163  34  0.386  28  0.981  19  0.935   0.644 Y  0.570      SignalP-noTM
CP065321.1_1162            0.237  31  0.433  31  0.960  17  0.846   0.594 Y  0.450      SignalP-TM
CP065321.1_1178            0.334  34  0.404  34  0.928  13  0.758   0.571 Y  0.570      SignalP-noTM
CP065321.1_1178            0.697  34  0.640  34  0.816   7  0.701   0.664 Y  0.450      SignalP-TM
CP065321.1_1207            0.298  35  0.448  35  0.967   8  0.838   0.600 Y  0.450      SignalP-TM
CP065321.1_1207            0.608  22  0.769  22  0.987  12  0.967   0.862 Y  0.570      SignalP-noTM
CP065321.1_124             0.137  28  0.287  13  0.913   4  0.849   0.506 Y  0.450      SignalP-TM
CP065321.1_1248            0.282  23  0.522  23  0.981  10  0.966   0.730 Y  0.570      SignalP-noTM
CP065321.1_1248            0.313  35  0.411  35  0.971  16  0.791   0.559 Y  0.450      SignalP-TM
CP065321.1_1261            0.268  34  0.495  21  0.962  19  0.947   0.671 Y  0.450      SignalP-TM
CP065321.1_1261            0.595  21  0.764  21  0.986  11  0.977   0.864 Y  0.570      SignalP-noTM
CP065321.1_1268            0.742  24  0.832  24  0.962   8  0.933   0.872 Y  0.450      SignalP-TM
CP065321.1_1268            0.804  24  0.879  24  0.987  11  0.963   0.918 Y  0.570      SignalP-noTM
CP065321.1_1291            0.407  39  0.576  39  0.899  34  0.509   0.550 Y  0.450      SignalP-TM
CP065321.1_1291            0.437  39  0.615  39  0.910  29  0.604   0.610 Y  0.570      SignalP-noTM
CP065321.1_1298            0.206  28  0.359  28  0.838  18  0.633   0.466 Y  0.450      SignalP-TM
CP065321.1_1306            0.606  29  0.756  29  0.981  13  0.948   0.831 Y  0.450      SignalP-TM
CP065321.1_1306            0.721  29  0.838  29  0.996  13  0.975   0.902 Y  0.570      SignalP-noTM
CP065321.1_1308            0.205  21  0.438  21  0.960   4  0.939   0.633 Y  0.450      SignalP-TM
CP065321.1_1308            0.454  21  0.661  21  0.975   8  0.960   0.802 Y  0.570      SignalP-noTM
CP065321.1_1309            0.140  25  0.336  25  0.944  18  0.856   0.539 Y  0.450      SignalP-TM
CP065321.1_1309            0.219  19  0.454  19  0.955   8  0.938   0.681 Y  0.570      SignalP-noTM
CP065321.1_1316            0.239  21  0.385  21  0.710  13  0.595   0.467 Y  0.450      SignalP-TM
CP065321.1_1316            0.597  21  0.592  21  0.749   3  0.628   0.606 Y  0.510      SignalP-TM
CP065321.1_1332            0.376  38  0.543  21  0.982  15  0.970   0.709 Y  0.450      SignalP-TM
CP065321.1_1332            0.756  21  0.862  21  0.989  11  0.978   0.917 Y  0.570      SignalP-noTM
CP065321.1_1479            0.192  28  0.398  23  0.911  18  0.868   0.581 Y  0.450      SignalP-TM
CP065321.1_1479            0.312  26  0.470  26  0.811  13  0.661   0.540 Y  0.510      SignalP-TM
CP065321.1_1492            0.449  25  0.643  25  0.969  13  0.930   0.755 Y  0.450      SignalP-TM
CP065321.1_1492            0.530  25  0.685  25  0.981  14  0.926   0.798 Y  0.570      SignalP-noTM
CP065321.1_15              0.318  33  0.493  30  0.969  19  0.894   0.649 Y  0.450      SignalP-TM
CP065321.1_15              0.633  23  0.781  23  0.974  21  0.959   0.864 Y  0.570      SignalP-noTM
CP065321.1_1500            0.190  35  0.306  21  0.866   1  0.745   0.477 Y  0.450      SignalP-TM
CP065321.1_1500            0.295  24  0.478  24  0.948  17  0.837   0.646 Y  0.570      SignalP-noTM
CP065321.1_1571            0.124  35  0.274  11  0.780   1  0.760   0.464 Y  0.450      SignalP-TM
CP065321.1_1582            0.146  25  0.279  16  0.852  12  0.777   0.473 Y  0.450      SignalP-TM
CP065321.1_1586            0.715  27  0.749  27  0.927  10  0.843   0.785 Y  0.450      SignalP-TM
CP065321.1_1586            0.842  27  0.888  27  0.995  12  0.957   0.920 Y  0.570      SignalP-noTM
CP065321.1_1594            0.244  31  0.391  31  0.903  11  0.733   0.524 Y  0.450      SignalP-TM
CP065321.1_1668            0.292  27  0.524  27  0.959  16  0.919   0.678 Y  0.450      SignalP-TM
CP065321.1_1668            0.867  30  0.917  30  0.985  17  0.952   0.933 Y  0.570      SignalP-noTM
CP065321.1_1673            0.170  28  0.376  24  0.950   6  0.875   0.570 Y  0.450      SignalP-TM
CP065321.1_1673            0.171  24  0.384  24  0.967   1  0.901   0.627 Y  0.570      SignalP-noTM
CP065321.1_1679            0.180  25  0.380  25  0.875  14  0.814   0.549 Y  0.450      SignalP-TM
CP065321.1_1684            0.533  30  0.523  30  0.671  24  0.413   0.480 Y  0.450      SignalP-TM
CP065321.1_1685            0.332  32  0.409  32  0.956  16  0.739   0.538 Y  0.450      SignalP-TM
CP065321.1_1685            0.373  20  0.595  20  0.966  15  0.945   0.759 Y  0.570      SignalP-noTM
CP065321.1_1686            0.149  47  0.312  29  0.943   8  0.850   0.522 Y  0.450      SignalP-TM
CP065321.1_1686            0.522  24  0.703  24  0.963  15  0.941   0.815 Y  0.570      SignalP-noTM
CP065321.1_1692            0.160  31  0.359  22  0.947  12  0.864   0.556 Y  0.450      SignalP-TM
CP065321.1_1692            0.194  25  0.417  22  0.968  15  0.926   0.656 Y  0.570      SignalP-noTM
CP065321.1_1747            0.236  24  0.453  24  0.979  10  0.907   0.666 Y  0.570      SignalP-noTM
CP065321.1_1747            0.463  39  0.407  39  0.897   8  0.645   0.500 Y  0.450      SignalP-TM
CP065321.1_1779            0.717  32  0.755  30  0.979  15  0.919   0.832 Y  0.570      SignalP-noTM
CP065321.1_1779            0.864  32  0.871  32  0.945  14  0.890   0.878 Y  0.450      SignalP-TM
CP065321.1_178             0.598  28  0.750  28  0.967  22  0.914   0.814 Y  0.450      SignalP-TM
CP065321.1_178             0.719  28  0.841  28  0.996  15  0.976   0.904 Y  0.570      SignalP-noTM
CP065321.1_1788            0.470  47  0.490  47  0.826  13  0.612   0.538 Y  0.450      SignalP-TM
CP065321.1_1799            0.249  23  0.470  23  0.941  17  0.900   0.672 Y  0.570      SignalP-noTM
CP065321.1_1799            0.367  28  0.530  28  0.923  18  0.806   0.638 Y  0.450      SignalP-TM
CP065321.1_1800            0.605  33  0.706  31  0.993  14  0.934   0.813 Y  0.570      SignalP-noTM
CP065321.1_1800            0.793  33  0.809  33  0.973  21  0.884   0.839 Y  0.450      SignalP-TM
CP065321.1_1802            0.292  36  0.461  29  0.962  18  0.894   0.630 Y  0.450      SignalP-TM
CP065321.1_1802            0.398  29  0.575  29  0.929  16  0.785   0.653 Y  0.510      SignalP-TM
CP065321.1_1811            0.726  24  0.832  24  0.981  12  0.960   0.892 Y  0.570      SignalP-noTM
CP065321.1_1811            0.825  24  0.890  24  0.984  20  0.944   0.911 Y  0.450      SignalP-TM
CP065321.1_1839            0.396  24  0.582  24  0.974  16  0.899   0.731 Y  0.570      SignalP-noTM
CP065321.1_1839            0.406  29  0.555  29  0.960  14  0.850   0.670 Y  0.450      SignalP-TM
CP065321.1_1840            0.456  39  0.658  28  0.993  16  0.963   0.777 Y  0.450      SignalP-TM
CP065321.1_1840            0.568  19  0.749  19  0.995  18  0.981   0.858 Y  0.570      SignalP-noTM
CP065321.1_1841            0.202  25  0.346  23  0.894   3  0.716   0.491 Y  0.450      SignalP-TM
CP065321.1_1847            0.247  24  0.441  24  0.838   1  0.789   0.605 Y  0.570      SignalP-noTM
CP065321.1_1877            0.200  39  0.286  13  0.873   1  0.814   0.492 Y  0.450      SignalP-TM
CP065321.1_1881            0.438  23  0.550  23  0.887   7  0.748   0.627 Y  0.450      SignalP-TM
CP065321.1_1881            0.743  23  0.806  23  0.957  15  0.899   0.850 Y  0.570      SignalP-noTM
CP065321.1_1890            0.700  58  0.574  58  0.738  45  0.276   0.458 Y  0.450      SignalP-TM
CP065321.1_1897            0.729  30  0.821  30  0.961  18  0.926   0.862 Y  0.450      SignalP-TM
CP065321.1_1897            0.863  30  0.915  30  0.992  14  0.965   0.938 Y  0.570      SignalP-noTM
CP065321.1_1903            0.166  38  0.354  32  0.931  16  0.845   0.546 Y  0.450      SignalP-TM
CP065321.1_1903            0.254  25  0.459  25  0.893  13  0.813   0.590 Y  0.510      SignalP-TM
CP065321.1_1919            0.171  26  0.355  26  0.850  19  0.771   0.518 Y  0.450      SignalP-TM
CP065321.1_1919            0.471  23  0.642  23  0.939  19  0.895   0.761 Y  0.570      SignalP-noTM
CP065321.1_192             0.351  26  0.551  26  0.961   7  0.902   0.688 Y  0.450      SignalP-TM
CP065321.1_192             0.453  24  0.641  23  0.957   2  0.940   0.782 Y  0.570      SignalP-noTM
CP065321.1_1943            0.216  28  0.370  28  0.802  23  0.627   0.470 Y  0.450      SignalP-TM
CP065321.1_1951            0.259  35  0.363  35  0.787   7  0.596   0.454 Y  0.450      SignalP-TM
CP065321.1_1952            0.312  39  0.483  39  0.957  28  0.642   0.545 Y  0.450      SignalP-TM
CP065321.1_1954            0.809  30  0.873  30  0.971  20  0.941   0.899 Y  0.450      SignalP-TM
CP065321.1_1954            0.872  30  0.922  30  0.994  14  0.970   0.945 Y  0.570      SignalP-noTM
CP065321.1_1962            0.654  26  0.759  26  0.940  10  0.895   0.812 Y  0.450      SignalP-TM
CP065321.1_1962            0.711  26  0.802  26  0.983  21  0.934   0.864 Y  0.570      SignalP-noTM
CP065321.1_1967            0.731  30  0.832  30  0.969  22  0.947   0.877 Y  0.450      SignalP-TM
CP065321.1_1967            0.874  30  0.927  30  0.994  14  0.974   0.949 Y  0.570      SignalP-noTM
CP065321.1_1978            0.249  23  0.463  23  0.919  14  0.870   0.654 Y  0.570      SignalP-noTM
CP065321.1_2004            0.320  41  0.524  33  0.970  28  0.757   0.615 Y  0.450      SignalP-TM
CP065321.1_2004            0.413  32  0.634  32  0.984  21  0.942   0.779 Y  0.570      SignalP-noTM
CP065321.1_2041            0.150  30  0.284  13  0.874   2  0.821   0.493 Y  0.450      SignalP-TM
CP065321.1_2045            0.409  26  0.447  26  0.615  23  0.466   0.454 Y  0.450      SignalP-TM
CP065321.1_2046            0.465  26  0.631  26  0.938  11  0.860   0.720 Y  0.450      SignalP-TM
CP065321.1_2046            0.480  26  0.660  26  0.985  11  0.927   0.786 Y  0.570      SignalP-noTM
CP065321.1_2050            0.484  24  0.636  24  0.910  20  0.840   0.715 Y  0.450      SignalP-TM
CP065321.1_2050            0.547  24  0.723  24  0.984  12  0.954   0.831 Y  0.570      SignalP-noTM
CP065321.1_2057            0.224  38  0.387  38  0.733  26  0.597   0.469 Y  0.450      SignalP-TM
CP065321.1_2065            0.330  29  0.396  29  0.814   8  0.622   0.484 Y  0.450      SignalP-TM
CP065321.1_2089            0.128  51  0.273  14  0.817   2  0.745   0.457 Y  0.450      SignalP-TM
CP065321.1_2090            0.533  26  0.663  26  0.910   9  0.848   0.735 Y  0.450      SignalP-TM
CP065321.1_2090            0.536  26  0.720  26  0.991  11  0.971   0.838 Y  0.570      SignalP-noTM
CP065321.1_2119            0.137  40  0.330  23  0.975  14  0.921   0.560 Y  0.450      SignalP-TM
CP065321.1_2137            0.403  27  0.610  27  0.959  14  0.917   0.730 Y  0.450      SignalP-TM
CP065321.1_2137            0.528  27  0.682  27  0.967  16  0.918   0.793 Y  0.570      SignalP-noTM
CP065321.1_2149            0.142  39  0.330  32  0.904  24  0.734   0.488 Y  0.450      SignalP-TM
CP065321.1_2159            0.291  29  0.504  29  0.980  18  0.909   0.662 Y  0.450      SignalP-TM
CP065321.1_2159            0.388  24  0.596  24  0.972  20  0.935   0.755 Y  0.570      SignalP-noTM
CP065321.1_2161            0.288  31  0.383  31  0.706   2  0.565   0.454 Y  0.450      SignalP-TM
CP065321.1_2162            0.381  33  0.438  33  0.676  22  0.533   0.475 Y  0.450      SignalP-TM
CP065321.1_2162            0.474  33  0.532  25  0.919   4  0.849   0.681 Y  0.570      SignalP-noTM
CP065321.1_2175            0.691  26  0.791  26  0.939  21  0.894   0.831 Y  0.450      SignalP-TM
CP065321.1_2175            0.837  26  0.887  26  0.974  10  0.945   0.914 Y  0.570      SignalP-noTM
CP065321.1_2180            0.318  28  0.418  28  0.888  14  0.697   0.527 Y  0.450      SignalP-TM
CP065321.1_2181            0.172  22  0.406  22  0.970  15  0.954   0.664 Y  0.570      SignalP-noTM
CP065321.1_2181            0.176  34  0.378  27  0.971  16  0.887   0.576 Y  0.450      SignalP-TM
CP065321.1_2211            0.221  29  0.419  29  0.971  19  0.867   0.593 Y  0.450      SignalP-TM
CP065321.1_2211            0.328  20  0.562  20  0.974  15  0.961   0.750 Y  0.570      SignalP-noTM
CP065321.1_2221            0.162  27  0.321  27  0.865   6  0.729   0.480 Y  0.450      SignalP-TM
CP065321.1_2221            0.231  57  0.328  20  0.955   6  0.907   0.600 Y  0.570      SignalP-noTM
CP065321.1_2244            0.323  29  0.540  29  0.971  18  0.910   0.684 Y  0.450      SignalP-TM
CP065321.1_2244            0.767  29  0.845  29  0.993  15  0.951   0.895 Y  0.570      SignalP-noTM
CP065321.1_2247            0.257  25  0.477  25  0.940  20  0.864   0.659 Y  0.570      SignalP-noTM
CP065321.1_2247            0.266  25  0.462  25  0.842  19  0.747   0.573 Y  0.450      SignalP-TM
CP065321.1_2263            0.424  27  0.516  27  0.838  16  0.697   0.586 Y  0.450      SignalP-TM
CP065321.1_2263            0.436  27  0.492  27  0.952   1  0.738   0.608 Y  0.570      SignalP-noTM
CP065321.1_2265            0.537  27  0.582  27  0.859  16  0.592   0.586 Y  0.450      SignalP-TM
CP065321.1_2272            0.668  35  0.764  35  0.930  23  0.860   0.801 Y  0.450      SignalP-TM
CP065321.1_2272            0.685  35  0.664  35  0.764  28  0.630   0.651 Y  0.510      SignalP-TM
CP065321.1_2273            0.484  32  0.553  32  0.752  20  0.660   0.595 Y  0.450      SignalP-TM
CP065321.1_2281            0.198  27  0.387  22  0.964  16  0.910   0.633 Y  0.570      SignalP-noTM
CP065321.1_2281            0.427  27  0.599  27  0.950  16  0.886   0.711 Y  0.450      SignalP-TM
CP065321.1_232             0.628  29  0.723  29  0.944   9  0.867   0.779 Y  0.450      SignalP-TM
CP065321.1_232             0.838  29  0.859  29  0.983  14  0.930   0.893 Y  0.570      SignalP-noTM
CP065321.1_2334            0.365  27  0.590  27  0.968  25  0.937   0.753 Y  0.570      SignalP-noTM
CP065321.1_2334            0.403  39  0.501  39  0.908  25  0.784   0.611 Y  0.450      SignalP-TM
CP065321.1_2347            0.188  35  0.372  26  0.859  12  0.752   0.520 Y  0.450      SignalP-TM
CP065321.1_2347            0.191  26  0.411  26  0.983  17  0.911   0.646 Y  0.570      SignalP-noTM
CP065321.1_2354            0.234  23  0.474  23  0.986  14  0.957   0.701 Y  0.570      SignalP-noTM
CP065321.1_2354            0.325  25  0.540  25  0.966  16  0.903   0.682 Y  0.450      SignalP-TM
CP065321.1_2357            0.123  28  0.282  18  0.834  10  0.786   0.478 Y  0.450      SignalP-TM
CP065321.1_2357            0.143  31  0.340  24  0.956   5  0.913   0.609 Y  0.570      SignalP-noTM
CP065321.1_236             0.320  47  0.447  40  0.889  37  0.567   0.493 Y  0.450      SignalP-TM
CP065321.1_2365            0.267  30  0.473  30  0.920  15  0.833   0.614 Y  0.450      SignalP-TM
CP065321.1_2365            0.334  30  0.528  30  0.991  17  0.902   0.703 Y  0.570      SignalP-noTM
CP065321.1_237             0.420  48  0.468  48  0.824  37  0.628   0.530 Y  0.450      SignalP-TM
CP065321.1_2425            0.188  31  0.356  31  0.886   8  0.741   0.506 Y  0.450      SignalP-TM
CP065321.1_2425            0.435  27  0.648  27  0.993  15  0.952   0.791 Y  0.570      SignalP-noTM
CP065321.1_243             0.575  28  0.713  28  0.950  27  0.820   0.755 Y  0.450      SignalP-TM
CP065321.1_243             0.652  28  0.668  28  0.759  27  0.624   0.652 Y  0.510      SignalP-TM
CP065321.1_2441            0.140  24  0.336  24  0.884   6  0.821   0.525 Y  0.450      SignalP-TM
CP065321.1_2441            0.264  23  0.501  23  0.965   8  0.949   0.711 Y  0.570      SignalP-noTM
CP065321.1_2456            0.266  28  0.449  28  0.922  17  0.813   0.591 Y  0.450      SignalP-TM
CP065321.1_2456            0.354  23  0.580  23  0.966  11  0.947   0.753 Y  0.570      SignalP-noTM
CP065321.1_2478            0.197  33  0.310  24  0.959  11  0.863   0.525 Y  0.450      SignalP-TM
CP065321.1_2478            0.226  23  0.405  23  0.860  11  0.737   0.528 Y  0.510      SignalP-TM
CP065321.1_2487            0.333  28  0.514  28  0.890  25  0.815   0.631 Y  0.450      SignalP-TM
CP065321.1_2487            0.587  28  0.736  28  0.984  11  0.944   0.834 Y  0.570      SignalP-noTM
CP065321.1_2494            0.224  27  0.441  27  0.959  11  0.888   0.615 Y  0.450      SignalP-TM
CP065321.1_2494            0.495  22  0.697  22  0.989  18  0.976   0.828 Y  0.570      SignalP-noTM
CP065321.1_2495            0.179  34  0.286  13  0.862   6  0.811   0.491 Y  0.450      SignalP-TM
CP065321.1_2518            0.454  24  0.665  24  0.983  16  0.965   0.782 Y  0.450      SignalP-TM
CP065321.1_2518            0.772  24  0.872  24  0.990  14  0.977   0.921 Y  0.570      SignalP-noTM
CP065321.1_2524            0.762  36  0.610  36  0.661   2  0.489   0.563 Y  0.450      SignalP-TM
CP065321.1_2525            0.551  18  0.701  18  0.957  14  0.882   0.786 Y  0.570      SignalP-noTM
CP065321.1_2525            0.751  18  0.779  18  0.899  16  0.800   0.787 Y  0.450      SignalP-TM
CP065321.1_2576            0.249  23  0.470  23  0.941  17  0.900   0.672 Y  0.570      SignalP-noTM
CP065321.1_2576            0.367  28  0.530  28  0.923  18  0.806   0.638 Y  0.450      SignalP-TM
CP065321.1_2577            0.605  33  0.706  31  0.993  14  0.934   0.813 Y  0.570      SignalP-noTM
CP065321.1_2577            0.793  33  0.809  33  0.973  21  0.884   0.839 Y  0.450      SignalP-TM
CP065321.1_2579            0.292  36  0.461  29  0.962  18  0.894   0.630 Y  0.450      SignalP-TM
CP065321.1_2579            0.398  29  0.575  29  0.929  16  0.785   0.653 Y  0.510      SignalP-TM
CP065321.1_2646            0.615  28  0.640  28  0.820   6  0.687   0.658 Y  0.450      SignalP-TM
CP065321.1_2667            0.628  29  0.716  29  0.896   9  0.819   0.756 Y  0.450      SignalP-TM
CP065321.1_2667            0.838  29  0.855  29  0.975  14  0.919   0.885 Y  0.570      SignalP-noTM
CP065321.1_268             0.140  28  0.343  28  0.926  12  0.834   0.574 Y  0.570      SignalP-noTM
CP065321.1_268             0.230  36  0.395  36  0.821  12  0.697   0.513 Y  0.450      SignalP-TM
CP065321.1_2702            0.288  27  0.436  27  0.854  23  0.688   0.534 Y  0.450      SignalP-TM
CP065321.1_2702            0.464  27  0.557  27  0.799   4  0.684   0.617 Y  0.570      SignalP-noTM
CP065321.1_2704            0.171  45  0.291  11  0.899   5  0.857   0.512 Y  0.450      SignalP-TM
CP065321.1_2709            0.569  24  0.672  24  0.898  20  0.744   0.700 Y  0.450      SignalP-TM
CP065321.1_2713            0.474  26  0.629  26  0.932   7  0.860   0.719 Y  0.450      SignalP-TM
CP065321.1_2713            0.866  26  0.916  26  0.978  13  0.965   0.939 Y  0.570      SignalP-noTM
CP065321.1_2724            0.348  39  0.292  13  0.897   9  0.862   0.514 Y  0.450      SignalP-TM
CP065321.1_2727            0.169  41  0.289  28  0.822  15  0.712   0.454 Y  0.450      SignalP-TM
CP065321.1_2738            0.337  22  0.553  22  0.966  11  0.917   0.724 Y  0.570      SignalP-noTM
CP065321.1_2742            0.191  47  0.344  38  0.778   7  0.635   0.458 Y  0.450      SignalP-TM
CP065321.1_2762            0.697  24  0.799  24  0.946  19  0.892   0.835 Y  0.450      SignalP-TM
CP065321.1_2762            0.804  24  0.876  24  0.980   9  0.957   0.914 Y  0.570      SignalP-noTM
CP065321.1_2763            0.446  27  0.635  24  0.959  18  0.903   0.739 Y  0.450      SignalP-TM
CP065321.1_2763            0.668  24  0.806  24  0.987   9  0.971   0.884 Y  0.570      SignalP-noTM
CP065321.1_2764            0.236  23  0.396  23  0.797   2  0.704   0.516 Y  0.450      SignalP-TM
CP065321.1_2764            0.602  23  0.759  23  0.978  12  0.955   0.851 Y  0.570      SignalP-noTM
CP065321.1_2810            0.760  22  0.852  22  0.976  18  0.947   0.897 Y  0.570      SignalP-noTM
CP065321.1_2810            0.800  22  0.861  22  0.957  15  0.919   0.884 Y  0.450      SignalP-TM
CP065321.1_2812            0.456  31  0.447  31  0.762   2  0.569   0.494 Y  0.450      SignalP-TM
CP065321.1_2818            0.281  22  0.516  22  0.966  15  0.943   0.717 Y  0.570      SignalP-noTM
CP065321.1_2834            0.804  26  0.795  26  0.954  16  0.842   0.813 Y  0.450      SignalP-TM
CP065321.1_2834            0.816  26  0.878  26  0.988  12  0.954   0.914 Y  0.570      SignalP-noTM
CP065321.1_2837            0.300  31  0.401  31  0.829   2  0.653   0.500 Y  0.450      SignalP-TM
CP065321.1_2855            0.432  24  0.490  24  0.687  19  0.520   0.502 Y  0.450      SignalP-TM
CP065321.1_2888            0.141  29  0.271  11  0.772   1  0.732   0.451 Y  0.450      SignalP-TM
CP065321.1_2890            0.330  35  0.465  19  0.983  17  0.966   0.660 Y  0.450      SignalP-TM
CP065321.1_2890            0.677  19  0.815  19  0.987  18  0.975   0.890 Y  0.570      SignalP-noTM
CP065321.1_2913            0.176  29  0.342  29  0.876  15  0.730   0.493 Y  0.450      SignalP-TM
CP065321.1_2913            0.326  22  0.541  22  0.968  17  0.899   0.709 Y  0.570      SignalP-noTM
CP065321.1_2922            0.230  42  0.378  32  0.866  13  0.766   0.530 Y  0.450      SignalP-TM
CP065321.1_2931            0.150  31  0.286  13  0.887   2  0.786   0.481 Y  0.450      SignalP-TM
CP065321.1_2945            0.201  22  0.441  22  0.982  15  0.963   0.645 Y  0.450      SignalP-TM
CP065321.1_2945            0.726  22  0.844  22  0.988  15  0.974   0.905 Y  0.570      SignalP-noTM
CP065321.1_2958            0.183  24  0.420  24  0.970  14  0.943   0.624 Y  0.450      SignalP-TM
CP065321.1_2958            0.286  25  0.526  25  0.994  11  0.968   0.734 Y  0.570      SignalP-noTM
CP065321.1_2959            0.143  27  0.294  27  0.871   3  0.704   0.454 Y  0.450      SignalP-TM
CP065321.1_2968            0.556  45  0.565  45  0.742  28  0.524   0.549 Y  0.450      SignalP-TM
CP065321.1_2969            0.171  24  0.359  24  0.941   1  0.811   0.572 Y  0.570      SignalP-noTM
CP065321.1_2969            0.230  27  0.408  27  0.862  17  0.769   0.549 Y  0.450      SignalP-TM
CP065321.1_2983            0.191  48  0.275  13  0.792   5  0.756   0.462 Y  0.450      SignalP-TM
CP065321.1_299             0.467  28  0.636  28  0.958   9  0.902   0.740 Y  0.450      SignalP-TM
CP065321.1_299             0.688  28  0.812  28  0.994  13  0.967   0.885 Y  0.570      SignalP-noTM
CP065321.1_3012            0.184  49  0.329  24  0.949  15  0.918   0.559 Y  0.450      SignalP-TM
CP065321.1_3012            0.211  23  0.454  23  0.988  14  0.971   0.697 Y  0.570      SignalP-noTM
CP065321.1_3023            0.251  22  0.447  22  0.903   5  0.823   0.593 Y  0.450      SignalP-TM
CP065321.1_3023            0.319  21  0.451  22  0.839   3  0.660   0.528 Y  0.510      SignalP-TM
CP065321.1_3124            0.670  27  0.706  27  0.842  24  0.738   0.718 Y  0.450      SignalP-TM
CP065321.1_3124            0.839  27  0.840  27  0.949  17  0.868   0.853 Y  0.570      SignalP-noTM
CP065321.1_3126            0.204  32  0.356  23  0.885  10  0.768   0.516 Y  0.450      SignalP-TM
CP065321.1_3126            0.385  21  0.604  21  0.962  17  0.942   0.763 Y  0.570      SignalP-noTM
CP065321.1_3133            0.229  27  0.394  27  0.949   3  0.794   0.582 Y  0.570      SignalP-noTM
CP065321.1_315             0.362  27  0.526  27  0.917  12  0.825   0.642 Y  0.450      SignalP-TM
CP065321.1_3150            0.224  22  0.434  22  0.942   5  0.868   0.603 Y  0.450      SignalP-TM
CP065321.1_3150            0.330  22  0.464  22  0.880   3  0.691   0.548 Y  0.510      SignalP-TM
CP065321.1_318             0.206  33  0.297  21  0.870   7  0.753   0.475 Y  0.450      SignalP-TM
CP065321.1_3233            0.498  26  0.653  26  0.897  22  0.829   0.722 Y  0.450      SignalP-TM
CP065321.1_3238            0.316  29  0.392  29  0.745   1  0.595   0.471 Y  0.450      SignalP-TM
CP065321.1_3273            0.178  36  0.311  36  0.935  10  0.693   0.460 Y  0.450      SignalP-TM
CP065321.1_3301            0.550  25  0.712  25  0.964  13  0.924   0.812 Y  0.570      SignalP-noTM
CP065321.1_3301            0.569  25  0.729  25  0.966  17  0.911   0.800 Y  0.450      SignalP-TM
CP065321.1_3305            0.521  25  0.711  25  0.983  11  0.971   0.813 Y  0.450      SignalP-TM
CP065321.1_3305            0.584  25  0.746  25  0.988  11  0.964   0.848 Y  0.570      SignalP-noTM
CP065321.1_3328            0.570  42  0.587  42  0.796  33  0.470   0.541 Y  0.450      SignalP-TM
CP065321.1_3374            0.444  37  0.398  37  0.954   5  0.672   0.505 Y  0.450      SignalP-TM
CP065321.1_3374            0.599  20  0.755  20  0.975  19  0.946   0.844 Y  0.570      SignalP-noTM
CP065321.1_3375            0.302  30  0.486  30  0.977  16  0.872   0.636 Y  0.450      SignalP-TM
CP065321.1_3375            0.413  22  0.626  22  0.980  18  0.949   0.778 Y  0.570      SignalP-noTM
CP065321.1_3413            0.274  30  0.374  30  0.775  16  0.595   0.460 Y  0.450      SignalP-TM
CP065321.1_3413            0.616  30  0.708  30  0.959  16  0.858   0.779 Y  0.570      SignalP-noTM
CP065321.1_3414            0.388  33  0.483  33  0.750  27  0.584   0.522 Y  0.450      SignalP-TM
CP065321.1_3419            0.781  30  0.762  30  0.946  14  0.792   0.773 Y  0.450      SignalP-TM
CP065321.1_3419            0.875  30  0.814  30  0.989  13  0.873   0.842 Y  0.570      SignalP-noTM
CP065321.1_3422            0.252  31  0.368  31  0.918   8  0.719   0.505 Y  0.450      SignalP-TM
CP065321.1_3434            0.258  31  0.463  31  0.978   6  0.909   0.637 Y  0.450      SignalP-TM
CP065321.1_3434            0.510  21  0.707  21  0.986  20  0.973   0.832 Y  0.570      SignalP-noTM
CP065321.1_3438            0.242  24  0.466  24  0.983  17  0.930   0.684 Y  0.570      SignalP-noTM
CP065321.1_3438            0.505  30  0.665  30  0.990  16  0.925   0.766 Y  0.450      SignalP-TM
CP065321.1_3442            0.160  31  0.315  29  0.942  12  0.802   0.505 Y  0.450      SignalP-TM
CP065321.1_3442            0.203  28  0.370  28  0.948   2  0.798   0.571 Y  0.570      SignalP-noTM
CP065321.1_3443            0.553  28  0.725  28  0.982  19  0.930   0.822 Y  0.570      SignalP-noTM
CP065321.1_3443            0.748  28  0.743  28  0.838  15  0.699   0.726 Y  0.450      SignalP-TM
CP065321.1_3462            0.201  24  0.388  23  0.907  14  0.824   0.593 Y  0.570      SignalP-noTM
CP065321.1_3462            0.210  26  0.412  24  0.943   9  0.857   0.585 Y  0.450      SignalP-TM
CP065321.1_347             0.453  21  0.651  21  0.954  20  0.933   0.761 Y  0.450      SignalP-TM
CP065321.1_347             0.816  21  0.893  21  0.986  19  0.973   0.931 Y  0.570      SignalP-noTM
CP065321.1_3482            0.248  31  0.437  31  0.975  19  0.876   0.608 Y  0.450      SignalP-TM
CP065321.1_3482            0.478  23  0.680  23  0.990  11  0.965   0.814 Y  0.570      SignalP-noTM
CP065321.1_3486            0.255  30  0.415  30  0.914   9  0.760   0.550 Y  0.450      SignalP-TM
CP065321.1_3488            0.405  23  0.458  23  0.706   8  0.528   0.485 Y  0.450      SignalP-TM
CP065321.1_3495            0.358  24  0.558  24  0.911  18  0.847   0.671 Y  0.450      SignalP-TM
CP065321.1_3505            0.218  28  0.441  23  0.968   7  0.942   0.636 Y  0.450      SignalP-TM
CP065321.1_3505            0.338  23  0.570  23  0.982  15  0.959   0.752 Y  0.570      SignalP-noTM
CP065321.1_3506            0.351  28  0.568  28  0.961  24  0.905   0.699 Y  0.450      SignalP-TM
CP065321.1_3506            0.420  29  0.607  29  0.986  15  0.919   0.753 Y  0.570      SignalP-noTM
CP065321.1_3518            0.168  32  0.301  24  0.919   7  0.795   0.494 Y  0.450      SignalP-TM
CP065321.1_3531            0.169  21  0.404  21  0.976  19  0.961   0.666 Y  0.570      SignalP-noTM
CP065321.1_3531            0.176  34  0.359  27  0.958  10  0.921   0.578 Y  0.450      SignalP-TM
CP065321.1_3535            0.180  24  0.416  24  0.976  22  0.963   0.630 Y  0.450      SignalP-TM
CP065321.1_3535            0.396  24  0.622  24  0.981  14  0.968   0.785 Y  0.570      SignalP-noTM
CP065321.1_3543            0.450  34  0.531  34  0.923  21  0.788   0.631 Y  0.450      SignalP-TM
CP065321.1_3543            0.711  24  0.820  24  0.967  10  0.945   0.879 Y  0.570      SignalP-noTM
CP065321.1_3562            0.368  31  0.566  31  0.946  25  0.751   0.638 Y  0.450      SignalP-TM
CP065321.1_3570            0.197  30  0.372  30  0.933   9  0.814   0.545 Y  0.450      SignalP-TM
CP065321.1_3570            0.588  26  0.742  26  0.978  14  0.953   0.841 Y  0.570      SignalP-noTM
CP065321.1_3583            0.402  31  0.487  31  0.866  16  0.684   0.564 Y  0.450      SignalP-TM
CP065321.1_3602            0.318  22  0.550  22  0.969  16  0.940   0.702 Y  0.450      SignalP-TM
CP065321.1_3602            0.806  22  0.863  22  0.957  18  0.923   0.892 Y  0.570      SignalP-noTM
CP065321.1_3638            0.328  28  0.473  28  0.901   9  0.786   0.595 Y  0.450      SignalP-TM
CP065321.1_3641            0.201  23  0.408  23  0.905   6  0.851   0.581 Y  0.450      SignalP-TM
CP065321.1_3656            0.222  30  0.435  30  0.966   8  0.906   0.619 Y  0.450      SignalP-TM
CP065321.1_3656            0.754  23  0.860  23  0.988  13  0.973   0.913 Y  0.570      SignalP-noTM
CP065321.1_3667            0.213  21  0.454  21  0.980  19  0.966   0.695 Y  0.570      SignalP-noTM
CP065321.1_3667            0.324  35  0.446  35  0.947   2  0.801   0.585 Y  0.450      SignalP-TM
CP065321.1_3690            0.414  26  0.464  26  0.735   2  0.594   0.515 Y  0.450      SignalP-TM
CP065321.1_3719            0.299  25  0.477  25  0.830  16  0.774   0.593 Y  0.450      SignalP-TM
CP065321.1_3720            0.369  26  0.554  26  0.925   6  0.869   0.677 Y  0.450      SignalP-TM
CP065321.1_3720            0.696  26  0.794  26  0.981  11  0.937   0.861 Y  0.570      SignalP-noTM
CP065321.1_3723            0.386  36  0.504  36  0.895  32  0.438   0.478 Y  0.450      SignalP-TM
CP065321.1_3727            0.180  26  0.401  26  0.953  18  0.900   0.595 Y  0.450      SignalP-TM
CP065321.1_3727            0.482  26  0.674  26  0.980  12  0.953   0.805 Y  0.570      SignalP-noTM
CP065321.1_3730            0.230  28  0.409  26  0.953   9  0.844   0.579 Y  0.450      SignalP-TM
CP065321.1_3730            0.445  22  0.652  22  0.977  11  0.947   0.791 Y  0.570      SignalP-noTM
CP065321.1_3731            0.298  27  0.483  27  0.927   9  0.821   0.615 Y  0.450      SignalP-TM
CP065321.1_3731            0.565  27  0.733  27  0.985  16  0.953   0.836 Y  0.570      SignalP-noTM
CP065321.1_3732            0.397  36  0.438  36  0.743  19  0.563   0.487 Y  0.450      SignalP-TM
CP065321.1_3733            0.313  27  0.369  27  0.828   6  0.592   0.456 Y  0.450      SignalP-TM
CP065321.1_3734            0.477  28  0.612  28  0.900  22  0.779   0.677 Y  0.450      SignalP-TM
CP065321.1_3734            0.614  26  0.769  26  0.981  16  0.960   0.859 Y  0.570      SignalP-noTM
CP065321.1_3736            0.325  29  0.544  29  0.973  14  0.923   0.692 Y  0.450      SignalP-TM
CP065321.1_3736            0.671  22  0.813  22  0.995  11  0.975   0.889 Y  0.570      SignalP-noTM
CP065321.1_3756            0.278  22  0.438  22  0.874   3  0.734   0.577 Y  0.570      SignalP-noTM
CP065321.1_3761            0.261  23  0.502  23  0.980  20  0.961   0.718 Y  0.570      SignalP-noTM
CP065321.1_3761            0.478  24  0.649  24  0.965  12  0.905   0.749 Y  0.450      SignalP-TM
CP065321.1_3791            0.286  25  0.439  25  0.808  16  0.703   0.542 Y  0.450      SignalP-TM
CP065321.1_3791            0.450  25  0.506  25  0.707  18  0.586   0.535 Y  0.510      SignalP-TM
CP065321.1_3801            0.203  22  0.362  22  0.763  16  0.648   0.473 Y  0.450      SignalP-TM
CP065321.1_3804            0.207  31  0.409  23  0.968  15  0.936   0.614 Y  0.450      SignalP-TM
CP065321.1_3804            0.311  23  0.552  23  0.985  21  0.972   0.749 Y  0.570      SignalP-noTM
CP065321.1_39              0.218  27  0.410  25  0.944  17  0.853   0.618 Y  0.570      SignalP-noTM
CP065321.1_427             0.485  31  0.661  31  0.988  14  0.941   0.770 Y  0.450      SignalP-TM
CP065321.1_427             0.494  20  0.696  20  0.989  13  0.974   0.827 Y  0.570      SignalP-noTM
CP065321.1_435             0.315  24  0.460  24  0.746  19  0.649   0.534 Y  0.450      SignalP-TM
CP065321.1_439             0.424  27  0.602  27  0.945  14  0.852   0.700 Y  0.450      SignalP-TM
CP065321.1_439             0.558  27  0.709  20  0.990  11  0.969   0.831 Y  0.570      SignalP-noTM
CP065321.1_440             0.791  29  0.835  29  0.929  18  0.841   0.837 Y  0.450      SignalP-TM
CP065321.1_440             0.852  29  0.878  29  0.979  13  0.930   0.902 Y  0.570      SignalP-noTM
CP065321.1_441             0.471  25  0.658  25  0.973  11  0.938   0.790 Y  0.570      SignalP-noTM
CP065321.1_441             0.582  25  0.744  25  0.973  20  0.947   0.823 Y  0.450      SignalP-TM
CP065321.1_490             0.247  23  0.486  23  0.974   8  0.956   0.669 Y  0.450      SignalP-TM
CP065321.1_490             0.591  23  0.762  23  0.987  13  0.976   0.863 Y  0.570      SignalP-noTM
CP065321.1_494             0.509  28  0.674  28  0.928  14  0.868   0.749 Y  0.450      SignalP-TM
CP065321.1_494             0.700  28  0.822  28  0.988  18  0.960   0.887 Y  0.570      SignalP-noTM
CP065321.1_507             0.209  38  0.362  34  0.977  15  0.869   0.601 Y  0.570      SignalP-noTM
CP065321.1_507             0.636  38  0.686  38  0.911  13  0.833   0.743 Y  0.450      SignalP-TM
CP065321.1_533             0.277  27  0.484  27  0.940  13  0.875   0.637 Y  0.450      SignalP-TM
CP065321.1_533             0.316  27  0.463  27  0.952  10  0.818   0.630 Y  0.570      SignalP-noTM
CP065321.1_54              0.188  23  0.410  23  0.931  12  0.867   0.588 Y  0.450      SignalP-TM
CP065321.1_54              0.312  23  0.538  23  0.957  20  0.931   0.723 Y  0.570      SignalP-noTM
CP065321.1_604             0.677  28  0.707  28  0.967  12  0.823   0.752 Y  0.450      SignalP-TM
CP065321.1_604             0.748  28  0.586  28  0.787  11  0.536   0.568 Y  0.510      SignalP-TM
CP065321.1_608             0.249  22  0.375  22  0.709   5  0.593   0.460 Y  0.450      SignalP-TM
CP065321.1_613             0.241  23  0.469  23  0.964   3  0.926   0.684 Y  0.570      SignalP-noTM
CP065321.1_613             0.312  29  0.466  29  0.962   6  0.824   0.606 Y  0.450      SignalP-TM
CP065321.1_614             0.550  27  0.739  27  0.998  15  0.983   0.854 Y  0.570      SignalP-noTM
CP065321.1_614             0.673  29  0.803  29  0.981  19  0.952   0.861 Y  0.450      SignalP-TM
CP065321.1_617             0.734  25  0.790  25  0.921   9  0.859   0.817 Y  0.450      SignalP-TM
CP065321.1_617             0.869  25  0.892  25  0.980  11  0.931   0.910 Y  0.570      SignalP-noTM
CP065321.1_649             0.317  28  0.544  28  0.978  18  0.921   0.683 Y  0.510      SignalP-TM
CP065321.1_649             0.434  30  0.642  30  0.987  16  0.951   0.762 Y  0.450      SignalP-TM
CP065321.1_650             0.736  29  0.832  29  0.972  20  0.937   0.873 Y  0.450      SignalP-TM
CP065321.1_650             0.873  29  0.913  29  0.992  16  0.964   0.937 Y  0.570      SignalP-noTM
CP065321.1_651             0.713  28  0.803  28  0.974  10  0.927   0.852 Y  0.450      SignalP-TM
CP065321.1_651             0.729  28  0.814  28  0.981   9  0.932   0.870 Y  0.570      SignalP-noTM
CP065321.1_663             0.275  40  0.449  29  0.973  17  0.861   0.610 Y  0.450      SignalP-TM
CP065321.1_663             0.662  20  0.804  20  0.986  18  0.971   0.882 Y  0.570      SignalP-noTM
CP065321.1_678             0.586  27  0.660  27  0.833  12  0.716   0.682 Y  0.450      SignalP-TM
CP065321.1_678             0.863  27  0.876  27  0.956  17  0.896   0.885 Y  0.570      SignalP-noTM
CP065321.1_680             0.625  27  0.751  27  0.948  24  0.894   0.807 Y  0.450      SignalP-TM
CP065321.1_680             0.865  27  0.918  27  0.987  11  0.972   0.944 Y  0.570      SignalP-noTM
CP065321.1_692             0.179  27  0.397  24  0.965  11  0.926   0.646 Y  0.570      SignalP-noTM
CP065321.1_692             0.185  27  0.384  25  0.922  10  0.859   0.569 Y  0.450      SignalP-TM
CP065321.1_733             0.179  21  0.402  21  0.952   8  0.913   0.642 Y  0.570      SignalP-noTM
CP065321.1_733             0.385  39  0.437  39  0.869   4  0.668   0.527 Y  0.450      SignalP-TM
CP065321.1_747             0.284  24  0.438  24  0.846  18  0.611   0.505 Y  0.450      SignalP-TM
CP065321.1_757             0.362  37  0.516  37  0.899  10  0.797   0.626 Y  0.450      SignalP-TM
CP065321.1_775             0.182  22  0.385  22  0.917   1  0.835   0.597 Y  0.570      SignalP-noTM
CP065321.1_775             0.384  31  0.441  25  0.870  14  0.760   0.565 Y  0.450      SignalP-TM
CP065321.1_833             0.226  22  0.463  22  0.970  17  0.949   0.653 Y  0.450      SignalP-TM
CP065321.1_833             0.504  22  0.700  22  0.988  10  0.971   0.827 Y  0.570      SignalP-noTM
CP065321.1_835             0.830  29  0.883  29  0.995  11  0.962   0.920 Y  0.570      SignalP-noTM
CP065321.1_835             0.840  29  0.877  29  0.976  14  0.927   0.896 Y  0.450      SignalP-TM
CP065321.1_860             0.374  23  0.571  23  0.941  10  0.880   0.692 Y  0.450      SignalP-TM
CP065321.1_860             0.604  23  0.765  23  0.982  21  0.962   0.858 Y  0.570      SignalP-noTM
CP065321.1_861             0.206  26  0.434  26  0.949  20  0.906   0.618 Y  0.450      SignalP-TM
CP065321.1_861             0.491  26  0.656  26  0.961  22  0.906   0.773 Y  0.570      SignalP-noTM
CP065321.1_87              0.190  25  0.410  25  0.925  18  0.862   0.622 Y  0.570      SignalP-noTM
CP065321.1_87              0.303  33  0.447  33  0.900  11  0.765   0.571 Y  0.450      SignalP-TM
CP065321.1_894             0.448  29  0.595  29  0.957  12  0.862   0.699 Y  0.450      SignalP-TM
CP065321.1_894             0.476  29  0.545  29  0.990  10  0.821   0.675 Y  0.570      SignalP-noTM
CP065321.1_898             0.522  37  0.585  37  0.881  19  0.751   0.649 Y  0.450      SignalP-TM
CP065321.1_913             0.199  46  0.314  22  0.767  17  0.695   0.463 Y  0.450      SignalP-TM
CP065321.1_914             0.182  24  0.399  24  0.955   2  0.897   0.633 Y  0.570      SignalP-noTM
CP065321.1_914             0.189  31  0.350  31  0.907  16  0.776   0.516 Y  0.450      SignalP-TM
CP065321.1_916             0.199  46  0.300  20  0.746   2  0.700   0.456 Y  0.450      SignalP-TM
CP065321.1_923             0.451  22  0.473  22  0.686  27  0.485   0.477 Y  0.450      SignalP-TM
CP065321.1_960             0.236  27  0.409  27  0.798  11  0.708   0.526 Y  0.450      SignalP-TM
CP065321.1_960             0.452  27  0.659  27  0.970  21  0.940   0.791 Y  0.570      SignalP-noTM
CP065321.1_974             0.636  46  0.697  46  0.868  41  0.505   0.622 Y  0.450      SignalP-TM
CP065321.1_974             0.832  46  0.745  46  0.764  42  0.424   0.626 Y  0.510      SignalP-TM
CP065321.1_986             0.167  22  0.393  22  0.954  19  0.925   0.643 Y  0.570      SignalP-noTM
CP065321.1_986             0.232  28  0.428  28  0.914   7  0.837   0.588 Y  0.450      SignalP-TM
