HTH_3	55	CP065319.1_1014	67	2.7e-10	1	54	8	61	0.963636363636
LacI	46	CP065319.1_103	356	2.6e-18	1	46	7	52	0.978260869565
Peripla_BP_1	279	CP065319.1_103	356	2.1e-08	4	191	67	268	0.670250896057
Glyoxalase	128	CP065319.1_1054	480	9.7e-14	1	127	2	124	0.984375
TetR_N	47	CP065319.1_1078	252	6e-08	2	47	57	102	0.957446808511
HTH_18	81	CP065319.1_1107	289	2.8e-15	1	80	191	270	0.975308641975
HisKA	64	CP065319.1_1108	773	1.4e-15	2	64	299	363	0.96875
HATPase_c	111	CP065319.1_1108	773	3e-26	2	110	409	516	0.972972972973
Response_reg	112	CP065319.1_1108	773	1.3e-20	1	110	539	650	0.973214285714
Response_reg	112	CP065319.1_1109	441	1e-18	1	108	6	113	0.955357142857
AAA	132	CP065319.1_1109	441	9.5e-10	1	124	157	286	0.931818181818
HTH_8	42	CP065319.1_1109	441	2.2e-15	6	42	395	431	0.857142857143
CbiA	128	CP065319.1_1117	254	2.2e-13	2	122	9	214	0.9375
Sigma70_r2	71	CP065319.1_1162	191	2.9e-12	1	70	32	98	0.971830985915
Sigma70_r4_2	54	CP065319.1_1162	191	2.2e-16	2	54	129	181	0.962962962963
PfkB	302	CP065319.1_1164	291	7.3e-09	173	283	128	248	0.364238410596
AAA	132	CP065319.1_117	822	1.1e-23	1	126	381	517	0.94696969697
HD	122	CP065319.1_1185	512	5.6e-19	2	120	328	418	0.967213114754
Peptidase_M23	96	CP065319.1_1193	214	1.1e-29	2	96	78	172	0.979166666667
Pribosyltran	159	CP065319.1_1199	179	7.8e-26	9	158	18	163	0.937106918239
PfkB	302	CP065319.1_1200	504	4.8e-09	145	284	331	467	0.460264900662
HTH_8	42	CP065319.1_1208	413	3.4e-17	1	42	368	409	0.97619047619
CBS	57	CP065319.1_1213	419	2.3e-06	4	54	215	266	0.877192982456
CBS	57	CP065319.1_1213	419	7.6e-08	7	55	275	323	0.842105263158
TPR_1	34	CP065319.1_1215	442	9.5e-05	8	34	325	351	0.764705882353
Sigma70_r2	71	CP065319.1_1229	184	1.6e-17	2	69	27	92	0.943661971831
Sigma70_r4_2	54	CP065319.1_1229	184	1.5e-16	2	54	123	175	0.962962962963
Aminotran_1_2	363	CP065319.1_123	395	1.3e-59	2	363	43	384	0.994490358127
cNMP_binding	88	CP065319.1_1237	229	1.7e-16	2	88	32	119	0.977272727273
Sigma70_r2	71	CP065319.1_1238	185	3.4e-12	1	68	23	88	0.943661971831
Sigma70_r4_2	54	CP065319.1_1238	185	2e-10	3	54	117	167	0.944444444444
FecR	96	CP065319.1_1239	387	9.8e-21	2	84	176	258	0.854166666667
Pyr_redox_2	292	CP065319.1_1248	317	2.2e-45	2	292	8	299	0.993150684932
Pyr_redox_2	292	CP065319.1_1270	767	1.1e-37	2	290	444	747	0.986301369863
FecR	96	CP065319.1_1286	363	6.4e-20	2	95	156	249	0.96875
Sigma70_r2	71	CP065319.1_1287	174	1.4e-14	2	68	19	82	0.929577464789
Sigma70_r4_2	54	CP065319.1_1287	174	3.5e-15	4	52	114	162	0.888888888889
cNMP_binding	88	CP065319.1_1289	221	6.4e-09	5	79	37	113	0.840909090909
FeS	33	CP065319.1_129	181	2.4e-05	3	16	89	102	0.393939393939
TPR_2	34	CP065319.1_1308	228	9.3e-05	3	26	178	201	0.676470588235
ATPase_2	233	CP065319.1_1320	377	1.5e-11	1	230	18	261	0.982832618026
HD	122	CP065319.1_1334	410	1.2e-09	1	72	55	129	0.581967213115
NTP_transf_2	95	CP065319.1_1351	108	2.8e-11	2	48	10	60	0.484210526316
TetR_N	47	CP065319.1_1353	205	1.2e-08	2	47	10	55	0.957446808511
HTH_18	81	CP065319.1_1359	281	2.6e-15	1	80	189	267	0.975308641975
Y_Y_Y	66	CP065319.1_1363	375	2.5e-18	1	65	80	143	0.969696969697
HisKA	64	CP065319.1_1363	375	5.2e-14	5	63	195	256	0.90625
HATPase_c	111	CP065319.1_1363	375	5e-13	2	64	304	368	0.558558558559
Reg_prop	24	CP065319.1_1364	234	1.2e-06	5	24	158	177	0.791666666667
Reg_prop	24	CP065319.1_1364	234	9.7e-07	2	22	197	217	0.833333333333
Reg_prop	24	CP065319.1_1373	1427	2.5e-06	1	23	35	57	0.916666666667
Reg_prop	24	CP065319.1_1373	1427	3.1e-06	1	23	80	102	0.916666666667
Reg_prop	24	CP065319.1_1373	1427	1.4e-05	3	24	474	495	0.875
Reg_prop	24	CP065319.1_1373	1427	7.9e-07	1	24	514	537	0.958333333333
Reg_prop	24	CP065319.1_1373	1427	3.3e-06	3	24	611	632	0.875
Y_Y_Y	66	CP065319.1_1373	1427	8.5e-17	1	65	792	855	0.969696969697
HisKA	64	CP065319.1_1373	1427	4.6e-14	5	63	907	968	0.90625
HATPase_c	111	CP065319.1_1373	1427	1.4e-21	2	110	1016	1124	0.972972972973
Response_reg	112	CP065319.1_1373	1427	1.7e-25	1	111	1173	1283	0.982142857143
HTH_18	81	CP065319.1_1373	1427	4.6e-18	2	80	1340	1418	0.962962962963
Aminotran_1_2	363	CP065319.1_1400	391	4.1e-33	19	362	43	381	0.944903581267
AAA	132	CP065319.1_1402	668	7.3e-05	1	68	25	119	0.507575757576
TPR_2	34	CP065319.1_1402	668	1.3e-05	2	34	565	597	0.941176470588
LytTR	98	CP065319.1_1408	273	3.9e-27	2	97	175	270	0.969387755102
Reg_prop	24	CP065319.1_1416	1541	1.5e-07	1	23	571	593	0.916666666667
Y_Y_Y	66	CP065319.1_1416	1541	6.4e-22	1	66	856	920	0.984848484848
HisKA	64	CP065319.1_1416	1541	4e-16	2	63	968	1032	0.953125
HATPase_c	111	CP065319.1_1416	1541	3.4e-20	2	106	1080	1186	0.936936936937
Response_reg	112	CP065319.1_1416	1541	3.5e-25	2	111	1254	1363	0.973214285714
HTH_18	81	CP065319.1_1416	1541	2.7e-17	1	80	1458	1536	0.975308641975
AAA	132	CP065319.1_1417	447	7.6e-05	2	70	23	96	0.515151515152
TrkA_C	70	CP065319.1_1430	447	1.3e-07	27	69	179	221	0.6
TrkA_C	70	CP065319.1_1430	447	2.6e-15	1	69	378	445	0.971428571429
Fer4	24	CP065319.1_1438	163	4.2e-08	4	24	66	86	0.833333333333
Fer4	24	CP065319.1_1438	163	2.9e-09	2	24	107	129	0.916666666667
Y_Y_Y	66	CP065319.1_1451	1911	9e-06	28	65	813	853	0.560606060606
CBS	57	CP065319.1_1457	447	1.3e-06	2	51	134	188	0.859649122807
CBS	57	CP065319.1_1457	447	6.9e-11	1	54	197	250	0.929824561404
AAA	132	CP065319.1_1460	707	2e-46	2	131	235	367	0.977272727273
CbiA	128	CP065319.1_1466	255	4.2e-29	1	127	5	228	0.984375
HTH_3	55	CP065319.1_1467	297	4.6e-05	5	31	139	165	0.472727272727
HTH_3	55	CP065319.1_147	157	8e-10	9	55	15	62	0.836363636364
HD	122	CP065319.1_1470	733	4.4e-08	3	122	49	147	0.975409836066
MerR	38	CP065319.1_1471	115	6.4e-10	1	38	13	50	0.973684210526
Peptidase_M23	96	CP065319.1_1472	323	6e-35	2	96	200	294	0.979166666667
HTH_3	55	CP065319.1_1489	107	5.6e-10	2	55	21	74	0.963636363636
NUDIX	131	CP065319.1_1496	173	7.4e-20	2	125	35	151	0.93893129771
Reg_prop	24	CP065319.1_1504	1320	2.1e-05	1	24	41	64	0.958333333333
Y_Y_Y	66	CP065319.1_1504	1320	4.3e-17	2	65	726	788	0.954545454545
HTH_18	81	CP065319.1_1504	1320	1.7e-23	1	80	1236	1314	0.975308641975
CBS	57	CP065319.1_1511	598	6.3e-08	4	53	470	520	0.859649122807
CBS	57	CP065319.1_1511	598	5.5e-06	4	52	536	584	0.842105263158
TPR_1	34	CP065319.1_1516	321	2.5e-10	2	34	232	264	0.941176470588
TPR_2	34	CP065319.1_1516	321	7.1e-05	1	33	265	297	0.941176470588
Aminotran_1_2	363	CP065319.1_1518	393	4.5e-58	1	363	39	389	0.997245179063
Peptidase_M23	96	CP065319.1_1527	290	1.3e-31	2	96	109	204	0.979166666667
Penicillinase_R	115	CP065319.1_1551	122	1.5e-33	1	114	4	116	0.982608695652
CbiA	128	CP065319.1_1555	367	8.8e-17	3	128	103	326	0.9765625
HATPase_c	111	CP065319.1_157	682	8.3e-10	3	108	26	171	0.945945945946
AAA	132	CP065319.1_158	844	3.4e-15	2	126	236	367	0.939393939394
AAA	132	CP065319.1_158	844	9.7e-12	2	111	573	691	0.825757575758
HATPase_c	111	CP065319.1_1598	635	5.9e-09	5	62	24	79	0.513513513514
TPR_1	34	CP065319.1_160	405	1.1e-08	4	34	286	316	0.882352941176
CBS	57	CP065319.1_1604	493	9.7e-14	5	52	97	144	0.824561403509
CBS	57	CP065319.1_1604	493	4.6e-10	5	54	157	208	0.859649122807
B12-binding	121	CP065319.1_1604	493	1.4e-05	35	114	229	305	0.652892561983
AAA	132	CP065319.1_1606	415	3.5e-17	1	123	115	261	0.924242424242
Response_reg	112	CP065319.1_162	226	5.9e-31	1	111	3	112	0.982142857143
Trans_reg_C	77	CP065319.1_162	226	3.7e-18	2	77	146	222	0.974025974026
HisKA	64	CP065319.1_163	425	9.2e-11	2	63	216	280	0.953125
HATPase_c	111	CP065319.1_163	425	1.9e-10	8	86	332	403	0.702702702703
FecR	96	CP065319.1_1637	399	4e-20	4	95	188	280	0.947916666667
Sigma70_r2	71	CP065319.1_1638	191	8.8e-09	1	69	16	84	0.957746478873
Sigma70_r4_2	54	CP065319.1_1638	191	3.8e-13	2	46	113	157	0.814814814815
HisKA	64	CP065319.1_1641	773	5.6e-15	2	62	272	334	0.9375
HATPase_c	111	CP065319.1_1641	773	5.9e-30	2	109	384	490	0.963963963964
Response_reg	112	CP065319.1_1641	773	2.3e-23	1	111	526	638	0.982142857143
Response_reg	112	CP065319.1_1645	458	2.7e-29	1	111	5	114	0.982142857143
AAA	132	CP065319.1_1645	458	1.3e-05	1	111	177	295	0.833333333333
HTH_8	42	CP065319.1_1645	458	1.5e-16	3	40	414	451	0.880952380952
Reg_prop	24	CP065319.1_1654	1347	1.9e-05	3	22	35	54	0.791666666667
Y_Y_Y	66	CP065319.1_1654	1347	3.9e-18	1	65	708	771	0.969696969697
HisKA	64	CP065319.1_1654	1347	1.6e-11	1	63	826	891	0.96875
HATPase_c	111	CP065319.1_1654	1347	3.1e-15	2	108	938	1050	0.954954954955
Response_reg	112	CP065319.1_1654	1347	6.3e-22	2	108	1093	1199	0.946428571429
HTH_18	81	CP065319.1_1654	1347	5e-20	1	79	1260	1337	0.962962962963
TetR_N	47	CP065319.1_1663	197	4e-15	1	47	10	56	0.978723404255
AraC_binding	136	CP065319.1_1664	300	1.5e-13	22	126	61	165	0.764705882353
HTH_18	81	CP065319.1_1664	300	2.6e-21	1	80	216	294	0.975308641975
Arg_repressor	70	CP065319.1_1671	167	3.3e-21	2	67	12	77	0.928571428571
Aminotran_1_2	363	CP065319.1_1675	374	1.2e-06	33	202	56	222	0.465564738292
HTH_3	55	CP065319.1_1677	185	9.3e-11	8	55	19	66	0.854545454545
AraC_binding	136	CP065319.1_1677	185	8.6e-06	18	72	126	180	0.397058823529
Pribosyltran	159	CP065319.1_1685	213	6.2e-20	22	132	60	164	0.691823899371
Rhodanese	107	CP065319.1_1699	131	8.4e-19	2	107	32	124	0.981308411215
CbiA	128	CP065319.1_172	320	1.2e-05	9	109	125	238	0.78125
HTH_DeoR	57	CP065319.1_1733	255	2.2e-17	1	52	7	58	0.894736842105
DeoRC	160	CP065319.1_1733	255	4.9e-49	3	160	77	234	0.98125
Reg_prop	24	CP065319.1_1750	1386	5.8e-05	2	23	51	72	0.875
Reg_prop	24	CP065319.1_1750	1386	9.3e-05	2	23	96	117	0.875
Reg_prop	24	CP065319.1_1750	1386	4.7e-05	6	23	188	205	0.708333333333
Reg_prop	24	CP065319.1_1750	1386	9.7e-06	4	24	468	488	0.833333333333
Reg_prop	24	CP065319.1_1750	1386	1.1e-05	2	23	607	628	0.875
Y_Y_Y	66	CP065319.1_1750	1386	1e-21	2	66	748	812	0.969696969697
HisKA	64	CP065319.1_1750	1386	8.5e-12	2	64	867	929	0.96875
HATPase_c	111	CP065319.1_1750	1386	4.1e-25	2	110	976	1087	0.972972972973
Response_reg	112	CP065319.1_1750	1386	1.7e-29	1	111	1131	1241	0.982142857143
HTH_18	81	CP065319.1_1750	1386	3.3e-19	2	81	1298	1378	0.975308641975
NTP_transf_2	95	CP065319.1_1765	98	8.5e-15	2	91	12	93	0.936842105263
Reg_prop	24	CP065319.1_1788	1340	1.5e-05	2	24	30	52	0.916666666667
Reg_prop	24	CP065319.1_1788	1340	3.8e-06	4	24	341	361	0.833333333333
Reg_prop	24	CP065319.1_1788	1340	1.1e-05	2	23	516	537	0.875
Y_Y_Y	66	CP065319.1_1788	1340	3.8e-10	5	63	700	754	0.878787878788
HisKA	64	CP065319.1_1788	1340	3e-12	2	64	808	872	0.96875
HATPase_c	111	CP065319.1_1788	1340	4.5e-23	3	110	920	1039	0.963963963964
Response_reg	112	CP065319.1_1788	1340	2.5e-28	1	111	1085	1195	0.982142857143
HTH_18	81	CP065319.1_1788	1340	1.2e-22	3	80	1255	1331	0.950617283951
TPR_1	34	CP065319.1_181	241	3.6e-05	4	30	62	88	0.764705882353
TPR_1	34	CP065319.1_181	241	3.2e-07	3	32	98	127	0.852941176471
Peripla_BP_3	164	CP065319.1_1811	384	1.5e-32	1	164	108	267	0.993902439024
HTH_18	81	CP065319.1_1811	384	4.7e-20	3	80	299	375	0.950617283951
TPR_2	34	CP065319.1_1817	561	1.2e-05	3	32	220	249	0.852941176471
TPR_1	34	CP065319.1_183	278	2.2e-10	1	34	81	114	0.970588235294
HTH_3	55	CP065319.1_1845	107	2.9e-15	4	52	50	98	0.872727272727
CYTH	179	CP065319.1_1859	156	1.3e-11	2	170	3	143	0.938547486034
FUR	120	CP065319.1_1865	238	0.0001	16	61	57	102	0.375
Reg_prop	24	CP065319.1_187	1329	1.3e-05	2	24	341	363	0.916666666667
Y_Y_Y	66	CP065319.1_187	1329	7.8e-19	1	65	695	759	0.969696969697
HisKA	64	CP065319.1_187	1329	2.7e-08	2	61	800	862	0.921875
HATPase_c	111	CP065319.1_187	1329	3.1e-24	3	110	913	1022	0.963963963964
Response_reg	112	CP065319.1_187	1329	6.9e-23	1	111	1065	1175	0.982142857143
HTH_18	81	CP065319.1_187	1329	2.3e-19	1	80	1235	1313	0.975308641975
Fer4	24	CP065319.1_189	468	4.8e-06	6	21	430	445	0.625
HTH_18	81	CP065319.1_19	301	4.9e-23	2	79	221	297	0.950617283951
Fer4	24	CP065319.1_190	503	1.4e-05	1	23	217	239	0.916666666667
Fer4	24	CP065319.1_190	503	4.7e-06	2	24	245	267	0.916666666667
Fer4	24	CP065319.1_190	503	8.1e-06	7	23	353	369	0.666666666667
Fer4	24	CP065319.1_190	503	8.8e-06	10	24	437	451	0.583333333333
Fer4	24	CP065319.1_190	503	1.5e-08	1	20	466	485	0.791666666667
ATPase_2	233	CP065319.1_1913	450	1.8e-19	1	231	3	209	0.987124463519
Reg_prop	24	CP065319.1_1931	1341	1.3e-05	1	24	34	57	0.958333333333
Reg_prop	24	CP065319.1_1931	1341	3.2e-05	4	24	531	551	0.833333333333
Y_Y_Y	66	CP065319.1_1931	1341	8.4e-23	2	65	711	773	0.954545454545
HisKA	64	CP065319.1_1931	1341	4.1e-12	4	64	831	893	0.9375
HATPase_c	111	CP065319.1_1931	1341	1.9e-21	2	110	940	1048	0.972972972973
Response_reg	112	CP065319.1_1931	1341	3.7e-25	1	111	1084	1194	0.982142857143
HTH_18	81	CP065319.1_1931	1341	2.5e-21	1	79	1254	1330	0.962962962963
Peptidase_M23	96	CP065319.1_1932	430	8.6e-19	3	96	331	423	0.96875
TPR_1	34	CP065319.1_1934	591	5.3e-07	7	34	228	255	0.794117647059
TPR_2	34	CP065319.1_1934	591	6.1e-05	3	31	509	537	0.823529411765
TPR_2	34	CP065319.1_1934	591	4.8e-05	8	29	549	570	0.617647058824
HD	122	CP065319.1_1936	448	7.1e-11	1	50	62	133	0.401639344262
Sigma70_r2	71	CP065319.1_1940	168	2.9e-16	6	67	14	73	0.859154929577
Sigma70_r4_2	54	CP065319.1_1940	168	2.4e-15	3	54	109	159	0.944444444444
TPR_2	34	CP065319.1_1956	565	1.5e-06	1	33	102	134	0.941176470588
TPR_1	34	CP065319.1_1956	565	7.1e-08	5	28	226	249	0.676470588235
HATPase_c	111	CP065319.1_1963	653	1.1e-23	4	94	41	149	0.810810810811
Reg_prop	24	CP065319.1_1976	994	8.1e-06	1	24	35	58	0.958333333333
Reg_prop	24	CP065319.1_1976	994	1.6e-05	8	24	179	195	0.666666666667
Y_Y_Y	66	CP065319.1_1976	994	5.8e-22	1	66	736	800	0.984848484848
HTH_18	81	CP065319.1_1976	994	1.5e-22	1	80	903	981	0.975308641975
FecR	96	CP065319.1_199	331	7.7e-19	2	95	118	212	0.96875
Sigma70_r2	71	CP065319.1_1992	170	8e-16	6	68	14	74	0.87323943662
Sigma70_r4_2	54	CP065319.1_1992	170	1.3e-16	3	53	106	156	0.925925925926
HATPase_c	111	CP065319.1_1996	589	1.3e-07	10	97	32	126	0.783783783784
SKI	158	CP065319.1_1998	176	1.4e-45	1	157	10	169	0.987341772152
Sigma70_r2	71	CP065319.1_200	207	1.4e-14	2	69	32	97	0.943661971831
Sigma70_r4_2	54	CP065319.1_200	207	8.7e-15	4	54	130	180	0.925925925926
Aminotran_1_2	363	CP065319.1_2017	351	1.9e-39	6	363	9	344	0.98347107438
LacI	46	CP065319.1_2059	337	3.1e-12	1	46	4	52	0.978260869565
Peripla_BP_1	279	CP065319.1_2059	337	6e-19	2	196	64	259	0.695340501792
SIS	131	CP065319.1_2064	193	4.3e-13	53	110	110	167	0.435114503817
Reg_prop	24	CP065319.1_2077	1355	9.6e-06	1	23	242	264	0.916666666667
Reg_prop	24	CP065319.1_2077	1355	8.1e-06	1	23	289	311	0.916666666667
Reg_prop	24	CP065319.1_2077	1355	2.8e-08	1	24	525	548	0.958333333333
Y_Y_Y	66	CP065319.1_2077	1355	2.4e-10	12	48	718	754	0.545454545455
HisKA	64	CP065319.1_2077	1355	2.1e-11	1	64	822	888	0.984375
HATPase_c	111	CP065319.1_2077	1355	5.5e-28	2	109	935	1045	0.963963963964
Response_reg	112	CP065319.1_2077	1355	7.5e-26	2	110	1095	1203	0.964285714286
HTH_18	81	CP065319.1_2077	1355	2.2e-19	2	80	1261	1339	0.962962962963
TetR_N	47	CP065319.1_2098	205	1.1e-11	2	47	9	54	0.957446808511
SIS	131	CP065319.1_2107	202	3.8e-24	3	130	37	169	0.969465648855
PfkB	302	CP065319.1_2108	307	3.2e-34	33	298	24	298	0.877483443709
Y_Y_Y	66	CP065319.1_2111	1357	5.6e-17	1	65	712	775	0.969696969697
HisKA	64	CP065319.1_2111	1357	7e-10	1	64	830	896	0.984375
HATPase_c	111	CP065319.1_2111	1357	7.7e-20	2	109	942	1055	0.963963963964
Response_reg	112	CP065319.1_2111	1357	1.1e-22	1	111	1098	1208	0.982142857143
HTH_18	81	CP065319.1_2111	1357	2.2e-20	1	80	1266	1344	0.975308641975
AAA	132	CP065319.1_2123	345	3.6e-19	1	131	59	183	0.984848484848
Pribosyltran	159	CP065319.1_2131	177	2e-16	3	120	29	149	0.735849056604
Response_reg	112	CP065319.1_2140	260	1.3e-22	1	109	10	118	0.964285714286
LytTR	98	CP065319.1_2140	260	2.1e-07	5	96	162	255	0.928571428571
TPR_1	34	CP065319.1_2141	684	8.1e-05	2	28	125	151	0.764705882353
TPR_2	34	CP065319.1_2141	684	5.7e-07	3	27	246	270	0.705882352941
HATPase_c	111	CP065319.1_2141	684	6.2e-07	14	109	582	677	0.855855855856
HEM4	232	CP065319.1_2170	249	1.5e-38	7	231	24	236	0.965517241379
HTH_7	45	CP065319.1_219	204	4.5e-07	12	44	153	186	0.711111111111
Pyr_redox_2	292	CP065319.1_2199	448	1.6e-74	1	292	3	319	0.996575342466
Reg_prop	24	CP065319.1_2208	1318	3.2e-06	1	24	37	60	0.958333333333
Y_Y_Y	66	CP065319.1_2208	1318	4.1e-17	2	65	697	759	0.954545454545
HisKA	64	CP065319.1_2208	1318	2.8e-13	2	60	815	876	0.90625
HATPase_c	111	CP065319.1_2208	1318	8.5e-17	2	108	926	1036	0.954954954955
Response_reg	112	CP065319.1_2208	1318	4.8e-26	1	111	1071	1180	0.982142857143
HTH_18	81	CP065319.1_2208	1318	1.9e-24	1	80	1238	1316	0.975308641975
STAS	117	CP065319.1_2211	560	6.7e-16	5	115	448	548	0.940170940171
Reg_prop	24	CP065319.1_2215	625	2.7e-05	5	23	81	99	0.75
Reg_prop	24	CP065319.1_2215	625	1.2e-07	1	24	124	147	0.958333333333
Reg_prop	24	CP065319.1_2215	625	3.4e-05	2	22	219	239	0.833333333333
Y_Y_Y	66	CP065319.1_2215	625	1.5e-16	4	53	279	326	0.742424242424
HisKA	64	CP065319.1_2215	625	7.7e-14	2	62	338	401	0.9375
HATPase_c	111	CP065319.1_2215	625	2.5e-24	2	108	449	558	0.954954954955
HTH_18	81	CP065319.1_2216	143	1.1e-22	1	80	48	126	0.975308641975
AAA	132	CP065319.1_2217	426	3.5e-05	2	74	40	120	0.545454545455
FecR	96	CP065319.1_2225	397	1.5e-18	4	95	191	282	0.947916666667
Sigma70_r2	71	CP065319.1_2226	170	4.6e-13	2	69	11	75	0.943661971831
Sigma70_r4_2	54	CP065319.1_2226	170	5e-12	3	52	105	154	0.907407407407
HTH_IclR	52	CP065319.1_224	282	4.4e-05	19	50	65	96	0.596153846154
Reg_prop	24	CP065319.1_2262	1337	1.9e-06	1	24	41	64	0.958333333333
Reg_prop	24	CP065319.1_2262	1337	1.1e-05	2	23	301	322	0.875
Y_Y_Y	66	CP065319.1_2262	1337	4.8e-16	1	65	697	761	0.969696969697
HisKA	64	CP065319.1_2262	1337	1.5e-14	3	62	818	880	0.921875
HATPase_c	111	CP065319.1_2262	1337	9.7e-24	4	108	931	1039	0.936936936937
Response_reg	112	CP065319.1_2262	1337	1.6e-24	1	109	1090	1198	0.964285714286
HTH_18	81	CP065319.1_2262	1337	1.4e-16	3	81	1258	1334	0.962962962963
AraC_binding	136	CP065319.1_2280	114	9.9e-05	18	60	49	91	0.308823529412
PALP	294	CP065319.1_2281	316	2.3e-69	2	293	9	296	0.989795918367
Reg_prop	24	CP065319.1_2287	1321	1.6e-05	1	23	37	59	0.916666666667
Reg_prop	24	CP065319.1_2287	1321	3.3e-05	2	23	298	319	0.875
Reg_prop	24	CP065319.1_2287	1321	2.3e-05	1	23	557	579	0.916666666667
Y_Y_Y	66	CP065319.1_2287	1321	1.1e-12	1	65	689	752	0.969696969697
HisKA	64	CP065319.1_2287	1321	6e-12	3	63	794	857	0.9375
HATPase_c	111	CP065319.1_2287	1321	5.7e-24	6	110	909	1015	0.936936936937
Response_reg	112	CP065319.1_2287	1321	4.8e-26	2	111	1055	1164	0.973214285714
HTH_18	81	CP065319.1_2287	1321	6e-21	1	78	1242	1317	0.950617283951
Fer4	24	CP065319.1_2299	252	2.2e-06	4	21	159	176	0.708333333333
Peripla_BP_2	238	CP065319.1_230	380	5.9e-22	1	212	97	310	0.886554621849
Pyr_redox_2	292	CP065319.1_2300	660	2.2e-06	2	111	36	233	0.373287671233
HTH_18	81	CP065319.1_2303	290	1.2e-18	6	80	204	277	0.913580246914
Reg_prop	24	CP065319.1_2305	1373	1.2e-06	1	23	34	56	0.916666666667
Reg_prop	24	CP065319.1_2305	1373	3.5e-07	1	23	226	248	0.916666666667
Reg_prop	24	CP065319.1_2305	1373	2.7e-05	1	24	328	351	0.958333333333
Reg_prop	24	CP065319.1_2305	1373	2.9e-06	2	24	379	401	0.916666666667
Reg_prop	24	CP065319.1_2305	1373	2.6e-05	2	23	423	444	0.875
Reg_prop	24	CP065319.1_2305	1373	1.5e-05	2	24	511	533	0.916666666667
Reg_prop	24	CP065319.1_2305	1373	5e-05	2	23	555	576	0.875
Reg_prop	24	CP065319.1_2305	1373	5.6e-05	1	23	598	620	0.916666666667
Y_Y_Y	66	CP065319.1_2305	1373	1.3e-16	1	65	731	794	0.969696969697
HisKA	64	CP065319.1_2305	1373	2.1e-15	2	63	850	914	0.953125
HATPase_c	111	CP065319.1_2305	1373	3.2e-23	7	108	967	1071	0.90990990991
Response_reg	112	CP065319.1_2305	1373	3.9e-25	2	112	1114	1224	0.982142857143
HTH_18	81	CP065319.1_2305	1373	2.5e-21	1	81	1289	1368	0.987654320988
HATPase_c	111	CP065319.1_2314	626	2.6e-14	3	108	49	179	0.945945945946
Sigma70_r2	71	CP065319.1_2321	168	2e-16	6	67	14	73	0.859154929577
Sigma70_r4_2	54	CP065319.1_2321	168	3e-15	3	54	109	159	0.944444444444
HTH_11	55	CP065319.1_2324	155	2.9e-07	3	47	9	52	0.8
AsnC_trans_reg	75	CP065319.1_2324	155	5.7e-21	1	75	70	142	0.986666666667
Reg_prop	24	CP065319.1_2342	1339	7.1e-07	1	24	37	60	0.958333333333
Reg_prop	24	CP065319.1_2342	1339	7.1e-07	2	23	83	104	0.875
Reg_prop	24	CP065319.1_2342	1339	1.6e-06	1	23	313	335	0.916666666667
Reg_prop	24	CP065319.1_2342	1339	1e-05	1	24	360	383	0.958333333333
Reg_prop	24	CP065319.1_2342	1339	1.7e-05	1	24	581	604	0.958333333333
Y_Y_Y	66	CP065319.1_2342	1339	5e-18	2	65	717	779	0.954545454545
HisKA	64	CP065319.1_2342	1339	1.8e-15	2	63	835	899	0.953125
HATPase_c	111	CP065319.1_2342	1339	1.6e-15	5	108	950	1057	0.927927927928
Response_reg	112	CP065319.1_2342	1339	1.6e-25	1	109	1094	1202	0.964285714286
HTH_18	81	CP065319.1_2342	1339	5.6e-20	1	78	1260	1336	0.950617283951
HATPase_c	111	CP065319.1_2378	518	1.3e-18	3	107	413	515	0.936936936937
TPR_2	34	CP065319.1_2381	565	6.8e-07	2	31	389	418	0.852941176471
AAA	132	CP065319.1_2388	402	2.1e-05	3	70	29	100	0.507575757576
HTH_3	55	CP065319.1_2397	148	1.1e-12	1	49	6	54	0.872727272727
GerE	57	CP065319.1_2399	184	1.1e-19	2	57	121	176	0.964912280702
Aminotran_1_2	363	CP065319.1_24	427	3.2e-09	69	315	83	332	0.677685950413
AAA	132	CP065319.1_2410	212	2.5e-08	1	69	72	143	0.515151515152
Peptidase_M23	96	CP065319.1_244	519	1.7e-19	2	90	211	311	0.916666666667
Peptidase_M23	96	CP065319.1_247	277	4.6e-11	2	95	46	130	0.96875
TPR_1	34	CP065319.1_2481	1012	6.5e-05	3	27	112	136	0.705882352941
TPR_2	34	CP065319.1_2481	1012	6.7e-06	1	31	515	545	0.882352941176
TPR_1	34	CP065319.1_2481	1012	1.4e-06	1	30	554	583	0.852941176471
TPR_1	34	CP065319.1_2481	1012	2.8e-08	6	32	668	694	0.764705882353
ATPase_2	233	CP065319.1_2482	437	2.5e-15	1	231	3	208	0.987124463519
NUDIX	131	CP065319.1_2483	175	6.6e-18	4	118	42	155	0.870229007634
PfkB	302	CP065319.1_2490	312	6.4e-67	3	301	2	292	0.986754966887
PfkB	302	CP065319.1_2491	303	1.6e-70	2	300	5	295	0.986754966887
LacI	46	CP065319.1_2492	339	8e-12	1	46	4	52	0.978260869565
Peripla_BP_1	279	CP065319.1_2492	339	1.2e-38	2	269	64	319	0.956989247312
Sigma70_r2	71	CP065319.1_2507	194	4.2e-11	2	69	29	94	0.943661971831
Sigma70_r4_2	54	CP065319.1_2507	194	1.3e-15	3	53	126	176	0.925925925926
FecR	96	CP065319.1_2508	319	1.8e-19	8	95	113	201	0.90625
PfkB	302	CP065319.1_2514	330	1.1e-49	24	299	46	313	0.91059602649
HTH_18	81	CP065319.1_2524	292	1.5e-17	1	80	211	289	0.975308641975
Pribosyltran	159	CP065319.1_2525	218	2.2e-10	27	133	70	175	0.666666666667
HTH_3	55	CP065319.1_2531	192	5.8e-14	1	53	11	63	0.945454545455
cNMP_binding	88	CP065319.1_2552	188	1.5e-11	2	87	27	114	0.965909090909
Crp	32	CP065319.1_2552	188	9.4e-05	11	27	170	186	0.5
cNMP_binding	88	CP065319.1_2553	191	8.6e-09	3	87	29	116	0.954545454545
NUDIX	131	CP065319.1_2559	209	1.1e-10	9	120	78	186	0.847328244275
Peptidase_M23	96	CP065319.1_256	218	6.8e-24	2	96	103	195	0.979166666667
cNMP_binding	88	CP065319.1_2560	188	5.5e-11	2	87	29	115	0.965909090909
HD	122	CP065319.1_2579	692	1.1e-20	1	121	482	625	0.983606557377
CbiA	128	CP065319.1_263	252	2e-28	1	127	5	226	0.984375
TetR_N	47	CP065319.1_2646	217	2.8e-15	1	47	19	65	0.978723404255
HTH_11	55	CP065319.1_2651	139	1.6e-07	2	45	71	113	0.781818181818
Penicillinase_R	115	CP065319.1_2682	124	3.4e-29	1	112	4	115	0.965217391304
HTH_18	81	CP065319.1_2693	267	3.2e-19	1	80	176	255	0.975308641975
TetR_N	47	CP065319.1_2694	201	6e-07	11	46	20	55	0.744680851064
Fer4	24	CP065319.1_2696	269	6.6e-08	3	21	186	204	0.75
Fer4	24	CP065319.1_2696	269	1.2e-06	4	23	216	235	0.791666666667
Glyoxalase	128	CP065319.1_2697	122	3.8e-05	3	126	3	115	0.9609375
Penicillinase_R	115	CP065319.1_2698	122	2.7e-26	1	113	4	115	0.973913043478
HisKA	64	CP065319.1_2705	535	5.5e-19	2	64	62	126	0.96875
HATPase_c	111	CP065319.1_2705	535	8.8e-26	2	109	172	278	0.963963963964
Response_reg	112	CP065319.1_2705	535	3.8e-21	1	109	302	412	0.964285714286
Response_reg	112	CP065319.1_2706	441	8.8e-18	1	108	6	113	0.955357142857
AAA	132	CP065319.1_2706	441	1e-08	1	120	157	282	0.901515151515
HTH_8	42	CP065319.1_2706	441	5.8e-14	6	42	395	431	0.857142857143
FUR	120	CP065319.1_2746	141	6.7e-06	4	94	15	108	0.75
HTH_3	55	CP065319.1_2754	66	3.9e-11	4	52	10	58	0.872727272727
Glucokinase	316	CP065319.1_2765	327	2.2e-07	4	266	14	272	0.829113924051
MarR	59	CP065319.1_2773	118	5.5e-12	1	58	27	85	0.966101694915
Pyr_redox_2	292	CP065319.1_2774	812	1.5e-62	2	276	2	284	0.938356164384
Rhodanese	107	CP065319.1_2774	812	7.3e-15	13	106	466	544	0.869158878505
CbiA	128	CP065319.1_2822	252	6.7e-13	1	119	8	210	0.921875
MASE2	89	CP065319.1_2835	79	8.6e-05	4	38	15	48	0.38202247191
Response_reg	112	CP065319.1_2842	252	3.2e-13	1	111	3	111	0.982142857143
LytTR	98	CP065319.1_2842	252	2.7e-20	4	97	153	249	0.948979591837
HATPase_c	111	CP065319.1_2860	456	9.5e-29	1	110	85	193	0.981981981982
Response_reg	112	CP065319.1_2860	456	3e-25	1	108	216	325	0.955357142857
Response_reg	112	CP065319.1_2861	439	1.5e-24	1	110	5	113	0.973214285714
AAA	132	CP065319.1_2861	439	3.8e-06	1	126	156	287	0.94696969697
HTH_8	42	CP065319.1_2861	439	5.3e-16	3	42	396	435	0.928571428571
FecR	96	CP065319.1_2874	385	4.4e-17	3	95	171	264	0.958333333333
Sigma70_r2	71	CP065319.1_2875	189	5.7e-09	2	66	26	88	0.901408450704
Sigma70_r4_2	54	CP065319.1_2875	189	4.7e-10	2	50	122	169	0.888888888889
Reg_prop	24	CP065319.1_2876	1321	2.1e-05	1	24	34	57	0.958333333333
Reg_prop	24	CP065319.1_2876	1321	6.3e-05	1	24	79	101	0.958333333333
Reg_prop	24	CP065319.1_2876	1321	5.6e-05	6	24	475	493	0.75
Reg_prop	24	CP065319.1_2876	1321	3.3e-06	2	24	517	539	0.916666666667
Reg_prop	24	CP065319.1_2876	1321	1.7e-05	2	23	562	583	0.875
Y_Y_Y	66	CP065319.1_2876	1321	1.3e-19	1	65	698	761	0.969696969697
HisKA	64	CP065319.1_2876	1321	2.7e-12	4	63	819	877	0.921875
HATPase_c	111	CP065319.1_2876	1321	2.3e-22	2	109	925	1030	0.963963963964
Response_reg	112	CP065319.1_2876	1321	1.3e-28	2	111	1066	1175	0.973214285714
HTH_18	81	CP065319.1_2876	1321	3e-22	1	80	1236	1313	0.975308641975
FecR	96	CP065319.1_2885	315	1.8e-22	2	95	104	198	0.96875
Sigma70_r2	71	CP065319.1_2886	183	4.4e-11	2	69	11	76	0.943661971831
Sigma70_r4_2	54	CP065319.1_2886	183	1.1e-12	4	54	117	167	0.925925925926
Reg_prop	24	CP065319.1_2911	1337	1.5e-05	2	24	347	369	0.916666666667
Y_Y_Y	66	CP065319.1_2911	1337	1.1e-16	1	65	701	765	0.969696969697
HisKA	64	CP065319.1_2911	1337	1.5e-07	2	62	806	869	0.9375
HATPase_c	111	CP065319.1_2911	1337	3.2e-22	2	109	918	1027	0.963963963964
Response_reg	112	CP065319.1_2911	1337	1.2e-26	1	111	1073	1183	0.982142857143
HTH_18	81	CP065319.1_2911	1337	2e-19	2	78	1242	1317	0.938271604938
Sigma70_r2	71	CP065319.1_2913	197	1.9e-11	2	69	24	89	0.943661971831
Sigma70_r4_2	54	CP065319.1_2913	197	2.9e-18	2	54	127	179	0.962962962963
FecR	96	CP065319.1_2914	338	8.7e-20	3	96	127	221	0.96875
FecR	96	CP065319.1_2933	397	4.1e-18	2	95	187	279	0.96875
Sigma70_r2	71	CP065319.1_2934	194	8.8e-14	1	69	23	89	0.957746478873
Sigma70_r4_2	54	CP065319.1_2934	194	8.6e-15	4	52	120	167	0.888888888889
Aminotran_1_2	363	CP065319.1_2939	398	2.9e-75	2	363	32	389	0.994490358127
Fer4	24	CP065319.1_2940	57	3.4e-10	2	24	3	25	0.916666666667
Fer4	24	CP065319.1_2940	57	6.3e-11	2	23	31	52	0.875
GerE	57	CP065319.1_2948	201	1.7e-19	2	57	134	189	0.964912280702
Pyr_redox_2	292	CP065319.1_2949	551	1.5e-06	2	111	84	252	0.373287671233
AAA	132	CP065319.1_2950	456	9.4e-06	1	117	93	223	0.878787878788
ACT	67	CP065319.1_2952	812	4.1e-07	9	57	403	445	0.716417910448
PALP	294	CP065319.1_2954	434	9.4e-30	24	290	93	379	0.904761904762
Aminotran_1_2	363	CP065319.1_2962	429	1.9e-10	18	237	37	226	0.603305785124
MarR	59	CP065319.1_2963	157	5.8e-08	5	50	11	56	0.762711864407
AsnC_trans_reg	75	CP065319.1_2963	157	3.3e-22	2	74	74	146	0.96
HxlR	91	CP065319.1_2976	128	1.6e-31	3	89	24	111	0.945054945055
Response_reg	112	CP065319.1_2989	441	4.5e-18	1	108	6	113	0.955357142857
AAA	132	CP065319.1_2989	441	1.5e-09	1	124	157	286	0.931818181818
HTH_8	42	CP065319.1_2989	441	5.8e-14	6	42	395	431	0.857142857143
HisKA	64	CP065319.1_2990	770	3.3e-16	2	64	297	361	0.96875
HATPase_c	111	CP065319.1_2990	770	2.7e-25	2	110	407	514	0.972972972973
Response_reg	112	CP065319.1_2990	770	3.5e-21	1	109	537	647	0.964285714286
HTH_18	81	CP065319.1_2994	274	7.7e-20	2	77	180	257	0.925925925926
TPR_2	34	CP065319.1_3031	228	5.6e-06	5	34	77	106	0.852941176471
FecR	96	CP065319.1_3044	388	2.4e-18	6	95	157	247	0.927083333333
Sigma70_r2	71	CP065319.1_3045	199	2.3e-08	1	66	29	91	0.915492957746
Sigma70_r4_2	54	CP065319.1_3045	199	2.2e-14	4	53	130	179	0.907407407407
AAA	132	CP065319.1_3063	325	3.6e-07	1	130	49	182	0.977272727273
NTP_transf_2	95	CP065319.1_3066	98	1.1e-14	1	80	11	83	0.831578947368
AAA	132	CP065319.1_3068	138	1.2e-06	3	45	30	73	0.318181818182
cNMP_binding	88	CP065319.1_3074	190	2.4e-15	3	88	28	115	0.965909090909
EPSP_synthase	417	CP065319.1_3075	411	8e-76	85	417	63	399	0.796163069544
GerE	57	CP065319.1_3078	260	1.9e-19	2	56	196	250	0.947368421053
FecR	96	CP065319.1_3086	293	1.9e-22	8	95	84	172	0.90625
Sigma70_r2	71	CP065319.1_3088	185	7.3e-09	2	70	26	92	0.957746478873
Sigma70_r4_2	54	CP065319.1_3088	185	1.6e-15	6	54	126	174	0.888888888889
HisKA	64	CP065319.1_3091	519	2.6e-13	1	62	288	354	0.953125
HATPase_c	111	CP065319.1_3091	519	5.6e-25	2	109	403	514	0.963963963964
Response_reg	112	CP065319.1_3092	234	1.3e-27	1	111	7	116	0.982142857143
Trans_reg_C	77	CP065319.1_3092	234	8.7e-20	1	77	152	226	0.987012987013
MarR	59	CP065319.1_3094	149	3e-12	1	57	39	95	0.949152542373
Nitroreductase	170	CP065319.1_3112	247	7.2e-17	2	170	6	160	0.988235294118
AAA	132	CP065319.1_3113	471	3.8e-08	2	125	170	284	0.931818181818
HD	122	CP065319.1_3120	179	3.1e-12	2	119	22	140	0.959016393443
Peripla_BP_2	238	CP065319.1_3137	378	1.1e-28	1	232	97	328	0.970588235294
TrkA_C	70	CP065319.1_3145	555	5.3e-11	4	69	214	279	0.928571428571
TrkA_C	70	CP065319.1_3145	555	9.6e-14	6	70	301	365	0.914285714286
B12-binding	121	CP065319.1_3147	716	1.6e-16	2	116	588	700	0.942148760331
HxlR	91	CP065319.1_3151	116	1.1e-26	1	87	20	106	0.945054945055
HisKA	64	CP065319.1_3159	468	2.3e-11	2	64	242	308	0.96875
HATPase_c	111	CP065319.1_3159	468	4.3e-22	7	107	359	461	0.900900900901
Response_reg	112	CP065319.1_3160	233	2.5e-25	1	111	6	116	0.982142857143
Trans_reg_C	77	CP065319.1_3160	233	2.5e-24	1	76	157	229	0.974025974026
SBP_bac_1	315	CP065319.1_3165	346	3.4e-09	22	314	48	310	0.926984126984
ACT	67	CP065319.1_3178	186	1e-12	1	64	7	70	0.940298507463
Citrate_synt	361	CP065319.1_3184	448	2.2e-114	3	361	40	431	0.991689750693
HTH_IclR	52	CP065319.1_3204	160	4.4e-05	7	49	12	53	0.807692307692
AsnC_trans_reg	75	CP065319.1_3204	160	1.7e-18	2	74	73	142	0.96
Sigma70_r2	71	CP065319.1_3209	184	2.2e-17	1	69	25	92	0.957746478873
Sigma70_r4_2	54	CP065319.1_3209	184	5.3e-14	3	54	118	169	0.944444444444
HD	122	CP065319.1_3231	478	4.6e-15	2	97	264	353	0.77868852459
Response_reg	112	CP065319.1_3235	992	6.7e-05	27	98	66	138	0.633928571429
Response_reg	112	CP065319.1_3235	992	2.5e-06	12	100	207	302	0.785714285714
CbiA	128	CP065319.1_324	261	1.6e-09	1	120	8	211	0.9296875
HTH_3	55	CP065319.1_3256	61	1.2e-09	4	52	1	49	0.872727272727
Peptidase_M23	96	CP065319.1_3268	287	6.5e-27	2	96	185	280	0.979166666667
EPSP_synthase	417	CP065319.1_3270	435	1e-62	2	416	7	423	0.992805755396
TPR_1	34	CP065319.1_328	432	2.1e-10	1	34	81	114	0.970588235294
TPR_1	34	CP065319.1_328	432	3.5e-09	1	34	115	148	0.970588235294
TPR_1	34	CP065319.1_328	432	5.1e-09	1	34	149	182	0.970588235294
TPR_1	34	CP065319.1_328	432	4.3e-08	1	34	183	216	0.970588235294
TPR_1	34	CP065319.1_328	432	2.6e-09	1	34	217	250	0.970588235294
TPR_1	34	CP065319.1_328	432	1.1e-07	2	34	252	284	0.941176470588
TPR_1	34	CP065319.1_328	432	9.5e-11	1	34	285	318	0.970588235294
TPR_2	34	CP065319.1_328	432	7e-08	1	34	353	386	0.970588235294
Aminotran_1_2	363	CP065319.1_3286	427	9.2e-05	67	190	76	186	0.338842975207
AAA	132	CP065319.1_3297	369	2e-10	1	130	199	320	0.977272727273
TPR_1	34	CP065319.1_330	579	5.4e-09	1	34	59	92	0.970588235294
TPR_1	34	CP065319.1_330	579	5.6e-08	3	34	95	126	0.911764705882
TPR_1	34	CP065319.1_330	579	1.9e-07	1	32	127	158	0.911764705882
TPR_1	34	CP065319.1_330	579	1.1e-08	3	33	163	193	0.882352941176
TPR_2	34	CP065319.1_330	579	4.6e-08	1	34	228	261	0.970588235294
PALP	294	CP065319.1_3307	317	3.1e-70	2	294	9	297	0.993197278912
TPR_1	34	CP065319.1_3308	273	3.6e-07	2	32	59	89	0.882352941176
TPR_2	34	CP065319.1_3308	273	1.3e-05	2	33	127	158	0.911764705882
TPR_1	34	CP065319.1_3308	273	7.5e-07	1	30	228	257	0.852941176471
HTH_18	81	CP065319.1_3310	155	5.6e-19	1	80	66	147	0.975308641975
FUR	120	CP065319.1_3313	163	2.5e-25	2	120	21	139	0.983333333333
Fer4	24	CP065319.1_3324	483	4e-08	2	23	139	160	0.875
Fer4	24	CP065319.1_3324	483	6.8e-12	3	23	186	206	0.833333333333
GAF	133	CP065319.1_3336	157	4.3e-11	6	126	37	152	0.902255639098
GerE	57	CP065319.1_3343	254	2.7e-19	2	56	192	246	0.947368421053
PfkB	302	CP065319.1_3355	296	9.9e-39	33	300	20	287	0.884105960265
Peripla_BP_1	279	CP065319.1_3359	941	1.2e-20	11	206	43	242	0.698924731183
HisKA	64	CP065319.1_3359	941	5.2e-11	5	64	430	492	0.921875
HATPase_c	111	CP065319.1_3359	941	6.5e-24	2	109	540	649	0.963963963964
Response_reg	112	CP065319.1_3359	941	4.1e-25	1	111	695	805	0.982142857143
HTH_18	81	CP065319.1_3359	941	5.5e-23	3	81	861	938	0.962962962963
Fer4	24	CP065319.1_3360	1184	2.1e-08	1	24	683	706	0.958333333333
Fer4	24	CP065319.1_3360	1184	2e-05	2	21	738	757	0.791666666667
HisKA	64	CP065319.1_3378	481	9e-11	2	64	259	325	0.96875
HATPase_c	111	CP065319.1_3378	481	8.6e-23	8	108	377	479	0.900900900901
Response_reg	112	CP065319.1_3379	233	7.6e-25	1	111	6	116	0.982142857143
Trans_reg_C	77	CP065319.1_3379	233	1.4e-23	1	76	157	229	0.974025974026
SBP_bac_1	315	CP065319.1_3381	338	7e-12	14	314	33	302	0.952380952381
Glyoxalase	128	CP065319.1_3398	135	2.1e-14	2	118	6	118	0.90625
Nitroreductase	170	CP065319.1_3403	185	5.3e-15	1	54	14	67	0.311764705882
Nitroreductase	170	CP065319.1_3403	185	8.3e-09	81	170	71	158	0.523529411765
TPR_1	34	CP065319.1_3408	736	1.7e-05	7	33	576	602	0.764705882353
TPR_1	34	CP065319.1_3408	736	5.8e-07	2	32	639	669	0.882352941176
HhH-GPD	108	CP065319.1_3413	226	7.6e-22	1	107	35	171	0.981481481481
HTH_Mga	60	CP065319.1_342	137	6.2e-05	19	40	49	70	0.35
Sigma70_r2	71	CP065319.1_3440	172	8.9e-11	1	69	11	77	0.957746478873
Sigma70_r4_2	54	CP065319.1_3440	172	1e-13	3	53	108	158	0.925925925926
HTH_3	55	CP065319.1_3457	353	2.9e-06	11	54	16	60	0.781818181818
HTH_18	81	CP065319.1_346	293	3.9e-20	1	80	213	291	0.975308641975
HTH_5	47	CP065319.1_3463	334	1.7e-05	19	43	32	56	0.510638297872
HTH_3	55	CP065319.1_3464	98	3.5e-16	1	55	3	55	0.981818181818
HTH_3	55	CP065319.1_3467	83	3.7e-13	1	55	5	57	0.981818181818
AAA	132	CP065319.1_3469	258	2.1e-05	2	98	115	203	0.727272727273
TetR_N	47	CP065319.1_347	200	9.3e-08	1	47	8	54	0.978723404255
TetR_N	47	CP065319.1_3471	252	6e-08	2	47	57	102	0.957446808511
Aminotran_1_2	363	CP065319.1_349	440	2.4e-25	18	348	58	414	0.909090909091
HTH_18	81	CP065319.1_3491	289	2.8e-15	1	80	191	270	0.975308641975
AAA	132	CP065319.1_3492	258	2.1e-05	2	98	115	203	0.727272727273
FeoA	74	CP065319.1_3495	844	3.1e-18	1	72	16	86	0.959459459459
Fer4	24	CP065319.1_3497	279	2.1e-09	3	24	206	227	0.875
CbiA	128	CP065319.1_3501	441	3.1e-07	3	89	103	254	0.671875
AAA	132	CP065319.1_3506	624	7.5e-14	2	126	45	176	0.939393939394
FHA	69	CP065319.1_3521	176	1.6e-10	2	69	90	165	0.971014492754
ACT	67	CP065319.1_3527	410	1.2e-06	2	39	10	47	0.55223880597
Glyoxalase	128	CP065319.1_3538	126	8.3e-10	1	127	6	120	0.984375
Sigma70_r2	71	CP065319.1_3548	94	7.5e-10	17	69	2	52	0.732394366197
Sigma70_r2	71	CP065319.1_3556	186	1.4e-12	1	70	24	90	0.971830985915
Sigma70_r4_2	54	CP065319.1_3556	186	5e-14	2	52	119	169	0.925925925926
T2SSE	273	CP065319.1_3566	736	4.7e-05	46	161	435	553	0.421245421245
Peptidase_M23	96	CP065319.1_3574	552	1e-05	2	55	49	104	0.552083333333
Peptidase_M23	96	CP065319.1_3574	552	1.4e-05	63	96	135	170	0.34375
NUDIX	131	CP065319.1_3577	271	1.5e-18	6	130	138	255	0.946564885496
Pyr_redox_2	292	CP065319.1_3579	479	1.1e-59	1	276	25	333	0.941780821918
Response_reg	112	CP065319.1_3589	450	5.1e-25	1	112	2	116	0.991071428571
AAA	132	CP065319.1_3589	450	6.4e-08	1	111	165	283	0.833333333333
HTH_8	42	CP065319.1_3589	450	1.4e-15	1	42	404	445	0.97619047619
PAS	113	CP065319.1_3590	431	2e-05	3	47	113	157	0.389380530973
HATPase_c	111	CP065319.1_3590	431	9.2e-13	5	107	334	429	0.918918918919
HhH-GPD	108	CP065319.1_3595	349	1.5e-18	1	92	32	147	0.842592592593
CBS	57	CP065319.1_3597	451	1.3e-06	1	52	223	277	0.894736842105
CBS	57	CP065319.1_3597	451	2.7e-06	10	56	296	342	0.80701754386
HTH_3	55	CP065319.1_3608	109	1.7e-08	1	51	23	72	0.909090909091
Aminotran_1_2	363	CP065319.1_3610	400	2.9e-52	2	360	32	384	0.986225895317
GntR	64	CP065319.1_3615	251	1.1e-16	2	63	11	72	0.953125
HTH_18	81	CP065319.1_362	280	3.3e-19	1	81	200	279	0.987654320988
HD	122	CP065319.1_3627	370	2.2e-10	2	118	40	164	0.950819672131
HMA	62	CP065319.1_363	737	4.4e-18	2	62	9	69	0.967741935484
Aminotran_1_2	363	CP065319.1_3631	385	9.8e-55	3	361	39	380	0.986225895317
LacI	46	CP065319.1_3638	357	7e-17	2	46	10	54	0.95652173913
Peripla_BP_1	279	CP065319.1_3638	357	1.2e-13	15	197	80	275	0.652329749104
HMA	62	CP065319.1_364	108	3.8e-14	1	61	29	89	0.967741935484
AraC_binding	136	CP065319.1_3645	279	3.2e-05	19	64	32	77	0.330882352941
HTH_18	81	CP065319.1_3645	279	1e-18	2	77	201	275	0.925925925926
HTH_18	81	CP065319.1_3652	87	1.5e-20	1	80	4	82	0.975308641975
ACT	67	CP065319.1_3671	286	4.8e-08	3	48	7	50	0.671641791045
Aminotran_1_2	363	CP065319.1_3681	396	2e-67	2	362	42	383	0.99173553719
Nitroreductase	170	CP065319.1_371	203	1e-36	1	170	23	181	0.994117647059
TPR_1	34	CP065319.1_3720	484	1.1e-06	3	31	202	230	0.823529411765
TPR_1	34	CP065319.1_3720	484	3.9e-07	2	31	235	264	0.852941176471
TPR_1	34	CP065319.1_3720	484	3.6e-07	2	33	312	343	0.911764705882
TPR_2	34	CP065319.1_3720	484	9.8e-06	3	34	380	411	0.911764705882
Nitroreductase	170	CP065319.1_3724	179	1e-19	2	59	8	66	0.335294117647
Nitroreductase	170	CP065319.1_3724	179	6.4e-13	83	170	69	156	0.511764705882
Sigma70_r2	71	CP065319.1_3730	287	5.2e-20	2	70	55	123	0.957746478873
Sigma70_r3	78	CP065319.1_3730	287	3.3e-19	3	73	135	205	0.897435897436
Sigma70_r4	50	CP065319.1_3730	287	5.9e-21	1	50	222	274	0.98
HTH_1	60	CP065319.1_3737	309	6.9e-19	1	60	3	62	0.983333333333
LysR_substrate	209	CP065319.1_3737	309	1.1e-42	2	205	87	291	0.971291866029
Sigma70_r2	71	CP065319.1_3740	183	2.2e-16	1	69	21	89	0.957746478873
Sigma70_r4_2	54	CP065319.1_3740	183	6.2e-16	4	51	120	167	0.87037037037
Sigma70_r2	71	CP065319.1_3742	199	3.3e-13	1	68	25	91	0.943661971831
Sigma70_r4_2	54	CP065319.1_3742	199	2.1e-16	3	54	124	175	0.944444444444
FecR	96	CP065319.1_3743	327	1.1e-21	4	95	120	212	0.947916666667
HTH_18	81	CP065319.1_3764	281	9.6e-16	1	80	189	267	0.975308641975
TetR_N	47	CP065319.1_3771	205	1.2e-08	2	47	10	55	0.957446808511
SBP_bac_1	315	CP065319.1_3789	451	1.7e-07	12	310	50	316	0.946031746032
GntR	64	CP065319.1_3797	294	3e-09	24	64	1	41	0.625
Peripla_BP_3	164	CP065319.1_3797	294	1.7e-07	74	162	209	291	0.536585365854
PadR	75	CP065319.1_3803	99	3.2e-05	27	74	39	85	0.626666666667
Trans_reg_C	77	CP065319.1_3807	346	1.3e-07	2	62	270	329	0.779220779221
LacI	46	CP065319.1_3833	355	4.5e-18	2	46	10	54	0.95652173913
Peripla_BP_1	279	CP065319.1_3833	355	5.7e-07	4	203	69	279	0.713261648746
PfkB	302	CP065319.1_3834	342	1.4e-33	2	289	3	312	0.950331125828
TrkA_C	70	CP065319.1_3837	533	1.6e-12	6	68	197	259	0.885714285714
TrkA_C	70	CP065319.1_3837	533	2e-13	11	70	285	345	0.842857142857
Hemerythrin	131	CP065319.1_3842	236	6.6e-13	2	131	82	223	0.984732824427
GerE	57	CP065319.1_3843	203	3.1e-20	2	57	133	188	0.964912280702
Glycos_trans_3N	63	CP065319.1_3848	332	2.9e-12	1	61	2	62	0.952380952381
PALP	294	CP065319.1_3851	396	3e-49	4	294	56	379	0.986394557823
Ammonium_transp	399	CP065319.1_3857	480	2e-129	1	399	75	478	0.997493734336
Aminotran_1_2	363	CP065319.1_3860	411	4.6e-32	2	363	35	406	0.994490358127
Pyr_redox_2	292	CP065319.1_3864	447	1.9e-16	1	174	144	314	0.592465753425
GATase_2	420	CP065319.1_3865	1532	7.7e-172	1	420	35	449	0.997619047619
SIS	131	CP065319.1_3866	615	1.1e-31	2	130	295	422	0.977099236641
SIS	131	CP065319.1_3866	615	8e-30	5	129	470	595	0.946564885496
HTH_3	55	CP065319.1_3871	97	4.1e-12	1	46	38	83	0.818181818182
ACT	67	CP065319.1_3879	142	1.9e-05	3	31	6	34	0.417910447761
ACT	67	CP065319.1_3879	142	3e-06	2	33	71	102	0.462686567164
TPR_3	36	CP065319.1_3880	268	4.4e-06	2	24	68	90	0.611111111111
PadR	75	CP065319.1_3889	109	1.5e-21	1	73	19	88	0.96
Aminotran_1_2	363	CP065319.1_3899	609	2.3e-32	67	362	316	599	0.812672176309
ATPase_2	233	CP065319.1_391	598	5.1e-07	10	164	323	487	0.660944206009
FeS	33	CP065319.1_3929	289	2.8e-10	1	24	44	67	0.69696969697
Fer4	24	CP065319.1_3929	289	3.5e-05	8	23	142	157	0.625
Fer4	24	CP065319.1_3929	289	9.2e-09	1	24	166	189	0.958333333333
Fer4	24	CP065319.1_3929	289	3.8e-08	8	24	221	237	0.666666666667
Fer4	24	CP065319.1_3929	289	5.5e-09	2	23	244	265	0.875
B12-binding	121	CP065319.1_3975	547	1.2e-07	39	118	44	122	0.652892561983
Sigma70_r2	71	CP065319.1_398	168	1.2e-15	7	67	15	73	0.845070422535
Sigma70_r4_2	54	CP065319.1_398	168	1.1e-14	3	54	109	159	0.944444444444
AAA	132	CP065319.1_3985	258	2.1e-05	2	98	115	203	0.727272727273
SpoIIE	193	CP065319.1_3986	208	1.6e-06	4	138	28	180	0.694300518135
MerR	38	CP065319.1_3990	68	3.1e-05	7	36	21	49	0.763157894737
HTH_3	55	CP065319.1_3993	151	1.3e-08	3	49	16	61	0.836363636364
Trans_reg_C	77	CP065319.1_4010	352	3.5e-05	3	60	276	334	0.74025974026
AAA	132	CP065319.1_404	427	2.2e-19	2	126	42	148	0.939393939394
TrkA_C	70	CP065319.1_4042	489	7.3e-11	16	61	437	481	0.642857142857
AAA	132	CP065319.1_4044	285	2.4e-05	1	98	27	124	0.734848484848
HATPase_c	111	CP065319.1_4044	285	2.5e-19	2	106	181	282	0.936936936937
Response_reg	112	CP065319.1_4045	71	8.5e-07	1	53	7	58	0.464285714286
Response_reg	112	CP065319.1_415	233	1.2e-19	3	109	7	109	0.946428571429
LytTR	98	CP065319.1_415	233	9.3e-21	2	97	137	228	0.969387755102
TrkA_C	70	CP065319.1_426	555	2.8e-10	7	70	209	272	0.9
TrkA_C	70	CP065319.1_426	555	5.5e-14	6	70	299	364	0.914285714286
AAA	132	CP065319.1_428	573	3.2e-05	2	129	88	221	0.962121212121
cNMP_binding	88	CP065319.1_431	195	8.2e-09	2	87	35	121	0.965909090909
HTH_18	81	CP065319.1_432	301	1.6e-22	1	80	220	298	0.975308641975
Fe_dep_repress	60	CP065319.1_477	403	6.7e-05	27	53	36	62	0.433333333333
Pribosyltran	159	CP065319.1_486	191	2.4e-05	33	127	54	156	0.591194968553
Fer4	24	CP065319.1_487	295	1.6e-07	5	23	232	250	0.75
Fer4	24	CP065319.1_487	295	2.7e-05	7	23	262	278	0.666666666667
TPR_1	34	CP065319.1_492	677	4.7e-07	3	34	92	123	0.911764705882
TPR_1	34	CP065319.1_492	677	4.1e-05	2	32	159	189	0.882352941176
TPR_1	34	CP065319.1_492	677	6.5e-05	1	30	192	221	0.852941176471
TPR_1	34	CP065319.1_492	677	6.5e-06	4	34	229	259	0.882352941176
TPR_1	34	CP065319.1_492	677	8e-05	3	34	262	293	0.911764705882
TPR_1	34	CP065319.1_492	677	9.9e-05	5	34	298	327	0.852941176471
TPR_1	34	CP065319.1_492	677	1.2e-11	2	34	597	629	0.941176470588
TrkA_C	70	CP065319.1_501	518	2.5e-07	13	59	235	284	0.657142857143
Reg_prop	24	CP065319.1_515	1427	6.2e-05	1	23	43	65	0.916666666667
Reg_prop	24	CP065319.1_515	1427	5.2e-05	1	23	371	393	0.916666666667
Reg_prop	24	CP065319.1_515	1427	2.4e-05	1	24	416	439	0.958333333333
Reg_prop	24	CP065319.1_515	1427	2e-07	1	24	609	632	0.958333333333
Y_Y_Y	66	CP065319.1_515	1427	1.6e-19	1	65	745	809	0.969696969697
HisKA	64	CP065319.1_515	1427	4.4e-11	4	64	911	973	0.9375
HATPase_c	111	CP065319.1_515	1427	3.7e-25	2	110	1020	1139	0.972972972973
Response_reg	112	CP065319.1_515	1427	3.6e-26	1	112	1175	1286	0.991071428571
HTH_18	81	CP065319.1_515	1427	3e-18	3	80	1343	1423	0.950617283951
NUDIX	131	CP065319.1_522	226	4.5e-11	7	116	16	130	0.832061068702
TPR_1	34	CP065319.1_532	121	4e-12	3	33	66	96	0.882352941176
Fer4	24	CP065319.1_533	76	2.5e-09	1	23	8	30	0.916666666667
Fer4	24	CP065319.1_533	76	1.2e-07	3	24	47	68	0.875
SBP_bac_3	225	CP065319.1_539	283	7.1e-32	1	224	51	280	0.991111111111
PIG-L	131	CP065319.1_564	664	9.5e-20	2	130	382	558	0.977099236641
Sigma70_r2	71	CP065319.1_577	170	9.7e-19	2	69	20	85	0.943661971831
Sigma70_r4_2	54	CP065319.1_577	170	6.9e-15	2	54	111	162	0.962962962963
CbiA	128	CP065319.1_610	254	2.9e-11	1	124	7	216	0.9609375
HTH_11	55	CP065319.1_615	377	3e-06	10	43	212	245	0.6
Response_reg	112	CP065319.1_618	441	2.3e-18	1	110	6	115	0.973214285714
AAA	132	CP065319.1_618	441	7.1e-08	1	111	157	275	0.833333333333
HTH_8	42	CP065319.1_618	441	7.4e-15	6	42	395	431	0.857142857143
HisKA	64	CP065319.1_619	583	2.7e-17	2	64	110	174	0.96875
HATPase_c	111	CP065319.1_619	583	1.1e-24	2	108	220	325	0.954954954955
Response_reg	112	CP065319.1_619	583	1.2e-20	1	109	350	460	0.964285714286
Pribosyltran	159	CP065319.1_64	313	1.6e-18	25	124	159	250	0.622641509434
Nitroreductase	170	CP065319.1_643	212	1.6e-24	2	170	42	209	0.988235294118
FUR	120	CP065319.1_645	143	3.4e-25	2	111	10	119	0.908333333333
Aminotran_1_2	363	CP065319.1_649	370	7.4e-57	36	360	67	361	0.892561983471
HATPase_c	111	CP065319.1_65	1439	4.9e-15	9	109	696	816	0.900900900901
HATPase_c	111	CP065319.1_65	1439	2.4e-07	1	109	1322	1437	0.972972972973
Response_reg	112	CP065319.1_66	243	5.8e-15	1	101	8	113	0.892857142857
FecR	96	CP065319.1_663	330	5.2e-20	2	96	121	216	0.979166666667
Sigma70_r2	71	CP065319.1_664	208	1.6e-16	1	67	35	99	0.929577464789
Sigma70_r4_2	54	CP065319.1_664	208	5.6e-18	2	48	132	178	0.851851851852
SBP_bac_3	225	CP065319.1_671	464	5.9e-22	18	224	60	269	0.915555555556
B12-binding_2	75	CP065319.1_672	916	2.4e-25	1	74	658	731	0.973333333333
B12-binding	121	CP065319.1_672	916	1.4e-22	2	97	748	843	0.785123966942
TPR_2	34	CP065319.1_68	245	0.0001	12	34	207	229	0.647058823529
NTP_transf_2	95	CP065319.1_680	100	1.2e-14	8	87	14	89	0.831578947368
Response_reg	112	CP065319.1_689	220	6.3e-08	2	112	5	117	0.982142857143
GerE	57	CP065319.1_689	220	9.2e-19	2	57	151	206	0.964912280702
CBS	57	CP065319.1_697	431	9.9e-10	3	52	212	264	0.859649122807
CBS	57	CP065319.1_697	431	4.7e-08	6	55	279	328	0.859649122807
AraC_binding	136	CP065319.1_708	294	4e-13	5	66	18	79	0.448529411765
HTH_18	81	CP065319.1_708	294	1.2e-22	1	80	212	290	0.975308641975
AAA	132	CP065319.1_725	258	2.1e-05	2	98	115	203	0.727272727273
cNMP_binding	88	CP065319.1_728	209	4.9e-10	2	87	42	130	0.965909090909
AAA	132	CP065319.1_741	258	2.1e-05	2	98	115	203	0.727272727273
AAA	132	CP065319.1_758	258	2.3e-05	2	97	115	202	0.719696969697
Fer4	24	CP065319.1_76	159	3.2e-05	10	23	79	92	0.541666666667
Fer4	24	CP065319.1_76	159	4.7e-07	2	20	105	123	0.75
AAA	132	CP065319.1_801	258	2.1e-05	2	98	115	203	0.727272727273
Peptidase_M23	96	CP065319.1_805	214	1.5e-24	2	96	99	191	0.979166666667
PfkB	302	CP065319.1_81	279	2.3e-11	161	283	105	238	0.403973509934
Peptidase_M23	96	CP065319.1_816	260	7.6e-11	2	96	29	114	0.979166666667
NUDIX	131	CP065319.1_82	244	1.9e-12	2	121	13	148	0.908396946565
Peptidase_M23	96	CP065319.1_820	504	3.1e-16	2	89	195	289	0.90625
PALP	294	CP065319.1_888	457	6.8e-51	5	294	80	417	0.982993197279
Reg_prop	24	CP065319.1_890	1354	2.4e-06	2	24	260	282	0.916666666667
Reg_prop	24	CP065319.1_890	1354	2.2e-05	2	23	307	328	0.875
Reg_prop	24	CP065319.1_890	1354	1.7e-07	1	24	353	376	0.958333333333
Reg_prop	24	CP065319.1_890	1354	2.6e-06	1	23	582	604	0.916666666667
Y_Y_Y	66	CP065319.1_890	1354	5.4e-20	1	65	717	780	0.969696969697
HisKA	64	CP065319.1_890	1354	8.3e-14	2	62	836	898	0.9375
HATPase_c	111	CP065319.1_890	1354	5.9e-29	2	110	947	1053	0.972972972973
Response_reg	112	CP065319.1_890	1354	4.7e-28	1	111	1105	1215	0.982142857143
HTH_18	81	CP065319.1_890	1354	8.3e-21	2	80	1272	1349	0.962962962963
Sigma70_r2	71	CP065319.1_906	180	5.4e-18	4	69	25	88	0.915492957746
Sigma70_r4_2	54	CP065319.1_906	180	2.5e-15	3	54	121	172	0.944444444444
HTH_11	55	CP065319.1_909	514	7.1e-08	2	47	454	498	0.818181818182
HTH_3	55	CP065319.1_911	79	2.6e-12	4	54	20	70	0.909090909091
ATPase_2	233	CP065319.1_941	346	1e-06	21	120	74	203	0.424892703863
HTH_1	60	CP065319.1_956	299	1.5e-19	3	60	5	62	0.95
LysR_substrate	209	CP065319.1_956	299	2.2e-37	5	204	90	291	0.952153110048
AAA	132	CP065319.1_959	863	5e-16	2	126	201	333	0.939393939394
AAA	132	CP065319.1_959	863	9.4e-10	2	111	600	718	0.825757575758
TrkA_C	70	CP065319.1_971	758	2.7e-11	4	68	595	661	0.914285714286
TrkA_C	70	CP065319.1_971	758	1.6e-14	3	65	682	746	0.885714285714
cNMP_binding	88	CP065319.1_980	213	5.9e-12	2	86	48	134	0.954545454545
NTP_transf_2	95	CP065319.1_984	106	2.8e-12	4	85	6	88	0.852631578947
